3.873349666595458984e+00
4.433815002441406250e+00
4.283949851989746094e+00
2.258432388305664062e+00
8.874762058258056641e-01
2.058870553970336914e+00
1.664186477661132812e+00
3.986702919006347656e+00
3.892969131469726562e+00
4.772502422332763672e+00
4.986281394958496094e+00
4.811975002288818359e+00
4.284682273864746094e+00
4.443686008453369141e+00
4.272804260253906250e+00
2.703155755996704102e+00
2.029948711395263672e+00
4.103995800018310547e+00
4.437702178955078125e+00
4.648539066314697266e+00
4.942118644714355469e+00
4.707449436187744141e+00
5.379763603210449219e+00
5.704489231109619141e+00
6.305752754211425781e+00
6.494415760040283203e+00
6.515384197235107422e+00
6.757605552673339844e+00
7.523042201995849609e+00
7.450220584869384766e+00
7.832908153533935547e+00
6.695800781250000000e+00
7.833892345428466797e+00
7.312067508697509766e+00
7.093756198883056641e+00
6.880140781402587891e+00
6.840487957000732422e+00
6.408156871795654297e+00
5.728881359100341797e+00
5.558451652526855469e+00
5.882327079772949219e+00
5.387826442718505859e+00
5.828956127166748047e+00
6.294468402862548828e+00
5.832959175109863281e+00
6.331551074981689453e+00
6.731410980224609375e+00
7.052773952484130859e+00
6.500913619995117188e+00
6.002068996429443359e+00
5.607437133789062500e+00
5.842822551727294922e+00
5.647075653076171875e+00
6.981719493865966797e+00
7.009210109710693359e+00
6.128610134124755859e+00
6.695115566253662109e+00
6.636453151702880859e+00
7.016471862792968750e+00
7.656396865844726562e+00
7.775939941406250000e+00
6.689500331878662109e+00
6.595642566680908203e+00
6.322377681732177734e+00
6.189534664154052734e+00
5.638501167297363281e+00
4.239027023315429688e+00
4.178543090820312500e+00
4.016098499298095703e+00
3.789014577865600586e+00
3.387134075164794922e+00
1.940713405609130859e+00
1.637647509574890137e+00
7.107452154159545898e-01
3.208857476711273193e-01
3.999248981475830078e+00
3.719804048538208008e+00
3.928471088409423828e+00
3.695298433303833008e+00
4.118156909942626953e+00
4.555422782897949219e+00
4.671937465667724609e+00
4.296632289886474609e+00
4.644348144531250000e+00
4.923962593078613281e+00
4.525028705596923828e+00
4.805994033813476562e+00
4.836016178131103516e+00
8.159235715866088867e-01
3.447090089321136475e-01
1.586896061897277832e+00
3.624616622924804688e+00
2.890007257461547852e+00
2.388693094253540039e+00
1.902404546737670898e+00
2.226977109909057617e+00
2.784771919250488281e+00
2.250816583633422852e+00
2.152879953384399414e+00
1.723978996276855469e+00
1.644332289695739746e+00
1.828301906585693359e+00
4.279332160949707031e+00
3.618546247482299805e+00
3.185804843902587891e+00
3.354074478149414062e+00
3.254291296005249023e+00
3.352045297622680664e+00
2.668739318847656250e+00
2.853876829147338867e+00
2.888068675994873047e+00
3.696954727172851562e+00
3.885521888732910156e+00
3.673846006393432617e+00
3.920241117477416992e+00
4.642056941986083984e+00
4.735333442687988281e+00
5.114743709564208984e+00
4.327923774719238281e+00
5.445274353027343750e+00
4.894424438476562500e+00
4.927702426910400391e+00
4.809295654296875000e+00
4.909651756286621094e+00
4.053960323333740234e+00
2.871065855026245117e+00
3.357362747192382812e+00
3.629030704498291016e+00
3.093601226806640625e+00
3.763189554214477539e+00
4.361587524414062500e+00
4.231312274932861328e+00
4.853058815002441406e+00
5.406559944152832031e+00
5.594442844390869141e+00
5.262380123138427734e+00
4.904697418212890625e+00
4.132078647613525391e+00
4.145162582397460938e+00
4.287295818328857422e+00
5.217937946319580078e+00
5.523122787475585938e+00
4.951017379760742188e+00
5.089445114135742188e+00
4.718323707580566406e+00
5.157815933227539062e+00
5.345830917358398438e+00
5.234080314636230469e+00
4.175821781158447266e+00
4.182076930999755859e+00
3.699634313583374023e+00
4.186093807220458984e+00
3.313242197036743164e+00
2.041526794433593750e+00
2.223690509796142578e+00
2.393493413925170898e+00
1.978981375694274902e+00
2.258707523345947266e+00
4.843499183654785156e+00
4.718484401702880859e+00
3.948595762252807617e+00
3.347901582717895508e+00
1.276596546173095703e+00
1.231193065643310547e+00
1.196102738380432129e+00
1.284241914749145508e+00
1.309968590736389160e+00
1.108527183532714844e+00
9.504505395889282227e-01
1.825191378593444824e+00
2.186214685440063477e+00
2.182556390762329102e+00
1.694937944412231445e+00
2.014385461807250977e+00
2.151462793350219727e+00
3.330473303794860840e-01
1.960199952125549316e+00
4.411494255065917969e+00
3.658824682235717773e+00
2.946993589401245117e+00
1.512540578842163086e+00
1.834041476249694824e+00
2.167003870010375977e+00
1.639071822166442871e+00
1.776289343833923340e+00
1.149841785430908203e+00
1.555732369422912598e+00
1.756496310234069824e+00
5.010968208312988281e+00
4.409957885742187500e+00
2.701178550720214844e+00
2.800801992416381836e+00
2.590568065643310547e+00
2.636837244033813477e+00
1.942221999168395996e+00
1.993227839469909668e+00
2.021404027938842773e+00
2.762071847915649414e+00
2.975916624069213867e+00
2.878258943557739258e+00
3.235169172286987305e+00
3.839951753616333008e+00
3.883764982223510742e+00
4.231273174285888672e+00
3.522672414779663086e+00
4.649021625518798828e+00
4.251600742340087891e+00
4.267681598663330078e+00
4.193227291107177734e+00
4.301743507385253906e+00
3.530988454818725586e+00
2.225769758224487305e+00
2.762904167175292969e+00
3.035323143005371094e+00
2.443965196609497070e+00
3.118694067001342773e+00
3.585261106491088867e+00
3.546246767044067383e+00
4.097056388854980469e+00
4.632024765014648438e+00
4.661695480346679688e+00
4.405272006988525391e+00
4.052647113800048828e+00
3.286246776580810547e+00
3.175925731658935547e+00
3.387574195861816406e+00
4.397904396057128906e+00
4.460377693176269531e+00
3.924651622772216797e+00
3.950704574584960938e+00
3.508601903915405273e+00
3.966643810272216797e+00
4.160209178924560547e+00
4.133648395538330078e+00
3.095742940902709961e+00
3.011337995529174805e+00
2.595588922500610352e+00
3.039934635162353516e+00
2.138705492019653320e+00
1.197848916053771973e+00
1.390908598899841309e+00
1.636174917221069336e+00
1.241447448730468750e+00
1.811040639877319336e+00
5.206103324890136719e+00
5.106076240539550781e+00
4.421463966369628906e+00
3.821615457534790039e+00
6.206883192062377930e-01
8.977139592170715332e-01
7.114531993865966797e-01
1.191123127937316895e+00
1.350500941276550293e+00
1.209314465522766113e+00
8.783743977546691895e-01
1.095836758613586426e+00
1.367279767990112305e+00
1.183638811111450195e+00
8.241673111915588379e-01
8.288019895553588867e-01
9.201409220695495605e-01
1.789885044097900391e+00
4.046449661254882812e+00
3.180721521377563477e+00
2.648790121078491211e+00
1.282345294952392578e+00
1.644106388092041016e+00
1.958220243453979492e+00
1.347906470298767090e+00
1.367073059082031250e+00
9.433996081352233887e-01
1.015101909637451172e+00
1.236848711967468262e+00
4.527113437652587891e+00
3.923289775848388672e+00
2.617595672607421875e+00
2.778495311737060547e+00
2.568216562271118164e+00
2.673172235488891602e+00
1.978023648262023926e+00
1.990487098693847656e+00
1.968891024589538574e+00
2.813500165939331055e+00
2.972405672073364258e+00
2.770705461502075195e+00
2.994483947753906250e+00
3.720282793045043945e+00
3.801872253417968750e+00
4.185689449310302734e+00
3.399085044860839844e+00
4.502824306488037109e+00
3.977737903594970703e+00
4.020935058593750000e+00
3.907621860504150391e+00
4.030699253082275391e+00
3.183012485504150391e+00
1.935983061790466309e+00
2.477325916290283203e+00
2.753428220748901367e+00
2.234880924224853516e+00
2.902289390563964844e+00
3.460944414138793945e+00
3.445470333099365234e+00
4.065569877624511719e+00
4.634048461914062500e+00
4.843142986297607422e+00
4.552376747131347656e+00
4.251491546630859375e+00
3.491689920425415039e+00
3.451734781265258789e+00
3.548205614089965820e+00
4.387398242950439453e+00
4.839709758758544922e+00
4.339805126190185547e+00
4.445513248443603516e+00
4.106654167175292969e+00
4.508859157562255859e+00
4.578911781311035156e+00
4.383799552917480469e+00
3.336061954498291016e+00
3.426913261413574219e+00
2.893316268920898438e+00
3.542952060699462891e+00
2.628618240356445312e+00
1.481329321861267090e+00
1.655632019042968750e+00
1.882188081741333008e+00
1.615615844726562500e+00
1.984238028526306152e+00
5.003953456878662109e+00
4.911792278289794922e+00
4.250174522399902344e+00
3.658988237380981445e+00
1.010786652565002441e+00
1.201739907264709473e+00
1.277191996574401855e+00
1.519955992698669434e+00
1.595156669616699219e+00
1.285731434822082520e+00
1.080882191658020020e+00
1.075845360755920410e+00
1.481705904006958008e+00
1.438614010810852051e+00
1.045760869979858398e+00
1.421067953109741211e+00
1.624242901802062988e+00
2.196969032287597656e+00
1.710269451141357422e+00
8.564420342445373535e-01
1.662006497383117676e+00
1.694986462593078613e+00
2.688250303268432617e+00
2.536674737930297852e+00
2.394891262054443359e+00
1.783582925796508789e+00
2.050409317016601562e+00
1.922494173049926758e+00
3.057831525802612305e+00
2.376128673553466797e+00
2.346575021743774414e+00
2.604178190231323242e+00
2.696309804916381836e+00
2.902320623397827148e+00
2.515553712844848633e+00
3.010128736495971680e+00
3.236349821090698242e+00
3.936323881149291992e+00
4.125823497772216797e+00
4.086311817169189453e+00
4.341682434082031250e+00
5.101942062377929688e+00
5.076390743255615234e+00
5.463602542877197266e+00
4.434808254241943359e+00
5.586582183837890625e+00
5.093968868255615234e+00
4.934627532958984375e+00
4.774823188781738281e+00
4.785825252532958984e+00
4.236217021942138672e+00
3.291628837585449219e+00
3.317100286483764648e+00
3.633896350860595703e+00
3.129652500152587891e+00
3.638347387313842773e+00
4.184583187103271484e+00
3.903603553771972656e+00
4.444396495819091797e+00
4.951722621917724609e+00
5.242614746093750000e+00
4.780317306518554688e+00
4.348137855529785156e+00
3.815673828125000000e+00
3.869637966156005859e+00
3.914253950119018555e+00
5.044158458709716797e+00
5.230560302734375000e+00
4.497390747070312500e+00
4.911228179931640625e+00
4.698121070861816406e+00
5.099475860595703125e+00
5.511853694915771484e+00
5.502623081207275391e+00
4.409707069396972656e+00
4.373268127441406250e+00
3.984842538833618164e+00
4.228361129760742188e+00
3.454897165298461914e+00
1.931083917617797852e+00
1.938917398452758789e+00
1.922023296356201172e+00
1.625841975212097168e+00
1.435083508491516113e+00
3.110353231430053711e+00
2.988472938537597656e+00
2.278488159179687500e+00
1.682796716690063477e+00
1.701849937438964844e+00
1.612181544303894043e+00
1.867118835449218750e+00
1.854917645454406738e+00
2.401295423507690430e+00
2.602676630020141602e+00
2.588070392608642578e+00
1.838674664497375488e+00
2.234117984771728516e+00
2.479674816131591797e+00
2.150068521499633789e+00
2.431398153305053711e+00
2.547663450241088867e+00
1.196693301200866699e+00
1.454775094985961914e+00
4.092903614044189453e+00
4.195874214172363281e+00
4.942422866821289062e+00
5.027833938598632812e+00
4.710062026977539062e+00
4.321547031402587891e+00
4.182385921478271484e+00
4.079813957214355469e+00
1.885439515113830566e+00
1.039241313934326172e+00
4.517414093017578125e+00
4.890870571136474609e+00
5.056274890899658203e+00
5.355121135711669922e+00
4.972882270812988281e+00
5.618974685668945312e+00
5.835711956024169922e+00
6.552036285400390625e+00
6.722968578338623047e+00
6.594130516052246094e+00
6.758752822875976562e+00
7.602152824401855469e+00
7.615889549255371094e+00
8.024736404418945312e+00
6.866828441619873047e+00
8.003934860229492188e+00
7.337692260742187500e+00
7.193214893341064453e+00
6.924119472503662109e+00
6.943336486816406250e+00
6.354109287261962891e+00
5.704270839691162109e+00
5.605923652648925781e+00
5.939516544342041016e+00
5.480538845062255859e+00
5.976587295532226562e+00
6.555016517639160156e+00
6.127857208251953125e+00
6.753848552703857422e+00
7.220175266265869141e+00
7.609483718872070312e+00
7.079298496246337891e+00
6.622693061828613281e+00
6.197601795196533203e+00
6.351975440979003906e+00
6.223037719726562500e+00
7.322437763214111328e+00
7.629597663879394531e+00
6.803949832916259766e+00
7.324713706970214844e+00
7.196967601776123047e+00
7.592248916625976562e+00
8.107387542724609375e+00
8.124264717102050781e+00
6.970084667205810547e+00
6.991933345794677734e+00
6.628418922424316406e+00
6.742989540100097656e+00
6.052786827087402344e+00
4.552438259124755859e+00
4.531699657440185547e+00
4.445797920227050781e+00
4.173858642578125000e+00
3.847423315048217773e+00
2.303942918777465820e+00
2.065152168273925781e+00
1.305911779403686523e+00
9.871856570243835449e-01
4.177798748016357422e+00
3.923583984375000000e+00
4.098523139953613281e+00
3.824149370193481445e+00
4.070600509643554688e+00
4.441150188446044922e+00
4.535325050354003906e+00
4.444954872131347656e+00
4.880760669708251953e+00
5.130729198455810547e+00
4.675984382629394531e+00
5.038228034973144531e+00
5.113485336303710938e+00
6.814079284667968750e-01
3.061342239379882812e+00
3.250121593475341797e+00
3.867023468017578125e+00
3.935049057006835938e+00
3.514050960540771484e+00
3.320374965667724609e+00
2.932601928710937500e+00
2.842642784118652344e+00
9.732903838157653809e-01
2.785677313804626465e-01
3.729219675064086914e+00
4.142427921295166016e+00
4.172366619110107422e+00
4.569767951965332031e+00
4.155007839202880859e+00
4.680409431457519531e+00
4.838616847991943359e+00
5.618035316467285156e+00
5.748193740844726562e+00
5.453472137451171875e+00
5.551298141479492188e+00
6.448670387268066406e+00
6.528817653656005859e+00
6.960096359252929688e+00
5.751801490783691406e+00
6.856235504150390625e+00
6.070664882659912109e+00
5.977137565612792969e+00
5.662003040313720703e+00
5.722165107727050781e+00
5.053467273712158203e+00
4.521146297454833984e+00
4.409913539886474609e+00
4.740967750549316406e+00
4.380169391632080078e+00
4.847295284271240234e+00
5.507638454437255859e+00
5.154126167297363281e+00
5.856532573699951172e+00
6.378646850585937500e+00
6.873244285583496094e+00
6.374178886413574219e+00
6.001287460327148438e+00
5.569047927856445312e+00
5.669338703155517578e+00
5.562956333160400391e+00
6.411853313446044922e+00
7.028470516204833984e+00
6.308031082153320312e+00
6.789821624755859375e+00
6.668588638305664062e+00
7.030739784240722656e+00
7.375462532043457031e+00
7.257474422454833984e+00
6.040879726409912109e+00
6.259477615356445312e+00
5.810358047485351562e+00
6.161928653717041016e+00
5.386368751525878906e+00
3.912269592285156250e+00
3.869014978408813477e+00
3.889251232147216797e+00
3.636373281478881836e+00
3.381837606430053711e+00
2.502766132354736328e+00
2.418108701705932617e+00
2.014982223510742188e+00
1.797412633895874023e+00
3.652712106704711914e+00
3.519856214523315430e+00
3.721399068832397461e+00
3.555032014846801758e+00
3.831085443496704102e+00
4.007507801055908203e+00
4.008209705352783203e+00
3.541711330413818359e+00
4.082700252532958984e+00
4.304491043090820312e+00
3.918056964874267578e+00
4.393942832946777344e+00
4.546180725097656250e+00
2.244759559631347656e+00
2.395484924316406250e+00
3.100312232971191406e+00
3.187575817108154297e+00
2.875876903533935547e+00
2.529108285903930664e+00
2.428610324859619141e+00
2.268992424011230469e+00
2.016790390014648438e+00
1.377548098564147949e+00
2.840166091918945312e+00
3.228672504425048828e+00
3.304635047912597656e+00
3.653441905975341797e+00
3.246414184570312500e+00
3.839115619659423828e+00
4.042432785034179688e+00
4.775823593139648438e+00
4.924003601074218750e+00
4.745951652526855469e+00
4.899824619293212891e+00
5.747924804687500000e+00
5.771646022796630859e+00
6.189357280731201172e+00
5.008461952209472656e+00
6.141115665435791016e+00
5.471902847290039062e+00
5.330928802490234375e+00
5.072112083435058594e+00
5.098087310791015625e+00
4.493462562561035156e+00
3.855183601379394531e+00
3.734383821487426758e+00
4.068049907684326172e+00
3.622425317764282227e+00
4.116934299468994141e+00
4.726581096649169922e+00
4.342838287353515625e+00
5.015084266662597656e+00
5.526331901550292969e+00
5.966165065765380859e+00
5.465901851654052734e+00
5.070191860198974609e+00
4.625094413757324219e+00
4.729223251342773438e+00
4.634257316589355469e+00
5.567580699920654297e+00
6.079912185668945312e+00
5.345820903778076172e+00
5.827600002288818359e+00
5.711860656738281250e+00
6.074542999267578125e+00
6.459581375122070312e+00
6.387738704681396484e+00
5.187960147857666016e+00
5.348288059234619141e+00
4.931227207183837891e+00
5.207821369171142578e+00
4.455593585968017578e+00
2.988673925399780273e+00
2.927425622940063477e+00
2.929377555847167969e+00
2.686219453811645508e+00
2.412635326385498047e+00
2.348546743392944336e+00
2.204030752182006836e+00
1.489205479621887207e+00
1.036494851112365723e+00
2.830093383789062500e+00
2.687160730361938477e+00
2.911844015121459961e+00
2.779358148574829102e+00
3.228154897689819336e+00
3.455341339111328125e+00
3.473142385482788086e+00
2.684300422668457031e+00
3.194696187973022461e+00
3.438337087631225586e+00
3.066238164901733398e+00
3.528536558151245117e+00
3.673259735107421875e+00
1.336594223976135254e-01
7.697795629501342773e-01
7.702797055244445801e-01
7.648045420646667480e-01
2.995347082614898682e-01
1.086744427680969238e+00
7.502467632293701172e-01
4.063866138458251953e+00
3.727249860763549805e+00
1.115733742713928223e+00
1.377115249633789062e+00
1.120929360389709473e+00
1.443734169006347656e+00
9.738295674324035645e-01
1.337234377861022949e+00
1.546763777732849121e+00
2.265646696090698242e+00
2.386395454406738281e+00
2.260488748550415039e+00
2.517454385757446289e+00
3.264348506927490234e+00
3.231343269348144531e+00
3.641494035720825195e+00
2.510160207748413086e+00
3.661081075668334961e+00
3.194510221481323242e+00
3.010754108428955078e+00
2.896085262298583984e+00
2.895477771759033203e+00
2.346572875976562500e+00
1.518422007560729980e+00
1.430620193481445312e+00
1.728869080543518066e+00
1.120322585105895996e+00
1.707319498062133789e+00
2.293237209320068359e+00
2.040253877639770508e+00
2.734294176101684570e+00
3.312103986740112305e+00
3.722911596298217773e+00
3.335083723068237305e+00
3.075789928436279297e+00
2.546181440353393555e+00
2.530109643936157227e+00
2.490945339202880859e+00
3.193304777145385742e+00
3.926960706710815430e+00
3.444653987884521484e+00
3.758674621582031250e+00
3.659639358520507812e+00
3.942964315414428711e+00
4.088325023651123047e+00
3.896705627441406250e+00
2.661406993865966797e+00
3.028253555297851562e+00
2.546020984649658203e+00
3.090563535690307617e+00
2.306525707244873047e+00
1.269436836242675781e+00
9.470807313919067383e-01
1.378746271133422852e+00
1.365284204483032227e+00
1.395822048187255859e+00
3.907176971435546875e+00
3.907956838607788086e+00
3.644177436828613281e+00
3.181901454925537109e+00
1.735519051551818848e+00
2.011000394821166992e+00
2.238785505294799805e+00
2.535917043685913086e+00
3.069876909255981445e+00
2.971786022186279297e+00
2.675865650177001953e+00
4.423741996288299561e-01
1.057126641273498535e+00
1.234801650047302246e+00
1.159923911094665527e+00
1.634232163429260254e+00
1.891232967376708984e+00
6.825804114341735840e-01
9.229943156242370605e-01
1.134199380874633789e+00
6.784038543701171875e-01
1.532414078712463379e+00
1.147675395011901855e+00
4.288556098937988281e+00
3.924685001373291016e+00
7.463031411170959473e-01
8.123293519020080566e-01
8.092969655990600586e-01
1.087448835372924805e+00
7.055410146713256836e-01
1.185766696929931641e+00
1.474188327789306641e+00
2.127075433731079102e+00
2.260666370391845703e+00
2.258426666259765625e+00
2.570480585098266602e+00
3.244340181350708008e+00
3.151845455169677734e+00
3.545294284820556641e+00
2.426071405410766602e+00
3.576981544494628906e+00
3.211294174194335938e+00
2.979470968246459961e+00
2.907711505889892578e+00
2.865967273712158203e+00
2.438482522964477539e+00
1.559767484664916992e+00
1.496133565902709961e+00
1.764640212059020996e+00
1.108507156372070312e+00
1.651568412780761719e+00
2.137205362319946289e+00
1.824766635894775391e+00
2.480242252349853516e+00
3.040566444396972656e+00
3.408710479736328125e+00
2.942375659942626953e+00
2.538389205932617188e+00
2.023525953292846680e+00
2.114351987838745117e+00
2.089940786361694336e+00
2.953320503234863281e+00
3.475032329559326172e+00
2.801372528076171875e+00
3.243441343307495117e+00
3.176844120025634766e+00
3.506649017333984375e+00
3.858968734741210938e+00
3.713798999786376953e+00
2.479750633239746094e+00
2.811678171157836914e+00
2.378655195236206055e+00
2.644115686416625977e+00
1.926730751991271973e+00
8.487946987152099609e-01
5.436649918556213379e-01
6.651648879051208496e-01
7.519005537033081055e-01
5.885119438171386719e-01
3.885617733001708984e+00
3.882072448730468750e+00
3.567621469497680664e+00
3.104152202606201172e+00
1.646159887313842773e+00
1.961464047431945801e+00
2.166937351226806641e+00
2.542283058166503906e+00
3.254479885101318359e+00
3.298782348632812500e+00
2.983928442001342773e+00
5.592608451843261719e-01
9.477042555809020996e-01
1.209193825721740723e+00
1.285372138023376465e+00
1.599492549896240234e+00
1.606857657432556152e+00
3.947578072547912598e-01
7.476484179496765137e-01
8.084056973457336426e-01
1.641788005828857422e+00
1.158925771713256836e+00
4.648478984832763672e+00
4.473021030426025391e+00
8.992838859558105469e-01
1.126259088516235352e+00
7.753069996833801270e-01
1.118807673454284668e+00
6.759552955627441406e-01
7.540614008903503418e-01
9.693017005920410156e-01
1.627912163734436035e+00
1.672530412673950195e+00
1.510025858879089355e+00
1.774328351020812988e+00
2.492439508438110352e+00
2.442144632339477539e+00
2.859481096267700195e+00
1.689218163490295410e+00
2.837512016296386719e+00
2.369747877120971680e+00
2.130060434341430664e+00
1.984653592109680176e+00
1.946180582046508789e+00
1.598045825958251953e+00
7.730651497840881348e-01
6.652452945709228516e-01
9.342280030250549316e-01
3.219181299209594727e-01
8.379746079444885254e-01
1.472849726676940918e+00
1.279670476913452148e+00
2.042890071868896484e+00
2.642768144607543945e+00
3.105996847152709961e+00
2.777539730072021484e+00
2.563896179199218750e+00
2.156649589538574219e+00
2.129573822021484375e+00
1.971963524818420410e+00
2.477409601211547852e+00
3.404714822769165039e+00
3.104330539703369141e+00
3.388601541519165039e+00
3.349527359008789062e+00
3.532029390335083008e+00
3.530958890914916992e+00
3.234095573425292969e+00
1.960983991622924805e+00
2.545542955398559570e+00
2.030423164367675781e+00
2.718579769134521484e+00
2.063325881958007812e+00
1.736639142036437988e+00
1.067576885223388672e+00
1.669615626335144043e+00
1.898659229278564453e+00
1.885408878326416016e+00
4.325934886932373047e+00
4.398757934570312500e+00
4.342256546020507812e+00
3.951354980468750000e+00
2.493383884429931641e+00
2.844044923782348633e+00
2.964778184890747070e+00
3.404629707336425781e+00
3.857154369354248047e+00
3.679619789123535156e+00
3.350093603134155273e+00
8.484540581703186035e-01
1.027565479278564453e+00
1.083990216255187988e+00
1.502230525016784668e+00
1.865402698516845703e+00
2.117773294448852539e+00
3.233315348625183105e-01
3.669878542423248291e-01
9.796345233917236328e-01
8.879480361938476562e-01
4.953820705413818359e+00
4.625383853912353516e+00
1.603385686874389648e+00
1.745599150657653809e+00
1.376971483230590820e+00
1.559260606765747070e+00
9.315007925033569336e-01
7.953988313674926758e-01
8.220819830894470215e-01
1.643685698509216309e+00
1.718048691749572754e+00
1.502594113349914551e+00
1.740088701248168945e+00
2.518327951431274414e+00
2.539524555206298828e+00
2.951100349426269531e+00
1.963827967643737793e+00
3.091486454010009766e+00
2.599439382553100586e+00
2.489378452301025391e+00
2.407108783721923828e+00
2.465347290039062500e+00
1.769011259078979492e+00
6.940533518791198730e-01
9.277814626693725586e-01
1.190665602684020996e+00
6.363511085510253906e-01
1.293971419334411621e+00
1.957201004028320312e+00
1.928241610527038574e+00
2.615650415420532227e+00
3.218883991241455078e+00
3.547588825225830078e+00
3.290187120437622070e+00
3.103807449340820312e+00
2.542338371276855469e+00
2.406426906585693359e+00
2.333272218704223633e+00
2.964054346084594727e+00
3.705893278121948242e+00
3.425891160964965820e+00
3.560820102691650391e+00
3.410140991210937500e+00
3.669196605682373047e+00
3.614257097244262695e+00
3.308212041854858398e+00
2.164257049560546875e+00
2.543529272079467773e+00
1.979349970817565918e+00
2.832304954528808594e+00
2.007530927658081055e+00
1.544004321098327637e+00
1.138235449790954590e+00
1.612520217895507812e+00
1.821240067481994629e+00
1.940758585929870605e+00
4.938835144042968750e+00
4.951195240020751953e+00
4.680156230926513672e+00
4.195713996887207031e+00
2.157070875167846680e+00
2.511148929595947266e+00
2.606766700744628906e+00
3.015440464019775391e+00
3.333308458328247070e+00
3.076950788497924805e+00
2.767725467681884766e+00
5.363045930862426758e-01
8.727572560310363770e-01
8.428989648818969727e-01
1.128106951713562012e+00
1.508481144905090332e+00
1.827083587646484375e+00
1.334946602582931519e-01
6.912490129470825195e-01
3.427842855453491211e-01
4.495731830596923828e+00
4.208778858184814453e+00
1.741778373718261719e+00
2.017264604568481445e+00
1.678505301475524902e+00
2.049101829528808594e+00
1.445728302001953125e+00
1.269787192344665527e+00
1.238057255744934082e+00
2.076183557510375977e+00
2.043478250503540039e+00
1.628640294075012207e+00
1.747702956199645996e+00
2.615294218063354492e+00
2.745837926864624023e+00
3.178985834121704102e+00
2.154469728469848633e+00
3.220399856567382812e+00
2.503234386444091797e+00
2.432748556137084961e+00
2.193624258041381836e+00
2.293732404708862305e+00
1.552286863327026367e+00
6.809372901916503906e-01
8.272473812103271484e-01
1.143080472946166992e+00
9.212911128997802734e-01
1.374930858612060547e+00
2.158967971801757812e+00
2.121685743331909180e+00
2.871821165084838867e+00
3.481152057647705078e+00
3.988178730010986328e+00
3.705667972564697266e+00
3.500342130661010742e+00
3.061961174011230469e+00
2.942574262619018555e+00
2.832325696945190430e+00
3.270981073379516602e+00
4.205073356628417969e+00
3.966636657714843750e+00
4.101943969726562500e+00
3.962209701538085938e+00
4.199956417083740234e+00
4.091007709503173828e+00
3.711962938308715820e+00
2.542956829071044922e+00
3.044620513916015625e+00
2.447246313095092773e+00
3.379750490188598633e+00
2.546461582183837891e+00
1.982317566871643066e+00
1.555213689804077148e+00
2.098587751388549805e+00
2.194284915924072266e+00
2.286696672439575195e+00
4.666390419006347656e+00
4.702441215515136719e+00
4.536151409149169922e+00
4.046148300170898438e+00
2.325607061386108398e+00
2.631196498870849609e+00
2.783637762069702148e+00
3.094910860061645508e+00
3.408994436264038086e+00
3.139953136444091797e+00
2.871256113052368164e+00
8.863254189491271973e-01
1.424566030502319336e+00
1.225101113319396973e+00
1.515777587890625000e+00
1.937374353408813477e+00
2.278859138488769531e+00
6.276144385337829590e-01
5.299311876296997070e-01
4.473481178283691406e+00
4.043166160583496094e+00
1.634929656982421875e+00
1.863821029663085938e+00
1.571529507637023926e+00
1.796329259872436523e+00
1.175737500190734863e+00
1.252792596817016602e+00
1.347431302070617676e+00
2.176600217819213867e+00
2.233323097229003906e+00
1.879466652870178223e+00
2.012015104293823242e+00
2.864173412322998047e+00
2.977934122085571289e+00
3.405298948287963867e+00
2.390744209289550781e+00
3.473488569259643555e+00
2.869080781936645508e+00
2.828641653060913086e+00
2.688301324844360352e+00
2.793721675872802734e+00
1.953825712203979492e+00
9.410739541053771973e-01
1.251952648162841797e+00
1.520001292228698730e+00
1.109322071075439453e+00
1.722207307815551758e+00
2.417386770248413086e+00
2.328466176986694336e+00
3.028361797332763672e+00
3.626333236694335938e+00
3.994441270828247070e+00
3.670392274856567383e+00
3.430733919143676758e+00
2.817083120346069336e+00
2.710003137588500977e+00
2.727432489395141602e+00
3.412513732910156250e+00
4.109106540679931641e+00
3.657689809799194336e+00
3.833818912506103516e+00
3.609798669815063477e+00
3.948078632354736328e+00
4.028699874877929688e+00
3.824132680892944336e+00
2.682106018066406250e+00
2.899225711822509766e+00
2.366950750350952148e+00
3.102010726928710938e+00
2.164650201797485352e+00
1.194642424583435059e+00
1.020869255065917969e+00
1.373780488967895508e+00
1.416348338127136230e+00
1.528057217597961426e+00
4.514309406280517578e+00
4.475306034088134766e+00
4.051971435546875000e+00
3.523212194442749023e+00
1.549125313758850098e+00
1.876955866813659668e+00
2.024532079696655273e+00
2.396702766418457031e+00
2.817293882369995117e+00
2.652749538421630859e+00
2.337122201919555664e+00
3.156709969043731689e-01
8.621693849563598633e-01
9.297423362731933594e-01
7.855828404426574707e-01
1.272481203079223633e+00
1.582441210746765137e+00
1.335926949977874756e-01
4.005145072937011719e+00
3.633485317230224609e+00
2.493354558944702148e+00
2.805481433868408203e+00
2.510157346725463867e+00
2.793050527572631836e+00
2.197251319885253906e+00
1.996843099594116211e+00
1.826428174972534180e+00
2.713755607604980469e+00
2.673206090927124023e+00
2.190745353698730469e+00
2.229052066802978516e+00
3.102458000183105469e+00
3.304288625717163086e+00
3.745519399642944336e+00
2.888292789459228516e+00
3.865309476852416992e+00
3.095491409301757812e+00
3.242859363555908203e+00
3.039018154144287109e+00
3.226323366165161133e+00
2.265439033508300781e+00
1.287657141685485840e+00
1.781296372413635254e+00
2.034446716308593750e+00
1.880441308021545410e+00
2.342154264450073242e+00
3.063338756561279297e+00
3.174610376358032227e+00
3.833801031112670898e+00
4.439098834991455078e+00
4.802357673645019531e+00
4.572453975677490234e+00
4.393414020538330078e+00
3.826640605926513672e+00
3.678685665130615234e+00
3.617143154144287109e+00
4.181920528411865234e+00
4.957117080688476562e+00
4.691737174987792969e+00
4.775771617889404297e+00
4.548603534698486328e+00
4.849023818969726562e+00
4.697228908538818359e+00
4.304797172546386719e+00
3.253748178482055664e+00
3.617655992507934570e+00
3.013001441955566406e+00
4.024806499481201172e+00
3.049867153167724609e+00
2.219844341278076172e+00
2.074977874755859375e+00
2.439064264297485352e+00
2.397080421447753906e+00
2.528585910797119141e+00
4.644116878509521484e+00
4.610285282135009766e+00
4.226997852325439453e+00
3.731323957443237305e+00
2.196824789047241211e+00
2.420086860656738281e+00
2.568574190139770508e+00
2.768291473388671875e+00
2.967799186706542969e+00
2.618130207061767578e+00
2.353109359741210938e+00
1.332954406738281250e+00
1.934902071952819824e+00
1.804169774055480957e+00
1.728595852851867676e+00
2.171451568603515625e+00
2.503953933715820312e+00
3.891396999359130859e+00
3.538778543472290039e+00
1.976513028144836426e+00
2.308113813400268555e+00
1.984781384468078613e+00
2.337292194366455078e+00
1.810118556022644043e+00
1.807001590728759766e+00
1.831016898155212402e+00
2.654014587402343750e+00
2.594118356704711914e+00
2.069975376129150391e+00
2.121405124664306641e+00
3.049792289733886719e+00
3.227470397949218750e+00
3.670723915100097656e+00
2.565088748931884766e+00
3.597562551498413086e+00
2.811510801315307617e+00
2.817533969879150391e+00
2.544092655181884766e+00
2.694199085235595703e+00
1.810023069381713867e+00
1.132264375686645508e+00
1.271071910858154297e+00
1.545717358589172363e+00
1.369338750839233398e+00
1.835725069046020508e+00
2.618457078933715820e+00
2.584796667098999023e+00
3.335451841354370117e+00
3.944190263748168945e+00
4.416593074798583984e+00
4.108495712280273438e+00
3.893437385559082031e+00
3.421996831893920898e+00
3.352749109268188477e+00
3.253305912017822266e+00
3.727044582366943359e+00
4.673280239105224609e+00
4.337574481964111328e+00
4.566980838775634766e+00
4.436405181884765625e+00
4.705847263336181641e+00
4.669464588165283203e+00
4.279835700988769531e+00
3.088677406311035156e+00
3.612499952316284180e+00
3.036741733551025391e+00
3.856729269027709961e+00
3.035468101501464844e+00
2.155548334121704102e+00
1.810676693916320801e+00
2.285296440124511719e+00
2.282902479171752930e+00
2.342096328735351562e+00
4.386334419250488281e+00
4.358710289001464844e+00
4.016982078552246094e+00
3.533031702041625977e+00
2.275273323059082031e+00
2.491696596145629883e+00
2.681574106216430664e+00
2.880125761032104492e+00
3.198063611984252930e+00
2.914551019668579102e+00
2.684379816055297852e+00
1.200480103492736816e+00
1.785390615463256836e+00
1.716778516769409180e+00
1.797604918479919434e+00
2.277427434921264648e+00
2.595907688140869141e+00
1.330523341894149780e-01
4.522234916687011719e+00
5.016006946563720703e+00
5.019054889678955078e+00
5.523025512695312500e+00
5.221965312957763672e+00
5.735620498657226562e+00
5.926285743713378906e+00
6.667371749877929688e+00
6.754040241241455078e+00
6.380589485168457031e+00
6.446413040161132812e+00
7.361023902893066406e+00
7.451427459716796875e+00
7.892445564270019531e+00
6.579672813415527344e+00
7.623435497283935547e+00
6.744472503662109375e+00
6.644823074340820312e+00
6.266697883605957031e+00
6.315493106842041016e+00
5.699269771575927734e+00
5.491056919097900391e+00
5.205297946929931641e+00
5.541388034820556641e+00
5.250376701354980469e+00
5.628383159637451172e+00
6.284037113189697266e+00
5.902512550354003906e+00
6.575980663299560547e+00
7.082309722900390625e+00
7.688199996948242188e+00
7.144256114959716797e+00
6.816758155822753906e+00
6.501659393310546875e+00
6.654544353485107422e+00
6.414975166320800781e+00
7.180851459503173828e+00
7.954743385314941406e+00
7.240202903747558594e+00
7.784251213073730469e+00
7.776675701141357422e+00
8.092776298522949219e+00
8.437246322631835938e+00
8.288683891296386719e+00
7.019284725189208984e+00
7.373578548431396484e+00
6.931826591491699219e+00
7.244626998901367188e+00
6.524885654449462891e+00
5.131555557250976562e+00
5.028442859649658203e+00
5.044164180755615234e+00
4.839346408843994141e+00
4.528865814208984375e+00
2.223189830780029297e+00
2.305423736572265625e+00
2.361171722412109375e+00
2.368734598159790039e+00
5.010323524475097656e+00
4.900002002716064453e+00
5.115839481353759766e+00
4.962576866149902344e+00
5.245913982391357422e+00
5.421416282653808594e+00
5.415082454681396484e+00
4.692242622375488281e+00
5.260288715362548828e+00
5.490843296051025391e+00
5.181779861450195312e+00
5.683637142181396484e+00
5.849032878875732422e+00
4.293492317199707031e+00
4.728083133697509766e+00
4.768733501434326172e+00
5.200075626373291016e+00
4.831567287445068359e+00
5.382695198059082031e+00
5.550518989562988281e+00
6.314351081848144531e+00
6.437538623809814453e+00
6.124762058258056641e+00
6.213416099548339844e+00
7.118379116058349609e+00
7.198252201080322266e+00
7.632841110229492188e+00
6.383982181549072266e+00
7.472877979278564453e+00
6.654350280761718750e+00
6.554930686950683594e+00
6.215074062347412109e+00
6.267997741699218750e+00
5.621215343475341797e+00
5.203186035156250000e+00
5.034580230712890625e+00
5.362547397613525391e+00
5.019871234893798828e+00
5.462298393249511719e+00
6.110202312469482422e+00
5.732595443725585938e+00
6.425481319427490234e+00
6.928272724151611328e+00
7.457637786865234375e+00
6.939300060272216797e+00
6.566294193267822266e+00
6.177197933197021484e+00
6.305841445922851562e+00
6.140081882476806641e+00
6.999342441558837891e+00
7.636156082153320312e+00
6.895802974700927734e+00
7.412446022033691406e+00
7.333468914031982422e+00
7.685433864593505859e+00
8.057961463928222656e+00
7.946405887603759766e+00
6.712563991546630859e+00
6.956369400024414062e+00
6.519253253936767578e+00
6.823264598846435547e+00
6.077449321746826172e+00
4.616083145141601562e+00
4.553935050964355469e+00
4.554837226867675781e+00
4.313698768615722656e+00
4.020487308502197266e+00
2.239608287811279297e+00
2.229821920394897461e+00
1.949053406715393066e+00
1.767958402633666992e+00
4.377301692962646484e+00
4.221972942352294922e+00
4.415761947631835938e+00
4.209135532379150391e+00
4.455501556396484375e+00
4.695997238159179688e+00
4.714932918548583984e+00
4.254879474639892578e+00
4.797007083892822266e+00
5.027378082275390625e+00
4.653751373291015625e+00
5.125329494476318359e+00
5.270975589752197266e+00
3.124249577522277832e-01
3.159989714622497559e-01
7.709844708442687988e-01
8.979446291923522949e-01
1.468270778656005859e+00
1.861244082450866699e+00
2.284421443939208984e+00
2.377961635589599609e+00
2.572154045104980469e+00
2.912759065628051758e+00
3.447627782821655273e+00
3.211365938186645508e+00
3.597890377044677734e+00
2.291872262954711914e+00
3.360076665878295898e+00
3.103538036346435547e+00
2.723013401031494141e+00
2.665949344635009766e+00
2.484114646911621094e+00
2.560891866683959961e+00
1.866590619087219238e+00
1.700676202774047852e+00
1.922911047935485840e+00
1.455445408821105957e+00
1.568784475326538086e+00
1.752592444419860840e+00
1.169337272644042969e+00
1.737037181854248047e+00
2.189229726791381836e+00
2.741868972778320312e+00
2.203565359115600586e+00
1.886093139648437500e+00
1.737538218498229980e+00
1.887083888053894043e+00
1.565486431121826172e+00
2.341506004333496094e+00
3.124116182327270508e+00
2.592464685440063477e+00
3.078361034393310547e+00
3.173826694488525391e+00
3.407292842864990234e+00
3.721866369247436523e+00
3.657135725021362305e+00
2.438035011291503906e+00
2.813342809677124023e+00
2.480951309204101562e+00
2.619898080825805664e+00
2.117437839508056641e+00
1.689967036247253418e+00
1.151503324508666992e+00
1.396749854087829590e+00
1.619935989379882812e+00
1.407623410224914551e+00
3.663619995117187500e+00
3.731331825256347656e+00
3.657785177230834961e+00
3.298146009445190430e+00
2.564199209213256836e+00
2.789561748504638672e+00
3.085237026214599609e+00
3.462209939956665039e+00
4.161876201629638672e+00
4.180428981781005859e+00
3.849320650100708008e+00
1.413251996040344238e+00
1.444860935211181641e+00
1.760384202003479004e+00
1.974693894386291504e+00
2.285315990447998047e+00
2.257471323013305664e+00
1.334788650274276733e-01
5.199755430221557617e-01
7.207859158515930176e-01
1.327956199645996094e+00
1.740327000617980957e+00
2.043504476547241211e+00
2.121563434600830078e+00
2.469940185546875000e+00
2.848473787307739258e+00
3.250581741333007812e+00
2.996455907821655273e+00
3.334385395050048828e+00
2.228558778762817383e+00
3.271095514297485352e+00
3.193051099777221680e+00
2.811006307601928711e+00
2.851232051849365234e+00
2.669889211654663086e+00
2.711983203887939453e+00
1.868065595626831055e+00
1.788038730621337891e+00
1.970726847648620605e+00
1.474744558334350586e+00
1.634413361549377441e+00
1.632013797760009766e+00
1.130754947662353516e+00
1.575240135192871094e+00
2.044644117355346680e+00
2.460968017578125000e+00
1.974462151527404785e+00
1.675797581672668457e+00
1.342745423316955566e+00
1.514348864555358887e+00
1.236477017402648926e+00
2.125943422317504883e+00
2.749363899230957031e+00
2.228046178817749023e+00
2.693632125854492188e+00
2.823793411254882812e+00
3.044326543807983398e+00
3.357586860656738281e+00
3.306378364562988281e+00
2.132258653640747070e+00
2.524908542633056641e+00
2.189514875411987305e+00
2.285001277923583984e+00
1.903630256652832031e+00
1.659397840499877930e+00
1.112390279769897461e+00
1.191639184951782227e+00
1.538326859474182129e+00
1.370782256126403809e+00
4.077674865722656250e+00
4.141160011291503906e+00
4.024651527404785156e+00
3.646082401275634766e+00
2.565862417221069336e+00
2.764279603958129883e+00
3.092063903808593750e+00
3.513634204864501953e+00
4.226778030395507812e+00
4.268658638000488281e+00
3.925283193588256836e+00
1.559998273849487305e+00
1.402894020080566406e+00
1.770681977272033691e+00
1.988267421722412109e+00
2.271881341934204102e+00
2.169129371643066406e+00
3.176626861095428467e-01
3.007536530494689941e-01
9.058142900466918945e-01
1.339840054512023926e+00
1.686998963356018066e+00
1.797682046890258789e+00
2.080006837844848633e+00
2.463982343673706055e+00
2.920704364776611328e+00
2.703333377838134766e+00
3.045967817306518555e+00
1.902333498001098633e+00
2.979019880294799805e+00
2.807499408721923828e+00
2.448130607604980469e+00
2.463999748229980469e+00
2.307622909545898438e+00
2.289033174514770508e+00
1.458326578140258789e+00
1.364900469779968262e+00
1.563740491867065430e+00
1.079458594322204590e+00
1.230915784835815430e+00
1.387332439422607422e+00
9.017567038536071777e-01
1.517781853675842285e+00
2.065989017486572266e+00
2.534880876541137695e+00
2.124309539794921875e+00
1.852778911590576172e+00
1.392839789390563965e+00
1.433601021766662598e+00
1.327354431152343750e+00
2.051979064941406250e+00
2.773674249649047852e+00
2.315989255905151367e+00
2.688710927963256836e+00
2.726387023925781250e+00
2.947634458541870117e+00
3.166998624801635742e+00
3.073817729949951172e+00
1.849789977073669434e+00
2.247880697250366211e+00
1.916540265083312988e+00
2.133825778961181641e+00
1.630136132240295410e+00
1.530878424644470215e+00
8.972679972648620605e-01
1.161515235900878906e+00
1.517576813697814941e+00
1.478443026542663574e+00
4.272525310516357422e+00
4.348680973052978516e+00
4.241254329681396484e+00
3.849942445755004883e+00
2.503772974014282227e+00
2.755287647247314453e+00
3.012287616729736328e+00
3.493968486785888672e+00
4.129390239715576172e+00
4.107240200042724609e+00
3.746760368347167969e+00
1.271190762519836426e+00
1.013625860214233398e+00
1.408404707908630371e+00
1.655630469322204590e+00
1.967738866806030273e+00
1.933265209197998047e+00
3.247784674167633057e-01
6.932106018066406250e-01
1.080497741699218750e+00
1.298023343086242676e+00
1.469245076179504395e+00
1.957033276557922363e+00
2.425592422485351562e+00
2.674316406250000000e+00
2.423009157180786133e+00
2.722197771072387695e+00
1.795328736305236816e+00
2.852920770645141602e+00
2.946999549865722656e+00
2.596153259277343750e+00
2.743317842483520508e+00
2.587438344955444336e+00
2.571284294128417969e+00
1.622718095779418945e+00
1.672743558883666992e+00
1.762301206588745117e+00
1.278638958930969238e+00
1.489669322967529297e+00
1.311484098434448242e+00
1.101692318916320801e+00
1.433210968971252441e+00
1.916509866714477539e+00
2.134124040603637695e+00
1.708685517311096191e+00
1.402678966522216797e+00
8.880475163459777832e-01
9.768856763839721680e-01
8.783264756202697754e-01
1.816557049751281738e+00
2.306166172027587891e+00
1.820007801055908203e+00
2.202944517135620117e+00
2.276509046554565430e+00
2.477380752563476562e+00
2.683972120285034180e+00
2.618033170700073242e+00
1.449830532073974609e+00
1.797219991683959961e+00
1.462893128395080566e+00
1.676751971244812012e+00
1.280149579048156738e+00
1.472494482994079590e+00
8.537135720252990723e-01
9.667482376098632812e-01
1.452875971794128418e+00
1.492585659027099609e+00
4.713436603546142578e+00
4.764380455017089844e+00
4.578295707702636719e+00
4.157032966613769531e+00
2.472626447677612305e+00
2.706045150756835938e+00
2.974620342254638672e+00
3.498444795608520508e+00
4.128596305847167969e+00
4.125106811523437500e+00
3.755475997924804688e+00
1.389211773872375488e+00
9.475609660148620605e-01
1.358612298965454102e+00
1.635673999786376953e+00
1.911414384841918945e+00
1.789973497390747070e+00
2.888048291206359863e-01
7.548064589500427246e-01
1.078416347503662109e+00
1.218510270118713379e+00
1.562702059745788574e+00
2.035449028015136719e+00
2.388614892959594727e+00
2.194298744201660156e+00
2.534651041030883789e+00
1.576026558876037598e+00
2.714545965194702148e+00
2.706998825073242188e+00
2.421566486358642578e+00
2.529274225234985352e+00
2.428497552871704102e+00
2.256564617156982422e+00
1.254259109497070312e+00
1.354889273643493652e+00
1.496501445770263672e+00
8.567600250244140625e-01
1.230262279510498047e+00
1.310864210128784180e+00
1.063142299652099609e+00
1.558363556861877441e+00
2.102946043014526367e+00
2.422193050384521484e+00
2.069573879241943359e+00
1.868363976478576660e+00
1.352113842964172363e+00
1.282838702201843262e+00
1.192433118820190430e+00
1.972440004348754883e+00
2.613721847534179688e+00
2.295340538024902344e+00
2.520517110824584961e+00
2.493358850479125977e+00
2.682056665420532227e+00
2.753374099731445312e+00
2.581436157226562500e+00
1.354265451431274414e+00
1.777643561363220215e+00
1.365828275680541992e+00
1.861742496490478516e+00
1.162566661834716797e+00
9.008788466453552246e-01
2.873700857162475586e-01
7.448385357856750488e-01
1.006005525588989258e+00
1.119784116744995117e+00
4.679610252380371094e+00
4.686963081359863281e+00
4.365688800811767578e+00
3.883310794830322266e+00
1.880035161972045898e+00
2.229574203491210938e+00
2.369485378265380859e+00
2.885109424591064453e+00
3.474162340164184570e+00
3.443825483322143555e+00
3.079006433486938477e+00
7.370898723602294922e-01
3.584443926811218262e-01
7.403073310852050781e-01
9.723317623138427734e-01
1.266663670539855957e+00
1.247520446777343750e+00
2.789776027202606201e-01
5.019555091857910156e-01
6.954101324081420898e-01
1.191030502319335938e+00
1.659814476966857910e+00
1.918618679046630859e+00
1.763341903686523438e+00
2.078917503356933594e+00
1.334647774696350098e+00
2.458968877792358398e+00
2.520879030227661133e+00
2.279609203338623047e+00
2.372294425964355469e+00
2.360167026519775391e+00
2.133286237716674805e+00
9.981666207313537598e-01
1.174608826637268066e+00
1.326748132705688477e+00
8.217857480049133301e-01
1.214799880981445312e+00
1.221593022346496582e+00
1.257319808006286621e+00
1.702247977256774902e+00
2.238008975982666016e+00
2.440927505493164062e+00
2.229969978332519531e+00
2.053689956665039062e+00
1.526387929916381836e+00
1.339395642280578613e+00
1.234922647476196289e+00
1.941921710968017578e+00
2.509567260742187500e+00
2.377899408340454102e+00
2.389409780502319336e+00
2.315234184265136719e+00
2.471879243850708008e+00
2.377971887588500977e+00
2.119098186492919922e+00
9.709686636924743652e-01
1.360207080841064453e+00
8.324435949325561523e-01
1.692168235778808594e+00
1.142979741096496582e+00
1.379981279373168945e+00
8.377093672752380371e-01
1.353852987289428711e+00
1.629206776618957520e+00
1.847514986991882324e+00
5.342027664184570312e+00
5.365322113037109375e+00
5.080370426177978516e+00
4.595717430114746094e+00
2.254894733428955078e+00
2.601007223129272461e+00
2.643726587295532227e+00
3.223667144775390625e+00
3.622324228286743164e+00
3.459972381591796875e+00
3.089159488677978516e+00
7.846845984458923340e-01
3.577399253845214844e-01
4.872674047946929932e-01
9.901878237724304199e-01
1.262747287750244141e+00
1.459048628807067871e+00
3.297837078571319580e-01
3.840605318546295166e-01
7.649894952774047852e-01
1.295729517936706543e+00
1.454281449317932129e+00
1.352640986442565918e+00
1.688751816749572754e+00
9.948450922966003418e-01
2.125611305236816406e+00
2.180372476577758789e+00
2.038023948669433594e+00
2.116731882095336914e+00
2.189139127731323242e+00
1.803664922714233398e+00
8.262559175491333008e-01
1.076269268989562988e+00
1.168317794799804688e+00
8.227247595787048340e-01
1.156776666641235352e+00
1.065842032432556152e+00
1.293985605239868164e+00
1.735276937484741211e+00
2.240010261535644531e+00
2.386062622070312500e+00
2.248626470565795898e+00
2.163779497146606445e+00
1.723334670066833496e+00
1.456655621528625488e+00
1.307276368141174316e+00
1.781017661094665527e+00
2.510392427444458008e+00
2.537761926651000977e+00
2.484373569488525391e+00
2.453616619110107422e+00
2.528486967086791992e+00
2.351475715637207031e+00
1.946982979774475098e+00
7.744368314743041992e-01
1.410215854644775391e+00
7.633761167526245117e-01
1.836569309234619141e+00
1.381595373153686523e+00
1.636344790458679199e+00
1.258516550064086914e+00
1.669056177139282227e+00
1.929982185363769531e+00
2.184014081954956055e+00
5.675706863403320312e+00
5.693163394927978516e+00
5.387345790863037109e+00
4.887691974639892578e+00
2.416306972503662109e+00
2.815728187561035156e+00
2.781936883926391602e+00
3.356533050537109375e+00
3.655526399612426758e+00
3.420869112014770508e+00
3.064478874206542969e+00
9.872429966926574707e-01
6.466243863105773926e-01
6.092482805252075195e-01
1.161262154579162598e+00
1.327623724937438965e+00
1.651861429214477539e+00
1.332142502069473267e-01
1.012421369552612305e+00
1.444192290306091309e+00
1.231985211372375488e+00
1.066842675209045410e+00
1.296803474426269531e+00
1.031029105186462402e+00
1.927992939949035645e+00
2.224555492401123047e+00
2.172855377197265625e+00
2.309645175933837891e+00
2.399049282073974609e+00
2.310363531112670898e+00
1.527929902076721191e+00
1.748572945594787598e+00
1.665756464004516602e+00
1.447422146797180176e+00
1.641785383224487305e+00
1.233477354049682617e+00
1.550999522209167480e+00
1.813742399215698242e+00
2.172691822052001953e+00
2.054414749145507812e+00
1.999319553375244141e+00
1.934690833091735840e+00
1.504530310630798340e+00
1.106115579605102539e+00
1.100891947746276855e+00
1.565460205078125000e+00
1.991652011871337891e+00
2.058699607849121094e+00
1.893674254417419434e+00
1.820745348930358887e+00
1.879232764244079590e+00
1.679921627044677734e+00
1.418694972991943359e+00
3.377791345119476318e-01
7.769569754600524902e-01
2.693716585636138916e-01
1.276267409324645996e+00
1.061288952827453613e+00
2.067661762237548828e+00
1.727775096893310547e+00
1.895741224288940430e+00
2.377856969833374023e+00
2.521700620651245117e+00
6.252811431884765625e+00
6.288006782531738281e+00
6.015588283538818359e+00
5.529284000396728516e+00
2.960222482681274414e+00
3.272432088851928711e+00
3.330594062805175781e+00
3.975564956665039062e+00
4.299758434295654297e+00
4.097383499145507812e+00
3.735971689224243164e+00
1.723313331604003906e+00
1.093828320503234863e+00
1.236124038696289062e+00
1.725616455078125000e+00
1.729224085807800293e+00
1.891721606254577637e+00
6.144643425941467285e-01
1.017454028129577637e+00
9.659700989723205566e-01
7.693918347358703613e-01
1.068767189979553223e+00
5.771389007568359375e-01
1.439843535423278809e+00
1.797214984893798828e+00
1.697357296943664551e+00
1.889598608016967773e+00
1.952689528465270996e+00
1.948403239250183105e+00
1.347200393676757812e+00
1.559522390365600586e+00
1.362754464149475098e+00
1.237205028533935547e+00
1.372421383857727051e+00
8.035824894905090332e-01
1.296020627021789551e+00
1.604944944381713867e+00
1.966273903846740723e+00
1.990425109863281250e+00
1.952126264572143555e+00
2.069273710250854492e+00
1.858498573303222656e+00
1.445013999938964844e+00
1.312008738517761230e+00
1.185220122337341309e+00
2.145959615707397461e+00
2.463880538940429688e+00
2.301198244094848633e+00
2.269768714904785156e+00
2.229975700378417969e+00
1.854689955711364746e+00
1.365168809890747070e+00
2.341486513614654541e-01
1.209717869758605957e+00
6.307275295257568359e-01
1.831267356872558594e+00
1.514880299568176270e+00
2.329690694808959961e+00
1.933007240295410156e+00
2.220762252807617188e+00
2.625428438186645508e+00
2.823593378067016602e+00
6.367477893829345703e+00
6.420117855072021484e+00
6.185510158538818359e+00
5.708947658538818359e+00
3.218507289886474609e+00
3.554008722305297852e+00
3.585482358932495117e+00
4.220722198486328125e+00
4.531530380249023438e+00
4.306262493133544922e+00
3.951086282730102539e+00
1.896242380142211914e+00
1.322609186172485352e+00
1.458490848541259766e+00
1.965151429176330566e+00
1.984501719474792480e+00
2.213004112243652344e+00
3.387229144573211670e-01
7.813063859939575195e-01
9.048377871513366699e-01
1.346610307693481445e+00
7.557376623153686523e-01
1.614657640457153320e+00
1.229511976242065430e+00
1.335878610610961914e+00
1.303115129470825195e+00
1.524905681610107422e+00
1.160819768905639648e+00
8.127384781837463379e-01
1.004885911941528320e+00
8.537982702255249023e-01
9.022366404533386230e-01
1.118719696998596191e+00
1.049767255783081055e+00
1.742247462272644043e+00
2.272258043289184570e+00
2.787903785705566406e+00
3.059219360351562500e+00
2.953966856002807617e+00
2.996120214462280273e+00
2.665456295013427734e+00
2.369216918945312500e+00
2.185661315917968750e+00
2.207355260848999023e+00
3.278501987457275391e+00
3.466394901275634766e+00
3.341753005981445312e+00
3.218383073806762695e+00
3.270873308181762695e+00
2.791526317596435547e+00
2.200444459915161133e+00
1.259119868278503418e+00
1.975316405296325684e+00
1.305579066276550293e+00
2.713596820831298828e+00
2.154021739959716797e+00
2.649860620498657227e+00
2.168485879898071289e+00
2.712741136550903320e+00
2.975467920303344727e+00
3.194417715072631836e+00
6.328547477722167969e+00
6.389040470123291016e+00
6.192991256713867188e+00
5.719199180603027344e+00
3.392529964447021484e+00
3.787732839584350586e+00
3.699225902557373047e+00
4.277485847473144531e+00
4.414558410644531250e+00
4.050899028778076172e+00
3.749020576477050781e+00
1.895359635353088379e+00
1.649343609809875488e+00
1.618201613426208496e+00
2.178949594497680664e+00
2.159113645553588867e+00
2.592754840850830078e+00
6.867814064025878906e-01
9.399159550666809082e-01
1.451410412788391113e+00
8.748924732208251953e-01
1.499411821365356445e+00
8.955889940261840820e-01
1.265652537345886230e+00
1.208503603935241699e+00
1.472287535667419434e+00
1.071025848388671875e+00
9.152574539184570312e-01
1.149289131164550781e+00
9.600211977958679199e-01
1.170289397239685059e+00
1.374144673347473145e+00
1.320166707038879395e+00
2.075521707534790039e+00
2.569489240646362305e+00
3.022598743438720703e+00
3.330663681030273438e+00
3.250985145568847656e+00
3.374516725540161133e+00
3.130789279937744141e+00
2.810059070587158203e+00
2.611077547073364258e+00
2.385759592056274414e+00
3.609125137329101562e+00
3.900526762008666992e+00
3.752386331558227539e+00
3.672788143157958984e+00
3.665310382843017578e+00
3.148785114288330078e+00
2.517181396484375000e+00
1.613591313362121582e+00
2.484593868255615234e+00
1.871720671653747559e+00
3.197315692901611328e+00
2.754614830017089844e+00
3.099304199218750000e+00
2.600452899932861328e+00
3.173553228378295898e+00
3.429058790206909180e+00
3.613756418228149414e+00
6.518689155578613281e+00
6.576319694519042969e+00
6.420060157775878906e+00
5.959775447845458984e+00
3.788004875183105469e+00
4.171789169311523438e+00
4.165073871612548828e+00
4.675448417663574219e+00
4.864929199218750000e+00
4.504455089569091797e+00
4.206135749816894531e+00
2.222153186798095703e+00
2.144748449325561523e+00
2.046631097793579102e+00
2.618214845657348633e+00
2.753430128097534180e+00
3.149976968765258789e+00
1.333106458187103271e-01
6.158580780029296875e-01
9.179269075393676758e-01
9.978026151657104492e-01
1.143080949783325195e+00
1.433017373085021973e+00
1.574812412261962891e+00
1.799344539642333984e+00
1.850045919418334961e+00
1.787460923194885254e+00
1.967034578323364258e+00
1.703066706657409668e+00
1.801113009452819824e+00
1.912171125411987305e+00
1.448321104049682617e+00
2.203433752059936523e+00
2.541604518890380859e+00
2.844528675079345703e+00
2.933406591415405273e+00
2.994181632995605469e+00
3.222977399826049805e+00
3.080054759979248047e+00
2.662637710571289062e+00
2.517836809158325195e+00
1.990617394447326660e+00
3.189937829971313477e+00
3.624902725219726562e+00
3.378750324249267578e+00
3.240443944931030273e+00
3.188048839569091797e+00
2.495394229888916016e+00
1.818795084953308105e+00
1.288142204284667969e+00
2.069516181945800781e+00
1.633293151855468750e+00
2.934144973754882812e+00
2.697386741638183594e+00
3.497420787811279297e+00
3.091549396514892578e+00
3.490571260452270508e+00
3.836521148681640625e+00
4.069634437561035156e+00
7.267696857452392578e+00
7.336573123931884766e+00
7.185468196868896484e+00
6.722782611846923828e+00
4.276089191436767578e+00
4.656652927398681641e+00
4.605162143707275391e+00
5.211012840270996094e+00
5.375551700592041016e+00
5.020273685455322266e+00
4.717254638671875000e+00
2.895328998565673828e+00
2.485197544097900391e+00
2.529986619949340820e+00
3.033879280090332031e+00
2.999680280685424805e+00
3.367682933807373047e+00
3.398700654506683350e-01
7.339124083518981934e-01
7.598989605903625488e-01
1.320928215980529785e+00
1.411122560501098633e+00
1.682070970535278320e+00
1.822429656982421875e+00
2.056640625000000000e+00
1.885547041893005371e+00
2.032607555389404297e+00
1.716061830520629883e+00
1.776114583015441895e+00
1.784975647926330566e+00
1.215491771697998047e+00
1.836970090866088867e+00
2.092669963836669922e+00
2.380061149597167969e+00
2.433060407638549805e+00
2.502590656280517578e+00
2.779628753662109375e+00
2.729786157608032227e+00
2.308042526245117188e+00
2.147539138793945312e+00
1.471869587898254395e+00
2.754843235015869141e+00
3.247665166854858398e+00
3.054390668869018555e+00
2.974815607070922852e+00
2.890510797500610352e+00
2.199286460876464844e+00
1.513539195060729980e+00
9.969900250434875488e-01
1.870560526847839355e+00
1.504852890968322754e+00
2.663589239120483398e+00
2.559576749801635742e+00
3.417260885238647461e+00
2.963843107223510742e+00
3.302580833435058594e+00
3.708157062530517578e+00
3.917845726013183594e+00
7.165879726409912109e+00
7.243947029113769531e+00
7.102910518646240234e+00
6.648604393005371094e+00
4.259862899780273438e+00
4.616751194000244141e+00
4.607584953308105469e+00
5.226624011993408203e+00
5.433357715606689453e+00
5.108119964599609375e+00
4.791625976562500000e+00
2.844105005264282227e+00
2.382543802261352539e+00
2.480870008468627930e+00
2.996217727661132812e+00
2.991495847702026367e+00
3.290073156356811523e+00
1.188378334045410156e+00
7.904989123344421387e-01
1.599222421646118164e+00
1.682358622550964355e+00
2.052530288696289062e+00
2.201311111450195312e+00
2.447574853897094727e+00
2.330803632736206055e+00
2.475988388061523438e+00
2.150922775268554688e+00
2.211339712142944336e+00
2.225494623184204102e+00
1.574006438255310059e+00
2.209111690521240234e+00
2.364223718643188477e+00
2.525550842285156250e+00
2.404050350189208984e+00
2.600822925567626953e+00
2.937321424484252930e+00
2.918880224227905273e+00
2.458348512649536133e+00
2.354217767715454102e+00
1.536783456802368164e+00
2.718444347381591797e+00
3.290489435195922852e+00
3.029370307922363281e+00
2.905943155288696289e+00
2.794520139694213867e+00
2.008339643478393555e+00
1.224440813064575195e+00
1.156452298164367676e+00
1.871036052703857422e+00
1.656529426574707031e+00
2.713666915893554688e+00
2.728396177291870117e+00
3.703552722930908203e+00
3.308002948760986328e+00
3.566176891326904297e+00
4.009927749633789062e+00
4.189408779144287109e+00
7.557143211364746094e+00
7.635092258453369141e+00
7.490509986877441406e+00
7.034905910491943359e+00
4.536122322082519531e+00
4.887240409851074219e+00
4.893759727478027344e+00
5.524047374725341797e+00
5.747313976287841797e+00
5.436096668243408203e+00
5.117074966430664062e+00
3.221314430236816406e+00
2.704522371292114258e+00
2.808035612106323242e+00
3.310630798339843750e+00
3.252660512924194336e+00
3.535015344619750977e+00
9.304032921791076660e-01
9.675551652908325195e-01
5.977297425270080566e-01
8.524274230003356934e-01
8.265777826309204102e-01
1.206879496574401855e+00
1.105389475822448730e+00
1.121079683303833008e+00
7.774758338928222656e-01
9.047429561614990234e-01
7.637843489646911621e-01
3.199414610862731934e-01
1.026960968971252441e+00
1.447332978248596191e+00
1.859020948410034180e+00
2.367021322250366211e+00
2.242264270782470703e+00
2.420474052429199219e+00
2.310858726501464844e+00
1.990056991577148438e+00
1.753428697586059570e+00
1.435446619987487793e+00
2.754137039184570312e+00
3.095522403717041016e+00
3.004401683807373047e+00
3.021348237991333008e+00
2.971383571624755859e+00
2.579264402389526367e+00
2.035777568817138672e+00
9.950135946273803711e-01
1.997424125671386719e+00
1.532246828079223633e+00
2.526573419570922852e+00
2.357273817062377930e+00
2.982824802398681641e+00
2.386757612228393555e+00
2.809447765350341797e+00
3.196015357971191406e+00
3.375125408172607422e+00
6.204912662506103516e+00
6.313887119293212891e+00
6.293109416961669922e+00
5.879573822021484375e+00
3.879134178161621094e+00
4.224934577941894531e+00
4.260705947875976562e+00
4.839866161346435547e+00
5.174112319946289062e+00
4.924498558044433594e+00
4.576910495758056641e+00
2.298955917358398438e+00
1.934099912643432617e+00
2.079733610153198242e+00
2.604979038238525391e+00
2.748831033706665039e+00
2.978892087936401367e+00
9.791557192802429199e-01
8.316581249237060547e-01
1.347570419311523438e+00
1.348900914192199707e+00
1.792540073394775391e+00
2.202270507812500000e+00
2.186980247497558594e+00
1.815371036529541016e+00
2.030860185623168945e+00
1.852722167968750000e+00
1.297721266746520996e+00
1.955093502998352051e+00
2.131937265396118164e+00
2.251185894012451172e+00
2.467343568801879883e+00
2.606739044189453125e+00
3.004180192947387695e+00
3.138306856155395508e+00
2.747476577758789062e+00
2.549730539321899414e+00
1.557638049125671387e+00
3.002269268035888672e+00
3.606548547744750977e+00
3.478828430175781250e+00
3.485094308853149414e+00
3.318283557891845703e+00
2.639146327972412109e+00
1.808593988418579102e+00
1.716673016548156738e+00
2.603915214538574219e+00
2.380668163299560547e+00
3.238196611404418945e+00
3.351488828659057617e+00
4.134207248687744141e+00
3.549022197723388672e+00
3.909718990325927734e+00
4.346043586730957031e+00
4.520979881286621094e+00
7.280350208282470703e+00
7.399653911590576172e+00
7.412522792816162109e+00
7.015498161315917969e+00
5.036307811737060547e+00
5.379682540893554688e+00
5.403813362121582031e+00
5.992425441741943359e+00
6.283771514892578125e+00
5.989370346069335938e+00
5.659452915191650391e+00
3.462695121765136719e+00
3.085938930511474609e+00
3.226027727127075195e+00
3.753098726272583008e+00
3.843145847320556641e+00
4.087834835052490234e+00
3.333550691604614258e-01
2.913936972618103027e-01
4.965827167034149170e-01
6.228679418563842773e-01
1.595704913139343262e+00
1.585862040519714355e+00
1.119311690330505371e+00
1.623273134231567383e+00
1.504093170166015625e+00
1.473359465599060059e+00
2.119141817092895508e+00
2.454789161682128906e+00
2.821515083312988281e+00
3.352365493774414062e+00
3.311050653457641602e+00
3.541801214218139648e+00
3.560477733612060547e+00
3.257221221923828125e+00
2.998609781265258789e+00
2.392940282821655273e+00
3.865384340286254883e+00
4.318841457366943359e+00
4.231502532958984375e+00
4.238324642181396484e+00
4.146933078765869141e+00
3.583623170852661133e+00
2.869437932968139648e+00
2.193545103073120117e+00
3.185230731964111328e+00
2.709739685058593750e+00
3.811965942382812500e+00
3.624584913253784180e+00
4.046650409698486328e+00
3.402957916259765625e+00
3.995809078216552734e+00
4.269450187683105469e+00
4.367872238159179688e+00
6.706974983215332031e+00
6.824558734893798828e+00
6.876561164855957031e+00
6.496061801910400391e+00
4.788184642791748047e+00
5.169400215148925781e+00
5.183663845062255859e+00
5.684621334075927734e+00
5.896038532257080078e+00
5.529452323913574219e+00
5.239248752593994141e+00
3.170596837997436523e+00
3.055617570877075195e+00
3.031719207763671875e+00
3.606596469879150391e+00
3.762090921401977539e+00
4.122925281524658203e+00
3.418551385402679443e-01
3.447650969028472900e-01
7.807864546775817871e-01
1.559448003768920898e+00
1.404058337211608887e+00
1.075625300407409668e+00
1.406550765037536621e+00
1.171343564987182617e+00
1.053669452667236328e+00
1.669346451759338379e+00
1.958127140998840332e+00
2.330455064773559570e+00
2.920627832412719727e+00
2.881361246109008789e+00
3.066950082778930664e+00
3.154192209243774414e+00
2.917646884918212891e+00
2.621339082717895508e+00
2.027809143066406250e+00
3.533407211303710938e+00
3.973157405853271484e+00
3.972692251205444336e+00
4.041143417358398438e+00
3.926372528076171875e+00
3.442752361297607422e+00
2.769886970520019531e+00
2.088116884231567383e+00
3.098769187927246094e+00
2.675036430358886719e+00
3.580422639846801758e+00
3.445127010345458984e+00
3.836095809936523438e+00
3.167615890502929688e+00
3.699147224426269531e+00
4.024548530578613281e+00
4.105276584625244141e+00
6.429185867309570312e+00
6.557639598846435547e+00
6.638267993927001953e+00
6.272748947143554688e+00
4.687715053558349609e+00
5.064818859100341797e+00
5.116754531860351562e+00
5.621351718902587891e+00
5.963445663452148438e+00
5.683186531066894531e+00
5.359802246093750000e+00
3.022921800613403320e+00
2.841352939605712891e+00
2.945034027099609375e+00
3.497143983840942383e+00
3.731384038925170898e+00
3.971365928649902344e+00
1.335130631923675537e-01
3.284856975078582764e-01
1.438524842262268066e+00
1.311033606529235840e+00
8.388112187385559082e-01
1.423009276390075684e+00
1.145490884780883789e+00
1.323428869247436523e+00
1.861159443855285645e+00
2.199824333190917969e+00
2.635689258575439453e+00
3.316565275192260742e+00
3.212901115417480469e+00
3.322292566299438477e+00
3.395965814590454102e+00
3.168576002120971680e+00
2.874822616577148438e+00
2.372344970703125000e+00
3.891270160675048828e+00
4.243814945220947266e+00
4.255511283874511719e+00
4.317298412322998047e+00
4.242772102355957031e+00
3.810364007949829102e+00
3.186959505081176758e+00
2.307934045791625977e+00
3.314404010772705078e+00
2.808648109436035156e+00
3.806439399719238281e+00
3.587060213088989258e+00
3.876031160354614258e+00
3.206552505493164062e+00
3.812139749526977539e+00
4.071182250976562500e+00
4.106926918029785156e+00
6.164275169372558594e+00
6.296217441558837891e+00
6.411635875701904297e+00
6.063500881195068359e+00
4.663307189941406250e+00
5.034757137298583984e+00
5.096042633056640625e+00
5.574519157409667969e+00
5.883227348327636719e+00
5.576086521148681641e+00
5.267867565155029297e+00
3.006158590316772461e+00
2.901893615722656250e+00
2.943452119827270508e+00
3.507753372192382812e+00
3.751322984695434570e+00
4.031837940216064453e+00
5.373358726501464844e-01
1.568793892860412598e+00
1.322129130363464355e+00
1.010437488555908203e+00
1.370911598205566406e+00
1.069522380828857422e+00
1.177601695060729980e+00
1.590566277503967285e+00
1.880392193794250488e+00
2.306126117706298828e+00
3.043112039566040039e+00
2.921864271163940430e+00
3.025037050247192383e+00
3.180523633956909180e+00
3.014801025390625000e+00
2.694698095321655273e+00
2.116160631179809570e+00
3.724446058273315430e+00
4.032795906066894531e+00
4.144970417022705078e+00
4.261412143707275391e+00
4.173053264617919922e+00
3.821445941925048828e+00
3.240419149398803711e+00
2.328489065170288086e+00
3.357257127761840820e+00
2.902867078781127930e+00
3.734641551971435547e+00
3.569016456604003906e+00
3.847033262252807617e+00
3.152427673339843750e+00
3.702199459075927734e+00
4.003932952880859375e+00
4.029258251190185547e+00
6.067519664764404297e+00
6.210635185241699219e+00
6.355031013488769531e+00
6.020759105682373047e+00
4.704280853271484375e+00
5.066304683685302734e+00
5.154947280883789062e+00
5.626229763031005859e+00
6.005067825317382812e+00
5.738380432128906250e+00
5.420736789703369141e+00
3.032454729080200195e+00
2.904574394226074219e+00
3.021538972854614258e+00
3.563261747360229492e+00
3.845664024353027344e+00
4.059205532073974609e+00
8.134680390357971191e-01
7.366588711738586426e-01
2.645296752452850342e-01
1.094256281852722168e+00
1.076758742332458496e+00
1.606692671775817871e+00
2.010632038116455078e+00
2.411342144012451172e+00
2.900354385375976562e+00
3.617448568344116211e+00
3.461298227310180664e+00
3.504085540771484375e+00
3.409201145172119141e+00
3.246490001678466797e+00
2.961838245391845703e+00
2.672093629837036133e+00
4.181088447570800781e+00
4.330092906951904297e+00
4.401455879211425781e+00
4.436257839202880859e+00
4.437159538269042969e+00
4.105490207672119141e+00
3.541954517364501953e+00
2.465986967086791992e+00
3.390335083007812500e+00
2.865805864334106445e+00
3.836587190628051758e+00
3.394116163253784180e+00
3.392139196395874023e+00
2.879737615585327148e+00
3.376986980438232422e+00
3.619356393814086914e+00
3.669033765792846680e+00
5.822629928588867188e+00
5.926296710968017578e+00
5.973359584808349609e+00
5.588176727294921875e+00
4.053719043731689453e+00
4.404802799224853516e+00
4.500281810760498047e+00
4.916215419769287109e+00
5.205912113189697266e+00
4.885332107543945312e+00
4.600076198577880859e+00
2.437518358230590820e+00
2.521710157394409180e+00
2.570284128189086914e+00
3.014271736145019531e+00
3.315549612045288086e+00
3.631343126296997070e+00
1.337416321039199829e-01
3.305098414421081543e-01
2.894051373004913330e-01
5.209577679634094238e-01
1.153935670852661133e+00
1.432977080345153809e+00
2.078279733657836914e+00
2.676486730575561523e+00
3.136006593704223633e+00
2.933251619338989258e+00
2.862803936004638672e+00
2.536143302917480469e+00
2.406256437301635742e+00
2.153096437454223633e+00
2.336035490036010742e+00
3.482206344604492188e+00
3.468350410461425781e+00
3.569739580154418945e+00
3.567420005798339844e+00
3.649486064910888672e+00
3.467340469360351562e+00
3.000280141830444336e+00
1.774465680122375488e+00
2.601507663726806641e+00
1.970391631126403809e+00
2.941443920135498047e+00
2.373720169067382812e+00
2.274204254150390625e+00
1.752198934555053711e+00
2.344129800796508789e+00
2.576693296432495117e+00
2.712364912033081055e+00
5.454710483551025391e+00
5.517325878143310547e+00
5.394238471984863281e+00
4.942456722259521484e+00
2.805584669113159180e+00
3.169876337051391602e+00
3.213182210922241211e+00
3.661942720413208008e+00
3.890011548995971680e+00
3.565815210342407227e+00
3.263184070587158203e+00
1.266570329666137695e+00
1.469732761383056641e+00
1.273460268974304199e+00
1.760526776313781738e+00
2.040171623229980469e+00
2.391060829162597656e+00
1.336404234170913696e-01
3.315899670124053955e-01
2.913401424884796143e-01
1.084780573844909668e+00
1.245171189308166504e+00
1.934842109680175781e+00
2.532528877258300781e+00
3.085790634155273438e+00
2.852437973022460938e+00
2.767879724502563477e+00
2.560922145843505859e+00
2.469063282012939453e+00
2.182533025741577148e+00
2.245299577713012695e+00
3.517425537109375000e+00
3.509309053421020508e+00
3.676208019256591797e+00
3.705846786499023438e+00
3.778753757476806641e+00
3.633860111236572266e+00
3.175490140914916992e+00
1.928790092468261719e+00
2.822895765304565430e+00
2.204806089401245117e+00
3.090612888336181641e+00
2.615619659423828125e+00
2.496412277221679688e+00
1.838510513305664062e+00
2.458045721054077148e+00
2.700672864913940430e+00
2.734523773193359375e+00
5.142308235168457031e+00
5.226969718933105469e+00
5.159203052520751953e+00
4.745676994323730469e+00
3.210608482360839844e+00
3.568295955657958984e+00
3.664802551269531250e+00
4.105556488037109375e+00
4.464052200317382812e+00
4.204710960388183594e+00
3.892385482788085938e+00
1.550386905670166016e+00
1.654300212860107422e+00
1.624163269996643066e+00
2.158121585845947266e+00
2.487582921981811523e+00
2.771060943603515625e+00
3.233118355274200439e-01
3.364805877208709717e-01
8.379188776016235352e-01
1.234097361564636230e+00
1.818691372871398926e+00
2.384046792984008789e+00
2.924600839614868164e+00
2.731298923492431641e+00
2.723248958587646484e+00
2.561886787414550781e+00
2.406965494155883789e+00
2.116854906082153320e+00
2.040012598037719727e+00
3.374449729919433594e+00
3.482531309127807617e+00
3.585727453231811523e+00
3.631802320480346680e+00
3.655966520309448242e+00
3.426334381103515625e+00
2.932332754135131836e+00
1.737805128097534180e+00
2.695997953414916992e+00
2.137660741806030273e+00
3.034475564956665039e+00
2.666785001754760742e+00
2.714079856872558594e+00
2.053048372268676758e+00
2.671408414840698242e+00
2.919971942901611328e+00
2.970410108566284180e+00
5.452810287475585938e+00
5.533172607421875000e+00
5.478476524353027344e+00
5.067938327789306641e+00
3.466699361801147461e+00
3.825262308120727539e+00
3.922031879425048828e+00
4.368692874908447266e+00
4.737704753875732422e+00
4.480651378631591797e+00
4.166851520538330078e+00
1.808482289314270020e+00
1.838774800300598145e+00
1.857135295867919922e+00
2.393418312072753906e+00
2.723263978958129883e+00
2.979674816131591797e+00
1.334354430437088013e-01
6.818166971206665039e-01
8.199592232704162598e-01
1.479828000068664551e+00
2.083960771560668945e+00
2.607494592666625977e+00
2.371920585632324219e+00
2.295607805252075195e+00
2.099046945571899414e+00
1.998580932617187500e+00
1.702611088752746582e+00
1.800518393516540527e+00
3.036026477813720703e+00
3.039968967437744141e+00
3.215327501296997070e+00
3.263243198394775391e+00
3.328664541244506836e+00
3.226839303970336914e+00
2.822154760360717773e+00
1.546186447143554688e+00
2.460806131362915039e+00
1.917995691299438477e+00
2.660841941833496094e+00
2.159397602081298828e+00
1.995279192924499512e+00
1.436013698577880859e+00
1.950247526168823242e+00
2.197417497634887695e+00
2.262318611145019531e+00
5.044683933258056641e+00
5.108865737915039062e+00
4.991629123687744141e+00
4.547258377075195312e+00
2.792807340621948242e+00
3.154406070709228516e+00
3.251646757125854492e+00
3.716966152191162109e+00
4.143798351287841797e+00
3.944352388381958008e+00
3.611258983612060547e+00
1.123477578163146973e+00
1.168318867683410645e+00
1.325552582740783691e+00
1.724164962768554688e+00
2.068529367446899414e+00
2.302051305770874023e+00
4.993351995944976807e-01
7.505595088005065918e-01
1.342952132225036621e+00
1.936460375785827637e+00
2.528289794921875000e+00
2.302161931991577148e+00
2.265931844711303711e+00
2.205173492431640625e+00
2.092384338378906250e+00
1.775231122970581055e+00
1.655052185058593750e+00
3.037080526351928711e+00
3.125402927398681641e+00
3.303761482238769531e+00
3.383945941925048828e+00
3.412512302398681641e+00
3.278345584869384766e+00
2.853846073150634766e+00
1.625185489654541016e+00
2.609276533126831055e+00
2.117687225341796875e+00
2.807165384292602539e+00
2.490217924118041992e+00
2.586412429809570312e+00
1.893191456794738770e+00
2.492223501205444336e+00
2.752152204513549805e+00
2.796698808670043945e+00
5.333051681518554688e+00
5.437298297882080078e+00
5.406903266906738281e+00
5.009026527404785156e+00
3.453445672988891602e+00
3.816405773162841797e+00
3.908186435699462891e+00
4.386427402496337891e+00
4.819336414337158203e+00
4.611838817596435547e+00
4.277897834777832031e+00
1.785502314567565918e+00
1.681332111358642578e+00
1.833746552467346191e+00
2.338870048522949219e+00
2.672818660736083984e+00
2.847974777221679688e+00
3.327303826808929443e-01
6.999285817146301270e-01
1.225077748298645020e+00
1.714353799819946289e+00
1.529497861862182617e+00
1.638211488723754883e+00
1.681818962097167969e+00
1.477994799613952637e+00
1.160027980804443359e+00
8.435745239257812500e-01
2.245773792266845703e+00
2.496755361557006836e+00
2.615938663482666016e+00
2.748403787612915039e+00
2.708915472030639648e+00
2.586598157882690430e+00
2.215673446655273438e+00
1.077856183052062988e+00
2.101190090179443359e+00
1.744773030281066895e+00
2.242391586303710938e+00
2.233987092971801758e+00
2.824829816818237305e+00
2.177622318267822266e+00
2.466143846511840820e+00
2.937503337860107422e+00
3.034905433654785156e+00
5.724779605865478516e+00
5.838818073272705078e+00
5.853695869445800781e+00
5.476823329925537109e+00
3.812488555908203125e+00
4.111739635467529297e+00
4.245340347290039062e+00
4.809532165527343750e+00
5.247672557830810547e+00
5.045810222625732422e+00
4.688478946685791016e+00
2.247398376464843750e+00
1.856067299842834473e+00
2.112909793853759766e+00
2.607942104339599609e+00
2.833117485046386719e+00
2.935935497283935547e+00
2.940327525138854980e-01
8.811857700347900391e-01
1.549095511436462402e+00
1.262353897094726562e+00
1.289757132530212402e+00
1.550427794456481934e+00
1.449860095977783203e+00
1.111774206161499023e+00
7.750483155250549316e-01
2.184678316116333008e+00
2.348030567169189453e+00
2.594250917434692383e+00
2.777250051498413086e+00
2.769930124282836914e+00
2.788080453872680664e+00
2.476646423339843750e+00
1.333127856254577637e+00
2.251379013061523438e+00
1.993109226226806641e+00
2.256792068481445312e+00
2.207920312881469727e+00
2.637923002243041992e+00
2.004438638687133789e+00
2.255831480026245117e+00
2.686728477478027344e+00
2.691925287246704102e+00
5.151969909667968750e+00
5.282152652740478516e+00
5.333096981048583984e+00
4.983036518096923828e+00
3.629580020904541016e+00
3.995047807693481445e+00
4.112549781799316406e+00
4.623207092285156250e+00
5.179658889770507812e+00
5.075069427490234375e+00
4.715819358825683594e+00
2.149614334106445312e+00
1.828953862190246582e+00
2.184036493301391602e+00
2.588011264801025391e+00
2.901943683624267578e+00
2.893303155899047852e+00
2.982539534568786621e-01
1.060284852981567383e+00
7.736777663230895996e-01
9.896190762519836426e-01
1.412641286849975586e+00
1.345610260963439941e+00
1.035697460174560547e+00
5.173829793930053711e-01
1.872002959251403809e+00
2.117132186889648438e+00
2.380245923995971680e+00
2.613985776901245117e+00
2.586172342300415039e+00
2.676483392715454102e+00
2.447191476821899414e+00
1.550066828727722168e+00
2.345976352691650391e+00
2.110010147094726562e+00
2.195839881896972656e+00
2.380239963531494141e+00
3.063335895538330078e+00
2.452941894531250000e+00
2.480610609054565430e+00
3.082109689712524414e+00
3.082096099853515625e+00
5.641711235046386719e+00
5.789172172546386719e+00
5.865924835205078125e+00
5.534301757812500000e+00
4.076362133026123047e+00
4.320764541625976562e+00
4.554135799407958984e+00
5.114413261413574219e+00
5.678934574127197266e+00
5.600830078125000000e+00
5.225613117218017578e+00
2.733553409576416016e+00
2.263401985168457031e+00
2.625924587249755859e+00
3.036169052124023438e+00
3.284386873245239258e+00
3.193728208541870117e+00
6.313242316246032715e-01
5.367648005485534668e-01
8.831210136413574219e-01
1.583099484443664551e+00
1.519388914108276367e+00
1.201568007469177246e+00
5.976560115814208984e-01
1.519296884536743164e+00
1.986438632011413574e+00
2.261267662048339844e+00
2.591331005096435547e+00
2.485083103179931641e+00
2.576961755752563477e+00
2.436805963516235352e+00
1.890402436256408691e+00
2.546865701675415039e+00
2.362425088882446289e+00
2.308260202407836914e+00
2.707436800003051758e+00
3.520669698715209961e+00
2.940522670745849609e+00
2.851561307907104492e+00
3.517062664031982422e+00
3.450172662734985352e+00
5.987238883972167969e+00
6.137935638427734375e+00
6.254469871520996094e+00
5.950230598449707031e+00
4.537802219390869141e+00
4.752549648284912109e+00
5.014007568359375000e+00
5.589021205902099609e+00
6.170763492584228516e+00
6.117386817932128906e+00
5.736098289489746094e+00
3.294725894927978516e+00
2.779574394226074219e+00
3.142897605895996094e+00
3.537893295288085938e+00
3.745235919952392578e+00
3.609135627746582031e+00
3.492023348808288574e-01
8.060275912284851074e-01
1.381147146224975586e+00
1.245463252067565918e+00
1.204306721687316895e+00
6.720876097679138184e-01
3.932492733001708984e-01
1.296079754829406738e+00
1.226666092872619629e+00
1.719723343849182129e+00
1.437215685844421387e+00
1.542022705078125000e+00
1.580266594886779785e+00
1.843137264251708984e+00
2.031180858612060547e+00
2.005798101425170898e+00
1.756015300750732422e+00
2.455956459045410156e+00
3.495707511901855469e+00
3.078000545501708984e+00
2.824822902679443359e+00
3.550297021865844727e+00
3.424291372299194336e+00
6.516424179077148438e+00
6.631556987762451172e+00
6.638951778411865234e+00
6.300719261169433594e+00
4.529450416564941406e+00
4.698890209197998047e+00
4.965897560119628906e+00
5.571562767028808594e+00
6.148304939270019531e+00
6.129983425140380859e+00
5.738100528717041016e+00
3.531867265701293945e+00
2.902341365814208984e+00
3.230056524276733398e+00
3.549345493316650391e+00
3.667127370834350586e+00
3.476848125457763672e+00
2.901801466941833496e-01
1.014542579650878906e+00
1.087302923202514648e+00
6.933267116546630859e-01
8.709501028060913086e-01
1.065815806388854980e+00
1.173501253128051758e+00
1.523199081420898438e+00
1.933342695236206055e+00
1.898530125617980957e+00
2.169059753417968750e+00
2.139513731002807617e+00
1.802129864692687988e+00
2.198906898498535156e+00
2.014793395996093750e+00
1.748205065727233887e+00
2.294703483581542969e+00
3.184840679168701172e+00
2.713519573211669922e+00
2.436025857925415039e+00
3.169507980346679688e+00
3.012719869613647461e+00
5.892124176025390625e+00
6.040191650390625000e+00
6.072441577911376953e+00
5.751815795898437500e+00
4.201032161712646484e+00
4.360388278961181641e+00
4.666216373443603516e+00
5.258257865905761719e+00
5.870923995971679688e+00
5.883691310882568359e+00
5.495567798614501953e+00
3.230154991149902344e+00
2.645987510681152344e+00
3.014469146728515625e+00
3.307168722152709961e+00
3.487620353698730469e+00
3.242271184921264648e+00
5.700817108154296875e-01
8.815708756446838379e-01
2.945519387722015381e-01
1.268726587295532227e+00
1.157833456993103027e+00
7.959879636764526367e-01
1.331290602684020996e+00
1.748128652572631836e+00
1.829025626182556152e+00
2.279381275177001953e+00
2.378408908843994141e+00
1.872563719749450684e+00
2.070687294006347656e+00
1.845238924026489258e+00
1.548346400260925293e+00
2.006308078765869141e+00
2.784876823425292969e+00
2.355383396148681641e+00
1.970210552215576172e+00
2.719351768493652344e+00
2.502720832824707031e+00
5.533548355102539062e+00
5.611907482147216797e+00
5.599154472351074219e+00
5.272110462188720703e+00
3.766309022903442383e+00
3.891220569610595703e+00
4.236997604370117188e+00
4.805267333984375000e+00
5.443976402282714844e+00
5.526302337646484375e+00
5.141780853271484375e+00
2.977773427963256836e+00
2.414563179016113281e+00
2.793633222579956055e+00
2.984216690063476562e+00
3.195918560028076172e+00
2.864345550537109375e+00
3.072375357151031494e-01
2.873703241348266602e-01
1.635517358779907227e+00
1.252297878265380859e+00
6.624063253402709961e-01
1.028797507286071777e+00
1.204191684722900391e+00
1.430392026901245117e+00
2.082044601440429688e+00
2.352111577987670898e+00
1.620416760444641113e+00
1.475306987762451172e+00
1.214150428771972656e+00
8.298677802085876465e-01
1.085832476615905762e+00
1.920035719871520996e+00
1.643494963645935059e+00
1.235540866851806641e+00
1.938414931297302246e+00
1.832194805145263672e+00
5.391254901885986328e+00
5.424964904785156250e+00
5.273245811462402344e+00
4.885590553283691406e+00
2.913532018661499023e+00
3.057490825653076172e+00
3.354374408721923828e+00
3.927577018737792969e+00
4.538113117218017578e+00
4.638278007507324219e+00
4.250354290008544922e+00
2.303898096084594727e+00
1.696545004844665527e+00
2.026094913482666016e+00
2.105596065521240234e+00
2.290395498275756836e+00
1.948082685470581055e+00
1.336611062288284302e-01
1.365872740745544434e+00
1.092087984085083008e+00
6.419218182563781738e-01
7.624102234840393066e-01
7.470818161964416504e-01
1.010779023170471191e+00
1.700828790664672852e+00
1.855723619461059570e+00
1.193394660949707031e+00
1.171376347541809082e+00
9.320067167282104492e-01
3.064852356910705566e-01
1.019488096237182617e+00
1.976331830024719238e+00
1.651129007339477539e+00
1.349553585052490234e+00
2.054204940795898438e+00
1.966376900672912598e+00
5.672795772552490234e+00
5.705430507659912109e+00
5.517617702484130859e+00
5.099546909332275391e+00
3.004558086395263672e+00
3.135605573654174805e+00
3.439276933670043945e+00
3.987054347991943359e+00
4.547776222229003906e+00
4.649648189544677734e+00
4.258357048034667969e+00
2.214018583297729492e+00
1.565761923789978027e+00
1.893158555030822754e+00
2.076196193695068359e+00
2.243677616119384766e+00
1.972568154335021973e+00
1.161665439605712891e+00
1.349710583686828613e+00
1.071293354034423828e+00
1.316367268562316895e+00
1.452752709388732910e+00
1.595593810081481934e+00
1.963793635368347168e+00
1.949607133865356445e+00
1.095857501029968262e+00
1.398851394653320312e+00
1.121010899543762207e+00
9.803934097290039062e-01
1.269731760025024414e+00
2.197919607162475586e+00
1.781667709350585938e+00
1.548811793327331543e+00
2.256311655044555664e+00
2.149685859680175781e+00
5.218153476715087891e+00
5.294460773468017578e+00
5.246416568756103516e+00
4.899631500244140625e+00
3.230844974517822266e+00
3.409372091293334961e+00
3.676211833953857422e+00
4.288414478302001953e+00
4.866387367248535156e+00
4.861383914947509766e+00
4.472003936767578125e+00
2.242311239242553711e+00
1.612838506698608398e+00
1.963381648063659668e+00
2.280041456222534180e+00
2.442738294601440430e+00
2.217071771621704102e+00
1.176141858100891113e+00
1.884491086006164551e+00
1.884925961494445801e+00
2.080146312713623047e+00
1.849006772041320801e+00
1.667830109596252441e+00
1.474706411361694336e+00
1.160121321678161621e+00
1.827657103538513184e+00
1.821210741996765137e+00
1.909313917160034180e+00
2.436466455459594727e+00
3.383396387100219727e+00
2.834237337112426758e+00
2.858791112899780273e+00
3.460204839706420898e+00
3.525121927261352539e+00
6.279987335205078125e+00
6.412258625030517578e+00
6.460054874420166016e+00
6.111597537994384766e+00
4.409684658050537109e+00
4.683893680572509766e+00
4.858075618743896484e+00
5.460759162902832031e+00
5.966650962829589844e+00
5.831171512603759766e+00
5.454879760742187500e+00
3.075258493423461914e+00
2.537086486816406250e+00
2.849880695343017578e+00
3.299649953842163086e+00
3.393605232238769531e+00
3.394438505172729492e+00
5.146315097808837891e-01
5.513614416122436523e-01
1.055719614028930664e+00
8.662773370742797852e-01
1.235781311988830566e+00
1.596705794334411621e+00
1.818549394607543945e+00
1.762303709983825684e+00
1.727389097213745117e+00
1.269029617309570312e+00
2.176400423049926758e+00
3.294607639312744141e+00
3.066500425338745117e+00
2.648698091506958008e+00
3.376727342605590820e+00
3.182886362075805664e+00
6.717009067535400391e+00
6.761783123016357422e+00
6.670310974121093750e+00
6.302377700805664062e+00
4.278552532196044922e+00
4.362790584564208984e+00
4.668138027191162109e+00
5.215245723724365234e+00
5.769175052642822266e+00
5.892486095428466797e+00
5.508397579193115234e+00
3.603510379791259766e+00
2.924221038818359375e+00
3.200405359268188477e+00
3.383899927139282227e+00
3.472530841827392578e+00
3.161735534667968750e+00
1.334390938282012939e-01
5.729181170463562012e-01
7.158503532409667969e-01
1.582863688468933105e+00
2.115014314651489258e+00
1.890273332595825195e+00
1.611265182495117188e+00
1.565765023231506348e+00
7.386835813522338867e-01
1.726221799850463867e+00
2.701894998550415039e+00
2.506923198699951172e+00
1.957925915718078613e+00
2.697593212127685547e+00
2.410977363586425781e+00
5.908610343933105469e+00
5.918660163879394531e+00
5.805387020111083984e+00
5.447690486907958984e+00
3.640167713165283203e+00
3.703258514404296875e+00
4.043841361999511719e+00
4.545018196105957031e+00
5.094423770904541016e+00
5.323399066925048828e+00
4.944839954376220703e+00
3.179388999938964844e+00
2.556600809097290039e+00
2.863231897354125977e+00
2.898813009262084961e+00
3.008734941482543945e+00
2.568430423736572266e+00
3.464854061603546143e-01
2.937967479228973389e-01
1.050935626029968262e+00
1.736779451370239258e+00
1.635715246200561523e+00
1.353394150733947754e+00
1.377744674682617188e+00
7.138703465461730957e-01
1.703439831733703613e+00
2.845258474349975586e+00
2.770099639892578125e+00
2.307828426361083984e+00
2.978169679641723633e+00
2.787984848022460938e+00
6.575378894805908203e+00
6.576639652252197266e+00
6.406169891357421875e+00
6.012464523315429688e+00
3.730510711669921875e+00
3.809304475784301758e+00
4.121198177337646484e+00
4.639024257659912109e+00
5.160193920135498047e+00
5.335839748382568359e+00
4.961857318878173828e+00
3.339692592620849609e+00
2.655408620834350586e+00
2.890928030014038086e+00
2.925988435745239258e+00
2.980987787246704102e+00
2.617335081100463867e+00
1.335900723934173584e-01
9.533064961433410645e-01
1.536712765693664551e+00
1.467003822326660156e+00
1.112055063247680664e+00
1.223881840705871582e+00
3.233915269374847412e-01
1.314487576484680176e+00
2.523218393325805664e+00
2.610822916030883789e+00
2.137376785278320312e+00
2.730274438858032227e+00
2.557976722717285156e+00
6.767899036407470703e+00
6.729921340942382812e+00
6.424223423004150391e+00
5.970521926879882812e+00
3.264532327651977539e+00
3.370230674743652344e+00
3.667061805725097656e+00
4.160829544067382812e+00
4.632388114929199219e+00
4.826015472412109375e+00
4.466685771942138672e+00
3.135805368423461914e+00
2.444096326828002930e+00
2.626980543136596680e+00
2.559742450714111328e+00
2.556353330612182617e+00
2.188735723495483398e+00
7.029180526733398438e-01
1.349015593528747559e+00
1.528996706008911133e+00
1.270574569702148438e+00
1.383769989013671875e+00
7.010962963104248047e-01
1.726025462150573730e+00
2.951006650924682617e+00
2.944540500640869141e+00
2.504238843917846680e+00
3.141038656234741211e+00
2.983809471130371094e+00
7.027005195617675781e+00
7.011478424072265625e+00
6.768332958221435547e+00
6.336236000061035156e+00
3.755443334579467773e+00
3.867578744888305664e+00
4.158987522125244141e+00
4.668241500854492188e+00
5.144327163696289062e+00
5.302570343017578125e+00
4.940835952758789062e+00
3.456500053405761719e+00
2.744545221328735352e+00
2.951993465423583984e+00
2.974357128143310547e+00
2.971886873245239258e+00
2.659284591674804688e+00
3.916347324848175049e-01
1.232995629310607910e+00
9.771721959114074707e-01
1.257545113563537598e+00
1.291390776634216309e+00
2.017212629318237305e+00
3.321681737899780273e+00
3.253718376159667969e+00
3.008332014083862305e+00
3.609931945800781250e+00
3.567248821258544922e+00
7.611132144927978516e+00
7.636402130126953125e+00
7.389035701751708984e+00
6.930902004241943359e+00
4.110426425933837891e+00
4.339818477630615234e+00
4.528068065643310547e+00
5.083689212799072266e+00
5.501568317413330078e+00
5.437101364135742188e+00
5.092916488647460938e+00
3.540277481079101562e+00
2.797769069671630859e+00
2.969528675079345703e+00
3.172302007675170898e+00
3.067662239074707031e+00
3.032369852066040039e+00
1.018109798431396484e+00
1.009017348289489746e+00
1.274130702018737793e+00
1.746471285820007324e+00
2.152573108673095703e+00
3.408299684524536133e+00
3.250335454940795898e+00
3.174684047698974609e+00
3.727679491043090820e+00
3.778371334075927734e+00
7.646588802337646484e+00
7.708313941955566406e+00
7.482708454132080078e+00
7.016395092010498047e+00
4.218776226043701172e+00
4.513391494750976562e+00
4.624764442443847656e+00
5.211946010589599609e+00
5.586411952972412109e+00
5.380023002624511719e+00
5.044237613677978516e+00
3.359336137771606445e+00
2.658321619033813477e+00
2.805192232131958008e+00
3.163511991500854492e+00
3.028132915496826172e+00
3.141929626464843750e+00
3.176937699317932129e-01
3.081811964511871338e-01
1.083877325057983398e+00
1.093053936958312988e+00
2.307520151138305664e+00
2.162077665328979492e+00
2.100492477416992188e+00
2.626014232635498047e+00
2.696865558624267578e+00
6.450040340423583984e+00
6.514340877532958984e+00
6.329844474792480469e+00
5.878248214721679688e+00
3.179343700408935547e+00
3.457165241241455078e+00
3.578329324722290039e+00
4.205870151519775391e+00
4.583788394927978516e+00
4.382800102233886719e+00
4.037646293640136719e+00
2.234675645828247070e+00
1.579936861991882324e+00
1.742133736610412598e+00
2.086097955703735352e+00
1.992034912109375000e+00
2.072039127349853516e+00
1.336650401353836060e-01
6.458098292350769043e-01
8.637722134590148926e-01
2.171681404113769531e+00
2.152304649353027344e+00
1.955841541290283203e+00
2.494651079177856445e+00
2.498895645141601562e+00
6.686441421508789062e+00
6.685030460357666016e+00
6.358413696289062500e+00
5.870090007781982422e+00
2.984538555145263672e+00
3.231012582778930664e+00
3.396756887435913086e+00
3.991537570953369141e+00
4.431422233581542969e+00
4.306599617004394531e+00
3.975305795669555664e+00
2.420428752899169922e+00
1.677837848663330078e+00
1.828241467475891113e+00
2.002490997314453125e+00
1.918327569961547852e+00
1.883477091789245605e+00
6.845306158065795898e-01
7.116591334342956543e-01
1.871440887451171875e+00
1.804820179939270020e+00
1.690523624420166016e+00
2.235944509506225586e+00
2.276665210723876953e+00
6.369392395019531250e+00
6.377583980560302734e+00
6.072512626647949219e+00
5.578802585601806641e+00
2.691339254379272461e+00
2.994943380355834961e+00
3.086325407028198242e+00
3.714075326919555664e+00
4.087905406951904297e+00
3.929406881332397461e+00
3.568180322647094727e+00
1.901975035667419434e+00
1.176761507987976074e+00
1.295590519905090332e+00
1.595434427261352539e+00
1.489027380943298340e+00
1.611733913421630859e+00
8.734066486358642578e-01
2.075625419616699219e+00
2.079035282135009766e+00
1.636013507843017578e+00
2.272631406784057617e+00
2.138625144958496094e+00
6.260142326354980469e+00
6.230711936950683594e+00
5.948811054229736328e+00
5.502716541290283203e+00
2.789695978164672852e+00
2.970919370651245117e+00
3.204975128173828125e+00
3.741273880004882812e+00
4.184849739074707031e+00
4.266868591308593750e+00
3.909112930297851562e+00
2.607296943664550781e+00
1.902859449386596680e+00
2.061264276504516602e+00
2.010857105255126953e+00
1.952543139457702637e+00
1.752866148948669434e+00
1.230421423912048340e+00
1.286305189132690430e+00
1.015792727470397949e+00
1.538334727287292480e+00
1.540375232696533203e+00
5.821675777435302734e+00
5.789636611938476562e+00
5.418866634368896484e+00
4.922564506530761719e+00
2.093849182128906250e+00
2.310820102691650391e+00
2.499775886535644531e+00
3.114694833755493164e+00
3.584940671920776367e+00
3.527113437652587891e+00
3.151127099990844727e+00
1.715543508529663086e+00
1.039360523223876953e+00
1.143262386322021484e+00
1.117778658866882324e+00
1.086663842201232910e+00
9.746001362800598145e-01
1.333698630332946777e-01
3.407737016677856445e-01
3.471062779426574707e-01
6.942627429962158203e-01
4.678031444549560547e+00
4.592536926269531250e+00
4.075691699981689453e+00
3.529800891876220703e+00
9.226755499839782715e-01
1.215733051300048828e+00
1.366588234901428223e+00
1.970343589782714844e+00
2.520986318588256836e+00
2.550999164581298828e+00
2.173058509826660156e+00
7.864488959312438965e-01
5.317622423171997070e-01
6.421162486076354980e-01
3.772473037242889404e-01
4.676152765750885010e-01
5.017948150634765625e-01
1.335074603557586670e-01
3.265140950679779053e-01
5.140059590339660645e-01
4.465956211090087891e+00
4.406938552856445312e+00
3.960309505462646484e+00
3.441468238830566406e+00
1.144975185394287109e+00
1.419839501380920410e+00
1.630715966224670410e+00
2.193576335906982422e+00
2.797483205795288086e+00
2.837341070175170898e+00
2.465587377548217773e+00
5.767151713371276855e-01
3.324310481548309326e-01
6.089649796485900879e-01
5.937035679817199707e-01
7.722203135490417480e-01
7.421636581420898438e-01
1.337836086750030518e-01
2.956843078136444092e-01
4.349498748779296875e+00
4.265010356903076172e+00
3.811301231384277344e+00
3.300361633300781250e+00
1.217852354049682617e+00
1.386067986488342285e+00
1.736477255821228027e+00
2.226508140563964844e+00
2.941123962402343750e+00
3.039412736892700195e+00
2.694686889648437500e+00
9.321269392967224121e-01
6.511947512626647949e-01
8.938786983489990234e-01
8.759111762046813965e-01
1.019018888473510742e+00
9.067485332489013672e-01
3.123859167098999023e-01
4.263065338134765625e+00
4.152650356292724609e+00
3.626391649246215820e+00
3.088168859481811523e+00
5.528678297996520996e-01
7.262547016143798828e-01
1.008396983146667480e+00
1.567025423049926758e+00
2.234348058700561523e+00
2.392743587493896484e+00
2.086917400360107422e+00
1.046171665191650391e+00
8.512219190597534180e-01
1.095136165618896484e+00
9.253828525543212891e-01
8.035666346549987793e-01
7.331386208534240723e-01
3.804056644439697266e+00
3.686586380004882812e+00
3.190124988555908203e+00
2.675555706024169922e+00
1.231140613555908203e+00
1.257569074630737305e+00
1.709646224975585938e+00
2.071408748626708984e+00
2.886676788330078125e+00
3.013066053390502930e+00
2.768387079238891602e+00
1.179770469665527344e+00
1.125735402107238770e+00
1.415318012237548828e+00
1.252146720886230469e+00
1.241134047508239746e+00
9.769693613052368164e-01
1.331668645143508911e-01
1.012000441551208496e+00
1.445034623146057129e+00
4.866601467132568359e+00
4.786329746246337891e+00
5.038927555084228516e+00
4.971825122833251953e+00
5.568416595458984375e+00
5.860574245452880859e+00
5.873097419738769531e+00
4.509997844696044922e+00
4.921188831329345703e+00
5.213525295257568359e+00
5.024526119232177734e+00
5.414113998413085938e+00
5.491001605987548828e+00
7.040364742279052734e-01
1.226916551589965820e+00
4.718964099884033203e+00
4.629500865936279297e+00
4.876074314117431641e+00
4.796681404113769531e+00
5.395417213439941406e+00
5.705697536468505859e+00
5.733596801757812500e+00
4.477820873260498047e+00
4.888569831848144531e+00
5.182067394256591797e+00
4.948193073272705078e+00
5.308440685272216797e+00
5.375592231750488281e+00
2.898065447807312012e-01
4.012990474700927734e+00
3.841749668121337891e+00
4.067077636718750000e+00
3.921574354171752930e+00
4.454923629760742188e+00
4.816600799560546875e+00
4.888182640075683594e+00
4.055922985076904297e+00
4.433187484741210938e+00
4.723182201385498047e+00
4.382117271423339844e+00
4.717141151428222656e+00
4.778088569641113281e+00
3.417899370193481445e+00
3.233678817749023438e+00
3.456881523132324219e+00
3.312252283096313477e+00
3.856850147247314453e+00
4.208610057830810547e+00
4.277859210968017578e+00
3.529582500457763672e+00
3.899513006210327148e+00
4.183894157409667969e+00
3.811611652374267578e+00
4.142396450042724609e+00
4.203039169311523438e+00
3.959349095821380615e-01
3.128696680068969727e-01
9.409037828445434570e-01
1.428487062454223633e+00
1.635854244232177734e+00
1.328904867172241211e+00
1.340032339096069336e+00
1.397091150283813477e+00
1.403896689414978027e+00
9.286884665489196777e-01
8.459134101867675781e-01
7.214146256446838379e-01
1.334054470062255859e-01
2.928696870803833008e-01
1.065827131271362305e+00
1.331256270408630371e+00
1.254106163978576660e+00
1.702261924743652344e+00
1.737196683883666992e+00
1.779065251350402832e+00
1.325233221054077148e+00
1.196267962455749512e+00
1.044093728065490723e+00
3.230136632919311523e-01
7.772073149681091309e-01
9.940506219863891602e-01
9.313867092132568359e-01
1.808762788772583008e+00
1.840552091598510742e+00
1.760728478431701660e+00
1.346520543098449707e+00
1.213676214218139648e+00
1.138367056846618652e+00
4.703352451324462891e-01
1.017462849617004395e+00
1.107698798179626465e+00
2.265254497528076172e+00
2.391550779342651367e+00
2.376416444778442383e+00
1.890981674194335938e+00
1.882506847381591797e+00
1.741330385208129883e+00
3.992812931537628174e-01
6.521192789077758789e-01
2.737419366836547852e+00
2.907313346862792969e+00
2.734475851058959961e+00
2.348173856735229492e+00
2.297818660736083984e+00
2.218598842620849609e+00
1.331803351640701294e-01
2.629014015197753906e+00
2.852914810180664062e+00
2.609026432037353516e+00
2.285538434982299805e+00
2.284744739532470703e+00
2.286084413528442383e+00
2.282684564590454102e+00
2.481339931488037109e+00
2.223141670227050781e+00
1.914865016937255859e+00
1.897189736366271973e+00
1.906181454658508301e+00
4.244956970214843750e-01
5.300583243370056152e-01
4.653740525245666504e-01
9.392951726913452148e-01
1.222500920295715332e+00
1.334788501262664795e-01
3.299257457256317139e-01
6.179606914520263672e-01
7.307098507881164551e-01
1.332121938467025757e-01
3.573510646820068359e-01
6.657203435897827148e-01
1.328680515289306641e-01
3.937188982963562012e-01
1.328885257244110107e-01
