2.071070909500122070e+00
3.027969121932983398e+00
3.271597146987915039e+00
3.054837942123413086e+00
3.580058574676513672e+00
3.420172929763793945e+00
3.601277351379394531e+00
3.349731206893920898e+00
3.285460710525512695e+00
3.038486957550048828e+00
3.659506559371948242e+00
3.402564764022827148e+00
2.349046707153320312e+00
2.822414159774780273e+00
2.436212539672851562e+00
1.844066500663757324e+00
1.929058670997619629e+00
1.497457265853881836e+00
1.638889431953430176e+00
1.411529183387756348e+00
1.965847611427307129e+00
1.826653361320495605e+00
3.282350540161132812e+00
3.486440658569335938e+00
3.824074268341064453e+00
3.850561141967773438e+00
4.033449172973632812e+00
4.255564212799072266e+00
1.725203156471252441e+00
8.723188042640686035e-01
7.536209225654602051e-01
5.757066011428833008e-01
3.363063037395477295e-01
1.288293361663818359e+00
1.397926807403564453e+00
1.790523409843444824e+00
2.468308925628662109e+00
2.810142278671264648e+00
2.498339653015136719e+00
2.225648403167724609e+00
1.840125560760498047e+00
1.438290476799011230e+00
8.470919728279113770e-01
1.103246212005615234e+00
1.292646765708923340e+00
2.469930410385131836e+00
2.689843893051147461e+00
1.904970645904541016e+00
1.959275841712951660e+00
1.697340846061706543e+00
8.828519582748413086e-01
1.398880720138549805e+00
2.832147836685180664e+00
3.416972398757934570e+00
3.628708839416503906e+00
3.356058359146118164e+00
3.072451353073120117e+00
3.406298398971557617e+00
3.236435651779174805e+00
2.956416606903076172e+00
3.279526233673095703e+00
2.504154920578002930e+00
2.256937026977539062e+00
1.855060100555419922e+00
2.100935935974121094e+00
1.563947677612304688e+00
1.837592482566833496e+00
2.111429929733276367e+00
2.688347578048706055e+00
3.053887128829956055e+00
3.184421300888061523e+00
3.702223062515258789e+00
3.956966400146484375e+00
4.126432895660400391e+00
4.521007061004638672e+00
4.596936702728271484e+00
4.190865039825439453e+00
4.026124954223632812e+00
4.185579776763916016e+00
4.508508682250976562e+00
4.233093738555908203e+00
4.062594890594482422e+00
3.662811040878295898e+00
2.825556993484497070e+00
2.431015491485595703e+00
2.760752916336059570e+00
7.463437318801879883e-01
1.020762562751770020e+00
5.615294575691223145e-01
1.361471772193908691e+00
1.539725065231323242e+00
1.955778837203979492e+00
1.691880822181701660e+00
5.194034576416015625e-01
4.785858988761901855e-01
9.760285615921020508e-01
1.097085118293762207e+00
1.185007333755493164e+00
1.409369826316833496e+00
1.935693025588989258e+00
1.515720963478088379e+00
1.488195657730102539e+00
1.272629618644714355e+00
1.147949218750000000e+00
1.308240413665771484e+00
1.928668022155761719e+00
8.597956299781799316e-01
2.662652492523193359e+00
3.187377929687500000e+00
3.033009529113769531e+00
3.180160999298095703e+00
3.680050849914550781e+00
3.930420875549316406e+00
2.324454784393310547e+00
2.245161056518554688e+00
2.169045448303222656e+00
1.385482668876647949e+00
2.117512464523315430e+00
2.028618812561035156e+00
2.351741313934326172e+00
2.301041126251220703e+00
2.306806325912475586e+00
1.800096511840820312e+00
2.005075693130493164e+00
1.609428763389587402e+00
1.720998167991638184e+00
1.958064436912536621e+00
1.994070410728454590e+00
2.553020238876342773e+00
2.236277341842651367e+00
2.697875261306762695e+00
3.352928400039672852e+00
3.418352842330932617e+00
3.430502653121948242e+00
3.121535301208496094e+00
2.432842493057250977e+00
2.446565389633178711e+00
3.042957544326782227e+00
3.571818590164184570e+00
3.992295742034912109e+00
4.162472248077392578e+00
4.407283306121826172e+00
4.678222656250000000e+00
4.337174892425537109e+00
4.151283740997314453e+00
4.210489273071289062e+00
3.837012767791748047e+00
3.911770582199096680e+00
3.591889858245849609e+00
3.481434822082519531e+00
3.087399721145629883e+00
3.022595643997192383e+00
3.287580251693725586e+00
3.604084253311157227e+00
3.729295730590820312e+00
3.521081686019897461e+00
4.089619159698486328e+00
4.483213424682617188e+00
4.117384433746337891e+00
4.184827804565429688e+00
4.105453968048095703e+00
3.550261259078979492e+00
2.198334932327270508e+00
2.029831886291503906e+00
2.255508661270141602e+00
1.838383436203002930e+00
1.765733480453491211e+00
1.327135682106018066e+00
1.188631534576416016e+00
1.245088696479797363e+00
1.100665926933288574e+00
1.321260184049606323e-01
2.835011184215545654e-01
7.665625810623168945e-01
9.568172693252563477e-01
1.498251318931579590e+00
1.314738631248474121e+00
3.707560002803802490e-01
9.981893301010131836e-01
1.246431469917297363e+00
1.284212350845336914e+00
1.275745153427124023e+00
1.217484831809997559e+00
2.206476449966430664e+00
1.918227910995483398e+00
1.961239695549011230e+00
1.846178412437438965e+00
1.752567529678344727e+00
2.098905801773071289e+00
2.546489477157592773e+00
1.540654420852661133e+00
2.709475994110107422e+00
3.317163228988647461e+00
2.984415531158447266e+00
3.162496566772460938e+00
3.754108428955078125e+00
3.994432210922241211e+00
3.072459697723388672e+00
3.090106487274169922e+00
3.087645292282104492e+00
2.327903270721435547e+00
3.011664390563964844e+00
2.624273061752319336e+00
2.996664047241210938e+00
2.772328615188598633e+00
2.593630552291870117e+00
2.247921943664550781e+00
2.558994770050048828e+00
2.124170303344726562e+00
2.217845201492309570e+00
2.513861656188964844e+00
2.736426830291748047e+00
3.253285169601440430e+00
2.852675914764404297e+00
3.113004684448242188e+00
3.797871112823486328e+00
4.134681701660156250e+00
4.095344066619873047e+00
3.776140213012695312e+00
3.285674571990966797e+00
3.178277969360351562e+00
3.394322395324707031e+00
3.726849555969238281e+00
4.199894428253173828e+00
4.570884227752685547e+00
4.966082572937011719e+00
5.232746124267578125e+00
4.864299774169921875e+00
4.735056400299072266e+00
4.798407554626464844e+00
4.532613277435302734e+00
4.672487735748291016e+00
4.428392887115478516e+00
4.196105957031250000e+00
3.935114622116088867e+00
3.814674854278564453e+00
4.068398475646972656e+00
4.301828861236572266e+00
4.368889808654785156e+00
4.228428363800048828e+00
4.627924442291259766e+00
4.919791221618652344e+00
4.404122352600097656e+00
4.469072341918945312e+00
4.310511589050292969e+00
3.723419189453125000e+00
2.092541933059692383e+00
1.759105324745178223e+00
2.116714477539062500e+00
1.796601772308349609e+00
2.009135484695434570e+00
1.641681313514709473e+00
1.718214869499206543e+00
1.842494368553161621e+00
1.882105708122253418e+00
3.042435348033905029e-01
5.483517050743103027e-01
5.051934719085693359e-01
1.183766841888427734e+00
1.109706759452819824e+00
7.637960910797119141e-01
1.414236545562744141e+00
1.512164354324340820e+00
1.317878723144531250e+00
1.017019391059875488e+00
7.634377479553222656e-01
1.865655899047851562e+00
1.745332121849060059e+00
1.840862154960632324e+00
1.906292915344238281e+00
1.771467328071594238e+00
2.348303794860839844e+00
2.688188076019287109e+00
1.699437022209167480e+00
2.442720651626586914e+00
3.008940458297729492e+00
2.850568771362304688e+00
3.046871185302734375e+00
3.600650548934936523e+00
3.852096557617187500e+00
3.253997802734375000e+00
3.281163454055786133e+00
3.318826198577880859e+00
2.578309535980224609e+00
3.206985712051391602e+00
2.672057390213012695e+00
2.967308044433593750e+00
2.639045476913452148e+00
2.423088550567626953e+00
2.324074268341064453e+00
2.684843063354492188e+00
2.267493009567260742e+00
2.152913331985473633e+00
2.439024448394775391e+00
2.845803737640380859e+00
3.283066272735595703e+00
2.849132776260375977e+00
2.779183626174926758e+00
3.525680303573608398e+00
4.071746826171875000e+00
4.025810718536376953e+00
3.634274482727050781e+00
3.464965343475341797e+00
3.265026330947875977e+00
3.189715623855590820e+00
3.354318141937255859e+00
3.854654788970947266e+00
4.206127166748046875e+00
4.747258186340332031e+00
5.004610061645507812e+00
4.660305023193359375e+00
4.534678936004638672e+00
4.813206195831298828e+00
4.533083915710449219e+00
4.710798740386962891e+00
4.587376117706298828e+00
4.246069908142089844e+00
4.114641666412353516e+00
3.993029117584228516e+00
4.243140697479248047e+00
4.442429542541503906e+00
4.496163845062255859e+00
4.369916439056396484e+00
4.711842060089111328e+00
4.966675758361816406e+00
4.389211177825927734e+00
4.448901653289794922e+00
4.263751506805419922e+00
3.667146205902099609e+00
1.953329920768737793e+00
1.564479470252990723e+00
1.939097285270690918e+00
1.690001964569091797e+00
1.959553718566894531e+00
1.688643932342529297e+00
1.840755343437194824e+00
2.002372026443481445e+00
2.074594259262084961e+00
4.408763647079467773e-01
7.595602273941040039e-01
1.284486889839172363e+00
1.097368240356445312e+00
3.331084251403808594e-01
7.837629318237304688e-01
9.676648974418640137e-01
7.894518971443176270e-01
1.343378543853759766e+00
1.391048550605773926e+00
2.427124261856079102e+00
2.125301361083984375e+00
2.114500761032104492e+00
1.990127682685852051e+00
1.836826205253601074e+00
1.908967971801757812e+00
2.429326534271240234e+00
1.410255670547485352e+00
2.570702075958251953e+00
3.217526674270629883e+00
2.755462408065795898e+00
2.866309642791748047e+00
3.498563289642333984e+00
3.719783782958984375e+00
2.965006828308105469e+00
3.062701702117919922e+00
3.052088499069213867e+00
2.304598331451416016e+00
3.020920515060424805e+00
2.637013912200927734e+00
3.051760435104370117e+00
2.834905147552490234e+00
2.541072845458984375e+00
1.943060040473937988e+00
2.323279142379760742e+00
1.943956375122070312e+00
2.229489564895629883e+00
2.598656654357910156e+00
2.804526090621948242e+00
3.377899885177612305e+00
2.994686365127563477e+00
3.227144241333007812e+00
3.863989591598510742e+00
4.179587364196777344e+00
4.198187351226806641e+00
3.898534536361694336e+00
3.292562723159790039e+00
3.191128730773925781e+00
3.337888240814208984e+00
3.673609256744384766e+00
4.154599666595458984e+00
4.665144920349121094e+00
5.023295879364013672e+00
5.287515163421630859e+00
4.890331268310546875e+00
4.719577789306640625e+00
4.676682472229003906e+00
4.512615680694580078e+00
4.682370662689208984e+00
4.440448760986328125e+00
4.222403526306152344e+00
3.906725645065307617e+00
3.732553958892822266e+00
3.974615335464477539e+00
4.166549205780029297e+00
4.188785552978515625e+00
3.996653318405151367e+00
4.380915641784667969e+00
4.674777507781982422e+00
4.087912559509277344e+00
4.116423130035400391e+00
3.941685199737548828e+00
3.361181735992431641e+00
1.623377323150634766e+00
1.285047173500061035e+00
1.609889149665832520e+00
1.264543890953063965e+00
1.478879570960998535e+00
1.152364373207092285e+00
1.383906960487365723e+00
1.566652178764343262e+00
1.496810078620910645e+00
1.318904012441635132e-01
5.701764822006225586e-01
4.382803440093994141e-01
8.548145294189453125e-01
1.154840707778930664e+00
1.137698173522949219e+00
7.402728199958801270e-01
1.063171505928039551e+00
1.140185356140136719e+00
2.477639198303222656e+00
2.325717687606811523e+00
2.227892875671386719e+00
2.286192178726196289e+00
1.839886665344238281e+00
2.321148157119750977e+00
2.388806581497192383e+00
1.590812683105468750e+00
2.006511688232421875e+00
2.656368732452392578e+00
2.164602279663085938e+00
2.350884437561035156e+00
2.977375984191894531e+00
3.202528238296508789e+00
2.996190309524536133e+00
3.234899997711181641e+00
3.386263370513916016e+00
2.779043912887573242e+00
3.313853263854980469e+00
2.508287429809570312e+00
2.963233709335327148e+00
2.552908658981323242e+00
2.123498439788818359e+00
1.782566547393798828e+00
2.166644334793090820e+00
1.904969930648803711e+00
2.008909225463867188e+00
2.563843965530395508e+00
2.973149538040161133e+00
3.585751771926879883e+00
3.184136152267456055e+00
2.926718473434448242e+00
3.462583541870117188e+00
4.120330810546875000e+00
4.197144508361816406e+00
3.879939556121826172e+00
3.474775075912475586e+00
3.187867403030395508e+00
2.892285108566284180e+00
3.094750642776489258e+00
3.590651035308837891e+00
4.242509841918945312e+00
4.704078674316406250e+00
4.948015213012695312e+00
4.507161617279052734e+00
4.309854030609130859e+00
4.391493797302246094e+00
4.295292854309082031e+00
4.611119270324707031e+00
4.526458740234375000e+00
4.123929977416992188e+00
3.889047622680664062e+00
3.768245458602905273e+00
3.980761766433715820e+00
4.018329143524169922e+00
4.035934925079345703e+00
3.918614625930786133e+00
4.164625644683837891e+00
4.372509956359863281e+00
3.708056211471557617e+00
3.761431455612182617e+00
3.551945209503173828e+00
2.950381755828857422e+00
1.226064443588256836e+00
8.207082748413085938e-01
1.193058609962463379e+00
1.009583711624145508e+00
1.319849610328674316e+00
1.143281817436218262e+00
1.473157525062561035e+00
1.692098855972290039e+00
1.833125948905944824e+00
3.314233720302581787e-01
3.702376186847686768e-01
1.393750786781311035e+00
1.737577199935913086e+00
1.683457851409912109e+00
1.203524231910705566e+00
7.642303705215454102e-01
4.137745797634124756e-01
1.804049730300903320e+00
1.720857501029968262e+00
1.701099991798400879e+00
1.846675634384155273e+00
1.538649082183837891e+00
2.446475982666015625e+00
2.456434249877929688e+00
1.663025140762329102e+00
1.829936265945434570e+00
2.432565450668334961e+00
2.057460308074951172e+00
2.311157464981079102e+00
2.914554595947265625e+00
3.144101381301879883e+00
3.047749280929565430e+00
3.189604759216308594e+00
3.363055706024169922e+00
2.752642631530761719e+00
3.160206317901611328e+00
2.367380857467651367e+00
2.679540395736694336e+00
2.267684221267700195e+00
1.956094741821289062e+00
1.893573403358459473e+00
2.266180515289306641e+00
2.030080795288085938e+00
1.761332869529724121e+00
2.198160409927368164e+00
2.674787521362304688e+00
3.124921798706054688e+00
2.698034286499023438e+00
2.443006038665771484e+00
3.142176628112792969e+00
3.791815519332885742e+00
3.773020029067993164e+00
3.392056703567504883e+00
3.338036060333251953e+00
3.021966218948364258e+00
2.703686237335205078e+00
2.813224554061889648e+00
3.303947687149047852e+00
3.816648960113525391e+00
4.384333610534667969e+00
4.634762763977050781e+00
4.265315055847167969e+00
4.100454807281494141e+00
4.355124950408935547e+00
4.183021545410156250e+00
4.429561138153076172e+00
4.363378524780273438e+00
3.937172174453735352e+00
3.862297773361206055e+00
3.779874324798583984e+00
3.997195720672607422e+00
4.061317920684814453e+00
4.125191211700439453e+00
4.049210071563720703e+00
4.251478672027587891e+00
4.416726589202880859e+00
3.733159303665161133e+00
3.804208040237426758e+00
3.580687999725341797e+00
2.974053621292114258e+00
1.281155347824096680e+00
9.871574044227600098e-01
1.478585124015808105e+00
1.433743596076965332e+00
1.717646718025207520e+00
1.591339111328125000e+00
1.683525443077087402e+00
1.876623868942260742e+00
2.042941570281982422e+00
2.858733832836151123e-01
1.926892876625061035e+00
2.150886774063110352e+00
2.005931854248046875e+00
1.418758869171142578e+00
9.205704927444458008e-01
9.832580089569091797e-01
2.302565813064575195e+00
2.244446039199829102e+00
2.065921783447265625e+00
2.220515012741088867e+00
1.620951533317565918e+00
2.485354423522949219e+00
2.275162220001220703e+00
1.680196523666381836e+00
1.242954015731811523e+00
1.813839673995971680e+00
1.226924896240234375e+00
1.482851743698120117e+00
2.081383705139160156e+00
2.279626369476318359e+00
2.859130620956420898e+00
3.112747907638549805e+00
3.314645528793334961e+00
2.857277631759643555e+00
3.213783264160156250e+00
2.221712589263916016e+00
2.609091997146606445e+00
2.130220174789428711e+00
1.643618822097778320e+00
1.512391567230224609e+00
1.906863212585449219e+00
1.892969727516174316e+00
1.622205376625061035e+00
2.280943393707275391e+00
2.788773059844970703e+00
3.350555181503295898e+00
2.937824964523315430e+00
2.447954416275024414e+00
2.897988319396972656e+00
3.748736143112182617e+00
3.824576616287231445e+00
3.511340856552124023e+00
3.291535377502441406e+00
2.900759458541870117e+00
2.294978141784667969e+00
2.253380775451660156e+00
2.764979124069213867e+00
3.652783393859863281e+00
4.182345867156982422e+00
4.414109230041503906e+00
3.873361349105834961e+00
3.700056076049804688e+00
3.877483844757080078e+00
3.906346082687377930e+00
4.260445117950439453e+00
4.227612495422363281e+00
3.756553888320922852e+00
3.652879238128662109e+00
3.581112861633300781e+00
3.757462024688720703e+00
3.675176858901977539e+00
3.714243412017822266e+00
3.585644245147705078e+00
3.669113159179687500e+00
3.775191783905029297e+00
2.960938692092895508e+00
3.031428337097167969e+00
2.763318538665771484e+00
2.170007705688476562e+00
6.570701003074645996e-01
8.270799517631530762e-01
1.366485476493835449e+00
1.535427570343017578e+00
1.784364461898803711e+00
1.777011275291442871e+00
1.655124068260192871e+00
1.917295455932617188e+00
2.129993200302124023e+00
1.684818625450134277e+00
1.874971151351928711e+00
1.768156528472900391e+00
1.143278241157531738e+00
7.549499869346618652e-01
9.678826332092285156e-01
2.247705698013305664e+00
2.150107860565185547e+00
1.926448941230773926e+00
2.033413171768188477e+00
1.427936196327209473e+00
2.127163648605346680e+00
1.960583448410034180e+00
1.355092763900756836e+00
1.316283226013183594e+00
1.914448857307434082e+00
1.339151024818420410e+00
1.480407595634460449e+00
2.132750034332275391e+00
2.330504655838012695e+00
2.549010276794433594e+00
2.845758676528930664e+00
3.032248973846435547e+00
2.564495325088500977e+00
2.972152948379516602e+00
2.007174968719482422e+00
2.431828975677490234e+00
1.982015609741210938e+00
1.483263134956359863e+00
1.224356055259704590e+00
1.608738064765930176e+00
1.537213802337646484e+00
1.453358769416809082e+00
2.108561277389526367e+00
2.583899497985839844e+00
3.193863630294799805e+00
2.792428493499755859e+00
2.365120410919189453e+00
2.805354356765747070e+00
3.581307172775268555e+00
3.682436943054199219e+00
3.387742280960083008e+00
3.056407690048217773e+00
2.697366476058959961e+00
2.226853132247924805e+00
2.408084392547607422e+00
2.901807069778442383e+00
3.601152420043945312e+00
4.070114612579345703e+00
4.306541442871093750e+00
3.856348514556884766e+00
3.648587465286254883e+00
3.752556324005126953e+00
3.713583469390869141e+00
4.066193580627441406e+00
4.022352695465087891e+00
3.572118759155273438e+00
3.396057367324829102e+00
3.297943115234375000e+00
3.466386318206787109e+00
3.442822217941284180e+00
3.476577997207641602e+00
3.404484033584594727e+00
3.536312341690063477e+00
3.677656173706054688e+00
2.886614084243774414e+00
2.934023380279541016e+00
2.685772895812988281e+00
2.083900213241577148e+00
4.446421861648559570e-01
5.908512473106384277e-01
1.119501471519470215e+00
1.336780190467834473e+00
1.484844803810119629e+00
1.527203917503356934e+00
1.229720592498779297e+00
1.523058891296386719e+00
1.716246366500854492e+00
3.234263360500335693e-01
5.774862170219421387e-01
9.203773140907287598e-01
1.818053364753723145e+00
1.876238346099853516e+00
2.862481832504272461e+00
2.563540697097778320e+00
2.569379329681396484e+00
2.428568124771118164e+00
2.213708400726318359e+00
1.997039079666137695e+00
2.532394170761108398e+00
1.435192465782165527e+00
3.056593418121337891e+00
3.659534215927124023e+00
3.250321388244628906e+00
3.292077541351318359e+00
3.913550138473510742e+00
4.126912593841552734e+00
3.092296123504638672e+00
3.250030040740966797e+00
3.212417125701904297e+00
2.488460779190063477e+00
3.230464220046997070e+00
2.923459291458129883e+00
3.365528345108032227e+00
3.190661907196044922e+00
2.920941352844238281e+00
2.072944641113281250e+00
2.396611213684082031e+00
2.031477212905883789e+00
2.529267787933349609e+00
2.982340574264526367e+00
3.146815538406372070e+00
3.779310703277587891e+00
3.423463106155395508e+00
3.644402027130126953e+00
4.196930885314941406e+00
4.483609199523925781e+00
4.579800128936767578e+00
4.273830413818359375e+00
3.529690265655517578e+00
3.456924676895141602e+00
3.710900306701660156e+00
4.158477783203125000e+00
4.621908187866210938e+00
5.066989421844482422e+00
5.352550029754638672e+00
5.612224578857421875e+00
5.188768863677978516e+00
5.031189918518066406e+00
4.859893798828125000e+00
4.718173980712890625e+00
4.926517009735107422e+00
4.677474498748779297e+00
4.499881267547607422e+00
4.059875965118408203e+00
3.867244005203247070e+00
4.100398063659667969e+00
4.264570713043212891e+00
4.254817008972167969e+00
3.995583057403564453e+00
4.497184753417968750e+00
4.864589214324951172e+00
4.362088680267333984e+00
4.369675159454345703e+00
4.232902050018310547e+00
3.666291952133178711e+00
2.049530506134033203e+00
1.776628136634826660e+00
1.959516644477844238e+00
1.532946109771728516e+00
1.558997511863708496e+00
1.168373107910156250e+00
1.390686035156250000e+00
1.582461476325988770e+00
1.402751922607421875e+00
1.322986185550689697e-01
6.851035356521606445e-01
1.989815950393676758e+00
2.281424283981323242e+00
3.117954015731811523e+00
2.718271493911743164e+00
2.634791851043701172e+00
2.398126125335693359e+00
2.174385547637939453e+00
1.581340670585632324e+00
2.153709173202514648e+00
1.097056269645690918e+00
3.060528039932250977e+00
3.544176101684570312e+00
3.218057870864868164e+00
3.156176328659057617e+00
3.753058671951293945e+00
3.942745447158813477e+00
2.716898918151855469e+00
2.953258752822875977e+00
2.859836339950561523e+00
2.227880239486694336e+00
2.961699247360229492e+00
2.801344156265258789e+00
3.248164653778076172e+00
3.139029979705810547e+00
2.867180824279785156e+00
1.681473970413208008e+00
1.983957767486572266e+00
1.693611860275268555e+00
2.466801881790161133e+00
2.958691358566284180e+00
3.038149595260620117e+00
3.702448368072509766e+00
3.409293174743652344e+00
3.697863817214965820e+00
4.121495246887207031e+00
4.318938255310058594e+00
4.502204418182373047e+00
4.190247058868408203e+00
3.285431146621704102e+00
3.264171361923217773e+00
3.595714330673217773e+00
4.161428928375244141e+00
4.600468158721923828e+00
5.082331657409667969e+00
5.245581150054931641e+00
5.498238563537597656e+00
5.041913032531738281e+00
4.845524787902832031e+00
4.514495372772216797e+00
4.442461967468261719e+00
4.673825263977050781e+00
4.409209728240966797e+00
4.263342380523681641e+00
3.710550785064697266e+00
3.477591514587402344e+00
3.700516939163208008e+00
3.838241338729858398e+00
3.797426223754882812e+00
3.472489833831787109e+00
4.044242382049560547e+00
4.465483188629150391e+00
4.025584697723388672e+00
4.014680385589599609e+00
3.918222665786743164e+00
3.379150152206420898e+00
1.910244941711425781e+00
1.667604088783264160e+00
1.676612138748168945e+00
1.271469354629516602e+00
1.031800508499145508e+00
7.094861268997192383e-01
9.820567965507507324e-01
1.155469298362731934e+00
8.165006637573242188e-01
4.479107856750488281e-01
2.186718702316284180e+00
2.463957786560058594e+00
3.514354467391967773e+00
3.193780183792114258e+00
3.083025217056274414e+00
2.915336847305297852e+00
2.656214237213134766e+00
2.085385799407958984e+00
2.484929800033569336e+00
1.579139351844787598e+00
3.050035715103149414e+00
3.507147073745727539e+00
3.100078582763671875e+00
2.993440866470336914e+00
3.641559839248657227e+00
3.782138347625732422e+00
3.048783063888549805e+00
3.433352470397949219e+00
3.380831718444824219e+00
2.807285308837890625e+00
3.502425670623779297e+00
3.145536661148071289e+00
3.640122413635253906e+00
3.427462100982666016e+00
3.015612363815307617e+00
1.746827960014343262e+00
2.149746656417846680e+00
1.950504064559936523e+00
2.763329267501831055e+00
3.363431453704833984e+00
3.535060644149780273e+00
4.261689662933349609e+00
3.932643175125122070e+00
3.998318910598754883e+00
4.366097927093505859e+00
4.730052471160888672e+00
4.964000225067138672e+00
4.659204959869384766e+00
3.781982183456420898e+00
3.679616451263427734e+00
3.758926153182983398e+00
4.199076652526855469e+00
4.657807826995849609e+00
5.316621303558349609e+00
5.547395706176757812e+00
5.792060375213623047e+00
5.301034927368164062e+00
5.095182895660400391e+00
4.712189197540283203e+00
4.766068458557128906e+00
5.079140186309814453e+00
4.879594802856445312e+00
4.653972148895263672e+00
4.105146408081054688e+00
3.868033409118652344e+00
4.071700096130371094e+00
4.105794906616210938e+00
3.991618633270263672e+00
3.624265193939208984e+00
4.112887859344482422e+00
4.495105743408203125e+00
3.897758245468139648e+00
3.836672306060791016e+00
3.690138339996337891e+00
3.145680189132690430e+00
1.597434043884277344e+00
1.370431780815124512e+00
1.277471542358398438e+00
8.501247167587280273e-01
6.740258336067199707e-01
3.752612471580505371e-01
1.026882410049438477e+00
1.399899840354919434e+00
1.060974955558776855e+00
1.627627968788146973e+00
1.961192727088928223e+00
3.109269857406616211e+00
2.817229509353637695e+00
2.628126382827758789e+00
2.512764692306518555e+00
2.148894548416137695e+00
1.782449126243591309e+00
1.992609739303588867e+00
1.204883217811584473e+00
2.337876319885253906e+00
2.797698736190795898e+00
2.385888099670410156e+00
2.311129808425903320e+00
2.958950757980346680e+00
3.138121604919433594e+00
2.590982198715209961e+00
2.998927116394042969e+00
3.022757768630981445e+00
2.516400814056396484e+00
3.135942220687866211e+00
2.582717895507812500e+00
3.105679988861083984e+00
2.820359230041503906e+00
2.341798543930053711e+00
1.191348910331726074e+00
1.636598944664001465e+00
1.412111520767211914e+00
2.185459375381469727e+00
2.834718465805053711e+00
3.077706098556518555e+00
3.831521272659301758e+00
3.503593206405639648e+00
3.401675939559936523e+00
3.718314170837402344e+00
4.189621925354003906e+00
4.446756362915039062e+00
4.157035827636718750e+00
3.347777843475341797e+00
3.160823345184326172e+00
3.070014715194702148e+00
3.486778259277343750e+00
3.945285558700561523e+00
4.673504352569580078e+00
4.919958591461181641e+00
5.157793521881103516e+00
4.650097370147705078e+00
4.426030635833740234e+00
4.128047466278076172e+00
4.177796363830566406e+00
4.537718772888183594e+00
4.403685569763183594e+00
4.102809906005859375e+00
3.603029489517211914e+00
3.407591581344604492e+00
3.597402572631835938e+00
3.591181516647338867e+00
3.514140605926513672e+00
3.233630657196044922e+00
3.624115467071533203e+00
3.950141429901123047e+00
3.330049991607666016e+00
3.310244321823120117e+00
3.151067733764648438e+00
2.593744516372680664e+00
9.803939461708068848e-01
6.608296632766723633e-01
6.954843997955322266e-01
2.890922725200653076e-01
5.965802073478698730e-01
2.887917160987854004e-01
5.286922454833984375e-01
9.499611854553222656e-01
9.263688325881958008e-01
1.328562945127487183e-01
1.248298645019531250e+00
1.101659297943115234e+00
7.685860991477966309e-01
9.323602914810180664e-01
3.118324875831604004e-01
1.688720941543579102e+00
1.520291328430175781e+00
1.041377186775207520e+00
1.372497797012329102e+00
1.758164525032043457e+00
1.886735916137695312e+00
2.228514194488525391e+00
2.489156961441040039e+00
2.843844652175903320e+00
2.010988235473632812e+00
1.953494668006896973e+00
2.182325363159179688e+00
1.876963853836059570e+00
1.919944524765014648e+00
1.012612104415893555e+00
1.270591855049133301e+00
9.683424234390258789e-01
9.799425005912780762e-01
1.637127161026000977e+00
1.822975873947143555e+00
1.255866885185241699e+00
4.732069671154022217e-01
8.322094678878784180e-01
1.372105240821838379e+00
1.900814056396484375e+00
1.501364707946777344e+00
1.237895250320434570e+00
1.875571250915527344e+00
2.407052755355834961e+00
2.431295871734619141e+00
2.117247819900512695e+00
2.013766527175903320e+00
1.650461673736572266e+00
1.660300850868225098e+00
2.057342767715454102e+00
2.469321489334106445e+00
2.660892009735107422e+00
3.064644098281860352e+00
3.325895786285400391e+00
2.978855609893798828e+00
2.886078357696533203e+00
3.271867752075195312e+00
2.864497661590576172e+00
3.024832248687744141e+00
2.964791297912597656e+00
2.562718868255615234e+00
2.596544504165649414e+00
2.584961175918579102e+00
2.817134618759155273e+00
3.051024436950683594e+00
3.225518226623535156e+00
3.359168052673339844e+00
3.551232099533081055e+00
3.667528867721557617e+00
3.364190101623535156e+00
3.617703199386596680e+00
3.520551443099975586e+00
2.970731973648071289e+00
1.828150153160095215e+00
1.787370085716247559e+00
2.278724908828735352e+00
2.187998771667480469e+00
2.332907438278198242e+00
2.053733110427856445e+00
1.620729804039001465e+00
1.670607089996337891e+00
1.920242428779602051e+00
1.075233459472656250e+00
1.050736784934997559e+00
9.448396563529968262e-01
1.198882699012756348e+00
7.969174981117248535e-01
2.073321819305419922e+00
2.028800249099731445e+00
1.335984706878662109e+00
1.641793727874755859e+00
2.046167373657226562e+00
2.091197013854980469e+00
2.453535318374633789e+00
2.788614511489868164e+00
3.152058839797973633e+00
2.570417642593383789e+00
2.557134389877319336e+00
2.761959791183471680e+00
2.226330995559692383e+00
2.501638174057006836e+00
1.665316581726074219e+00
1.832880735397338867e+00
1.418444871902465820e+00
1.473126769065856934e+00
1.933198571205139160e+00
2.159536600112915039e+00
1.741153597831726074e+00
1.031015396118164062e+00
1.382308483123779297e+00
1.930144667625427246e+00
2.287194728851318359e+00
1.849148988723754883e+00
1.539584040641784668e+00
2.311831235885620117e+00
2.913169145584106445e+00
2.877313852310180664e+00
2.486397504806518555e+00
2.655134439468383789e+00
2.253406047821044922e+00
2.141799449920654297e+00
2.296520471572875977e+00
2.708320140838623047e+00
2.961328268051147461e+00
3.517582416534423828e+00
3.783632993698120117e+00
3.477844476699829102e+00
3.386018037796020508e+00
3.887805461883544922e+00
3.493487358093261719e+00
3.633849143981933594e+00
3.590466737747192383e+00
3.101844549179077148e+00
3.248904943466186523e+00
3.211288452148437500e+00
3.446278572082519531e+00
3.642920732498168945e+00
3.778879642486572266e+00
3.860345602035522461e+00
4.049700736999511719e+00
4.196705818176269531e+00
3.735033035278320312e+00
3.939805507659912109e+00
3.794802427291870117e+00
3.213115930557250977e+00
2.094261169433593750e+00
1.949331164360046387e+00
2.471513271331787109e+00
2.432747125625610352e+00
2.650953769683837891e+00
2.388383626937866211e+00
1.967583894729614258e+00
2.014336109161376953e+00
2.268633842468261719e+00
4.033974707126617432e-01
3.299033343791961670e-01
7.888265848159790039e-01
1.026288747787475586e+00
2.464632034301757812e+00
2.586792230606079102e+00
2.069669961929321289e+00
2.514364004135131836e+00
2.648008346557617188e+00
3.056659460067749023e+00
3.457489967346191406e+00
3.532076120376586914e+00
3.984664440155029297e+00
2.941509246826171875e+00
2.600208997726440430e+00
2.763546705245971680e+00
2.321718454360961914e+00
2.244946956634521484e+00
1.669882774353027344e+00
1.308722138404846191e+00
1.583046078681945801e+00
1.809792876243591309e+00
2.901225090026855469e+00
3.047900915145874023e+00
2.433801889419555664e+00
1.434412598609924316e+00
1.226855874061584473e+00
1.564719557762145996e+00
1.376583576202392578e+00
8.564054965972900391e-01
1.004343152046203613e+00
2.091079235076904297e+00
2.200744152069091797e+00
2.018536329269409180e+00
1.504906773567199707e+00
2.456278324127197266e+00
2.159917354583740234e+00
2.504814863204956055e+00
2.660890102386474609e+00
2.880644798278808594e+00
2.453527450561523438e+00
2.834693431854248047e+00
3.273849964141845703e+00
3.195280790328979492e+00
3.163658142089843750e+00
4.065144062042236328e+00
3.333473443984985352e+00
3.204762220382690430e+00
3.183582067489624023e+00
2.785604238510131836e+00
3.120847225189208984e+00
3.356677770614624023e+00
3.589359760284423828e+00
3.943984031677246094e+00
4.250137329101562500e+00
4.463889598846435547e+00
4.661460399627685547e+00
4.673707962036132812e+00
4.514704227447509766e+00
4.824438571929931641e+00
4.746033668518066406e+00
4.219473838806152344e+00
3.371270656585693359e+00
3.299205064773559570e+00
3.808517932891845703e+00
3.701972723007202148e+00
3.868622541427612305e+00
3.529366731643676758e+00
3.041865587234497070e+00
2.886107206344604492e+00
3.212806463241577148e+00
1.322500407695770264e-01
3.207609653472900391e-01
5.337819457054138184e-01
1.937178015708923340e+00
2.195623636245727539e+00
1.622515320777893066e+00
2.494513988494873047e+00
2.749072313308715820e+00
3.030551671981811523e+00
3.353902101516723633e+00
3.539316892623901367e+00
3.916799068450927734e+00
2.508154869079589844e+00
2.148765563964843750e+00
2.255681991577148438e+00
1.756973147392272949e+00
1.705976963043212891e+00
1.398038864135742188e+00
1.139463782310485840e+00
1.487504243850708008e+00
1.883544206619262695e+00
2.625891447067260742e+00
2.694724082946777344e+00
2.128636837005615234e+00
1.268258810043334961e+00
1.008562922477722168e+00
1.068005919456481934e+00
9.945755004882812500e-01
5.500493645668029785e-01
1.443223834037780762e+00
2.271102666854858398e+00
2.101850271224975586e+00
1.882682204246520996e+00
1.503805637359619141e+00
2.033337831497192383e+00
1.877280712127685547e+00
2.514793157577514648e+00
2.911823272705078125e+00
3.167198657989501953e+00
2.782166481018066406e+00
2.964697837829589844e+00
3.386513233184814453e+00
3.281185150146484375e+00
3.169071912765502930e+00
3.935803890228271484e+00
3.162188053131103516e+00
2.985322475433349609e+00
2.894421815872192383e+00
2.646015405654907227e+00
2.759901523590087891e+00
2.975785017013549805e+00
3.231018066406250000e+00
3.632964849472045898e+00
3.899710655212402344e+00
4.066587924957275391e+00
4.353436470031738281e+00
4.495075225830078125e+00
4.318002700805664062e+00
4.627622604370117188e+00
4.566661357879638672e+00
4.038649082183837891e+00
3.229511499404907227e+00
3.178165435791015625e+00
3.655925750732421875e+00
3.499382734298706055e+00
3.619820833206176758e+00
3.218652725219726562e+00
2.686521053314208984e+00
2.466688394546508789e+00
2.788004636764526367e+00
3.379635512828826904e-01
3.264079689979553223e-01
1.756109118461608887e+00
1.903280973434448242e+00
1.399866223335266113e+00
2.162321090698242188e+00
2.414802312850952148e+00
2.697385311126708984e+00
3.009407281875610352e+00
3.196991682052612305e+00
3.567616462707519531e+00
2.255931377410888672e+00
1.953934788703918457e+00
2.116354465484619141e+00
1.651344180107116699e+00
1.676042675971984863e+00
1.163866758346557617e+00
8.894727230072021484e-01
1.148549914360046387e+00
1.512759089469909668e+00
2.304919242858886719e+00
2.405758857727050781e+00
1.801825761795043945e+00
9.363934397697448730e-01
7.343949079513549805e-01
1.084094166755676270e+00
1.131118893623352051e+00
6.451767683029174805e-01
9.206695556640625000e-01
1.894693970680236816e+00
1.987569451332092285e+00
1.847185611724853516e+00
1.417776346206665039e+00
1.915004491806030273e+00
1.677257657051086426e+00
2.185668706893920898e+00
2.487477779388427734e+00
2.727081775665283203e+00
2.403364896774291992e+00
2.746062040328979492e+00
3.135501384735107422e+00
2.986843585968017578e+00
2.909820556640625000e+00
3.651596784591674805e+00
2.977840185165405273e+00
2.886097669601440430e+00
2.799821138381958008e+00
2.387338399887084961e+00
2.602436065673828125e+00
2.742522478103637695e+00
2.999133825302124023e+00
3.360416889190673828e+00
3.611396074295043945e+00
3.786019086837768555e+00
4.041341304779052734e+00
4.173488140106201172e+00
3.975658416748046875e+00
4.286224365234375000e+00
4.222438812255859375e+00
3.699107646942138672e+00
2.959156274795532227e+00
2.980261087417602539e+00
3.456722021102905273e+00
3.314970493316650391e+00
3.411903858184814453e+00
3.033032178878784180e+00
2.433335542678833008e+00
2.218118190765380859e+00
2.572221517562866211e+00
1.323856711387634277e-01
1.304947614669799805e+00
1.626342535018920898e+00
1.115507245063781738e+00
2.295668840408325195e+00
2.581862926483154297e+00
2.809025287628173828e+00
3.044636011123657227e+00
3.309065818786621094e+00
3.607007265090942383e+00
1.899878621101379395e+00
1.565385341644287109e+00
1.657496690750122070e+00
1.138105630874633789e+00
1.286883950233459473e+00
1.042687773704528809e+00
1.014105319976806641e+00
1.258368730545043945e+00
1.694024205207824707e+00
2.181070089340209961e+00
2.141523599624633789e+00
1.645400166511535645e+00
8.851880431175231934e-01
7.566678524017333984e-01
8.347513079643249512e-01
1.067571878433227539e+00
6.281978487968444824e-01
1.448544859886169434e+00
2.215737819671630859e+00
2.124731540679931641e+00
1.955004572868347168e+00
1.618670463562011719e+00
1.565034508705139160e+00
1.466662645339965820e+00
2.226094722747802734e+00
2.780588626861572266e+00
3.075094699859619141e+00
2.843321084976196289e+00
3.027024507522583008e+00
3.403376817703247070e+00
3.222042083740234375e+00
3.070725679397583008e+00
3.494312524795532227e+00
2.892521381378173828e+00
2.867878913879394531e+00
2.624805212020874023e+00
2.399526357650756836e+00
2.281166076660156250e+00
2.410492420196533203e+00
2.679724931716918945e+00
3.078214645385742188e+00
3.334655284881591797e+00
3.467047452926635742e+00
3.813920974731445312e+00
4.016362667083740234e+00
3.873528242111206055e+00
4.180081367492675781e+00
4.149782657623291016e+00
3.631264448165893555e+00
2.984301328659057617e+00
3.033267259597778320e+00
3.467437505722045898e+00
3.273025751113891602e+00
3.292275667190551758e+00
2.885845899581909180e+00
2.211199522018432617e+00
1.935565352439880371e+00
2.289230823516845703e+00
1.117334961891174316e+00
1.360211968421936035e+00
8.052185177803039551e-01
1.587372183799743652e+00
1.937449455261230469e+00
2.150789022445678711e+00
2.364415168762207031e+00
2.682514905929565430e+00
2.954538583755493164e+00
1.734607934951782227e+00
1.518612265586853027e+00
1.642717599868774414e+00
1.092581391334533691e+00
1.373899221420288086e+00
8.786153197288513184e-01
1.124365568161010742e+00
9.112142920494079590e-01
1.073921084403991699e+00
1.635333180427551270e+00
1.768356084823608398e+00
1.174707412719726562e+00
4.468336403369903564e-01
6.239106655120849609e-01
9.286432862281799316e-01
1.426832795143127441e+00
1.050364732742309570e+00
1.249301433563232422e+00
1.945749282836914062e+00
2.276843786239624023e+00
2.212809562683105469e+00
1.913257956504821777e+00
1.605162382125854492e+00
1.424754500389099121e+00
1.748725652694702148e+00
2.223560333251953125e+00
2.620947360992431641e+00
2.715035200119018555e+00
3.075882196426391602e+00
3.343870639801025391e+00
3.008343458175659180e+00
2.892753839492797852e+00
3.222383022308349609e+00
2.779556989669799805e+00
2.861408233642578125e+00
2.696026802062988281e+00
2.356226682662963867e+00
2.287744998931884766e+00
2.320639610290527344e+00
2.586728572845458984e+00
2.925806045532226562e+00
3.113445997238159180e+00
3.251486301422119141e+00
3.480622768402099609e+00
3.637705564498901367e+00
3.378695487976074219e+00
3.635895967483520508e+00
3.565414905548095703e+00
3.030961751937866211e+00
2.425060272216796875e+00
2.460229396820068359e+00
2.931326866149902344e+00
2.824891805648803711e+00
2.886793851852416992e+00
2.547152757644653320e+00
1.832974553108215332e+00
1.627694845199584961e+00
1.988114237785339355e+00
6.519640088081359863e-01
4.983491897583007812e-01
2.371923685073852539e+00
2.698469400405883789e+00
2.733259439468383789e+00
2.646883964538574219e+00
2.977582216262817383e+00
3.181560754776000977e+00
8.908101916313171387e-01
1.060642838478088379e+00
9.311304688453674316e-01
5.391879081726074219e-01
1.093312501907348633e+00
1.215566754341125488e+00
1.580854296684265137e+00
1.688795447349548340e+00
1.863628029823303223e+00
1.181793093681335449e+00
1.030071258544921875e+00
8.016760945320129395e-01
1.266935110092163086e+00
1.591796159744262695e+00
1.386239767074584961e+00
2.153955459594726562e+00
2.083755731582641602e+00
2.482154846191406250e+00
2.644917011260986328e+00
2.509022474288940430e+00
2.827775955200195312e+00
2.521005868911743164e+00
1.400357723236083984e+00
1.475574254989624023e+00
2.276420593261718750e+00
3.023032665252685547e+00
3.401179313659667969e+00
3.610945701599121094e+00
3.577153682708740234e+00
3.826677560806274414e+00
3.420821189880371094e+00
3.169306516647338867e+00
2.882338762283325195e+00
2.661567449569702148e+00
2.816767215728759766e+00
2.513160705566406250e+00
2.371664285659790039e+00
1.820984244346618652e+00
1.583154559135437012e+00
1.827326178550720215e+00
2.116216421127319336e+00
2.241781711578369141e+00
2.133781433105468750e+00
2.735560178756713867e+00
3.179173469543457031e+00
3.050093412399291992e+00
3.273010015487670898e+00
3.316015481948852539e+00
2.845695257186889648e+00
2.500039815902709961e+00
2.658441781997680664e+00
2.893487215042114258e+00
2.605870485305786133e+00
2.337176799774169922e+00
1.984768152236938477e+00
1.120756626129150391e+00
7.423560023307800293e-01
9.926096796989440918e-01
7.458141446113586426e-01
1.604888558387756348e+00
1.883496761322021484e+00
2.034315824508666992e+00
1.811411380767822266e+00
2.071549415588378906e+00
2.237239599227905273e+00
3.974327743053436279e-01
1.050193190574645996e+00
1.161523342132568359e+00
1.129151344299316406e+00
1.386241555213928223e+00
8.486719727516174316e-01
1.295950412750244141e+00
1.177517533302307129e+00
1.191451787948608398e+00
8.413927555084228516e-01
3.942357599735260010e-01
3.363357484340667725e-01
9.257843494415283203e-01
1.501878261566162109e+00
1.518113493919372559e+00
2.346006155014038086e+00
2.199078559875488281e+00
2.143808603286743164e+00
2.011582136154174805e+00
2.182761430740356445e+00
2.662055730819702148e+00
2.401982784271240234e+00
1.372057676315307617e+00
1.182355761528015137e+00
1.488133907318115234e+00
2.237022876739501953e+00
2.646332263946533203e+00
3.047071456909179688e+00
3.032430648803710938e+00
3.264077663421630859e+00
2.766974925994873047e+00
2.532061338424682617e+00
2.121124505996704102e+00
2.104234218597412109e+00
2.429465532302856445e+00
2.322350025177001953e+00
1.984481096267700195e+00
1.446789979934692383e+00
1.226130366325378418e+00
1.398844718933105469e+00
1.442226886749267578e+00
1.416231632232666016e+00
1.366174697875976562e+00
1.773576140403747559e+00
2.173030853271484375e+00
1.988200664520263672e+00
2.218137741088867188e+00
2.288080692291259766e+00
1.872530937194824219e+00
2.276785135269165039e+00
2.600565671920776367e+00
2.904900789260864258e+00
2.746187210083007812e+00
2.513057708740234375e+00
2.237599849700927734e+00
1.114402294158935547e+00
7.645623087882995605e-01
1.189416050910949707e+00
1.858692646026611328e+00
2.294669866561889648e+00
2.197733879089355469e+00
2.232330083847045898e+00
2.632784843444824219e+00
2.869297504425048828e+00
1.287154555320739746e+00
1.451795101165771484e+00
1.526990056037902832e+00
9.451402425765991211e-01
1.543315172195434570e+00
1.105995178222656250e+00
1.572331547737121582e+00
1.465631842613220215e+00
1.377595543861389160e+00
9.040420651435852051e-01
9.974937438964843750e-01
5.849347710609436035e-01
8.478217124938964844e-01
1.434691905975341797e+00
1.507425546646118164e+00
2.305862426757812500e+00
2.073978900909423828e+00
2.197174549102783203e+00
2.452251434326171875e+00
2.649008512496948242e+00
2.925064802169799805e+00
2.622659444808959961e+00
1.759808540344238281e+00
1.599253892898559570e+00
1.992680191993713379e+00
2.669301271438598633e+00
3.095619678497314453e+00
3.441540956497192383e+00
3.544710874557495117e+00
3.797609567642211914e+00
3.356054544448852539e+00
3.162749290466308594e+00
3.041202306747436523e+00
2.813223838806152344e+00
3.038172721862792969e+00
2.847485303878784180e+00
2.616395950317382812e+00
2.193751573562622070e+00
2.041815280914306641e+00
2.282917261123657227e+00
2.496849536895751953e+00
2.595257043838500977e+00
2.555262327194213867e+00
2.966110467910766602e+00
3.295332908630371094e+00
2.993592739105224609e+00
3.201834678649902344e+00
3.167876482009887695e+00
2.631388664245605469e+00
1.945184469223022461e+00
2.063630342483520508e+00
2.321319580078125000e+00
2.029106616973876953e+00
1.835846543312072754e+00
1.456429004669189453e+00
6.847733855247497559e-01
4.488507211208343506e-01
6.364268064498901367e-01
3.395958542823791504e-01
3.022108078002929688e-01
5.059424042701721191e-01
7.270933389663696289e-01
1.000689983367919922e+00
1.920367240905761719e+00
2.393671512603759766e+00
2.637686252593994141e+00
2.660787820816040039e+00
2.675221681594848633e+00
1.528321862220764160e+00
1.787897229194641113e+00
1.325568437576293945e+00
6.082476973533630371e-01
1.169759631156921387e+00
1.280765295028686523e+00
1.166273474693298340e+00
1.187541007995605469e+00
1.829647064208984375e+00
2.369590044021606445e+00
2.946435451507568359e+00
2.631517648696899414e+00
1.759903788566589355e+00
1.561869740486145020e+00
2.589978218078613281e+00
2.929243087768554688e+00
2.772404193878173828e+00
2.285988569259643555e+00
1.831025958061218262e+00
7.867766022682189941e-01
9.819236993789672852e-01
1.417201757431030273e+00
2.442057609558105469e+00
2.799353837966918945e+00
2.988391160964965820e+00
2.380804300308227539e+00
2.144780158996582031e+00
2.368938684463500977e+00
2.410267353057861328e+00
2.943851709365844727e+00
3.008695602416992188e+00
2.467507839202880859e+00
2.443724155426025391e+00
2.476488351821899414e+00
2.476381301879882812e+00
2.357389211654663086e+00
2.496176719665527344e+00
2.415411949157714844e+00
2.405686378479003906e+00
2.435985565185546875e+00
1.808144092559814453e+00
2.017558336257934570e+00
1.865665316581726074e+00
1.392220973968505859e+00
1.672129154205322266e+00
2.001033306121826172e+00
2.494357109069824219e+00
2.679524898529052734e+00
2.719375371932983398e+00
2.680480718612670898e+00
1.842260718345642090e+00
1.934232950210571289e+00
2.302648067474365234e+00
1.314770877361297607e-01
3.313436806201934814e-01
2.974632382392883301e-01
6.301023364067077637e-01
2.082798719406127930e+00
2.627288341522216797e+00
2.888806819915771484e+00
2.962753295898437500e+00
2.856764078140258789e+00
1.690553426742553711e+00
1.744611382484436035e+00
1.364742517471313477e+00
7.519494891166687012e-01
1.413882374763488770e+00
1.461233258247375488e+00
1.512635350227355957e+00
1.452157497406005859e+00
1.815363049507141113e+00
2.480223655700683594e+00
2.891179084777832031e+00
2.638555526733398438e+00
1.595427751541137695e+00
1.037951827049255371e+00
2.374066829681396484e+00
2.620333671569824219e+00
2.543030500411987305e+00
2.310001373291015625e+00
1.827776789665222168e+00
6.003042459487915039e-01
3.891753852367401123e-01
7.831479907035827637e-01
1.881630778312683105e+00
2.320555448532104492e+00
2.486045360565185547e+00
1.807742714881896973e+00
1.688805699348449707e+00
2.184763431549072266e+00
2.234658241271972656e+00
2.767754554748535156e+00
2.886202573776245117e+00
2.310289621353149414e+00
2.544867992401123047e+00
2.608341693878173828e+00
2.506731510162353516e+00
2.289006233215332031e+00
2.384218454360961914e+00
2.269905090332031250e+00
2.194130420684814453e+00
2.174006223678588867e+00
1.586395263671875000e+00
1.785050749778747559e+00
1.658861398696899414e+00
1.318194270133972168e+00
2.000857830047607422e+00
2.457597017288208008e+00
2.846008300781250000e+00
3.081676244735717773e+00
3.075874567031860352e+00
3.077136278152465820e+00
2.162237167358398438e+00
2.191315412521362305e+00
2.553681612014770508e+00
1.319360733032226562e-01
3.633062243461608887e-01
5.503458976745605469e-01
2.301386594772338867e+00
2.908112764358520508e+00
3.137549161911010742e+00
3.133691549301147461e+00
3.218793153762817383e+00
2.085008382797241211e+00
2.339478015899658203e+00
1.881824731826782227e+00
1.153926849365234375e+00
1.321088552474975586e+00
1.489763736724853516e+00
1.585367202758789062e+00
1.744386911392211914e+00
2.354395151138305664e+00
2.906005144119262695e+00
3.470379352569580078e+00
3.157983303070068359e+00
2.249496698379516602e+00
1.936656475067138672e+00
3.044990777969360352e+00
3.426819086074829102e+00
3.286252498626708984e+00
2.778501510620117188e+00
2.312795400619506836e+00
1.008630156517028809e+00
1.097404837608337402e+00
1.508974313735961914e+00
2.775462150573730469e+00
3.121290683746337891e+00
3.266685009002685547e+00
2.539594173431396484e+00
2.341423988342285156e+00
2.435257911682128906e+00
2.662775278091430664e+00
3.331232309341430664e+00
3.430981636047363281e+00
2.861488342285156250e+00
2.807727813720703125e+00
2.857195615768432617e+00
2.757646083831787109e+00
2.524940252304077148e+00
2.577927589416503906e+00
2.400405883789062500e+00
2.296407938003540039e+00
2.272769212722778320e+00
1.485049009323120117e+00
1.657461285591125488e+00
1.440135240554809570e+00
1.031050682067871094e+00
1.472250342369079590e+00
1.901446461677551270e+00
2.329878091812133789e+00
2.570157527923583984e+00
2.613651275634765625e+00
2.659321784973144531e+00
1.908347129821777344e+00
2.165591478347778320e+00
2.433919668197631836e+00
1.323195993900299072e-01
2.973168790340423584e-01
2.187513351440429688e+00
2.869671821594238281e+00
3.073977947235107422e+00
3.085386991500854492e+00
3.237900972366333008e+00
2.188315868377685547e+00
2.532709360122680664e+00
2.069491863250732422e+00
1.389450430870056152e+00
1.130313992500305176e+00
1.250005602836608887e+00
1.493176698684692383e+00
2.007173061370849609e+00
2.636174917221069336e+00
3.052816629409790039e+00
3.723487615585327148e+00
3.443563938140869141e+00
2.662598609924316406e+00
2.157254219055175781e+00
3.172125101089477539e+00
3.605239152908325195e+00
3.492604255676269531e+00
2.858140230178833008e+00
2.403998136520385742e+00
1.079819917678833008e+00
1.392084479331970215e+00
1.715161442756652832e+00
2.984489202499389648e+00
3.271350860595703125e+00
3.367273330688476562e+00
2.659543514251708984e+00
2.410442113876342773e+00
2.168682813644409180e+00
2.599541664123535156e+00
3.370390653610229492e+00
3.455173015594482422e+00
2.915793657302856445e+00
2.727564573287963867e+00
2.734678506851196289e+00
2.569984197616577148e+00
2.222425460815429688e+00
2.197204589843750000e+00
2.005404233932495117e+00
1.866659760475158691e+00
1.836660504341125488e+00
1.039535880088806152e+00
1.222666501998901367e+00
1.075283288955688477e+00
7.048699259757995605e-01
1.460923552513122559e+00
1.946065425872802734e+00
2.251688480377197266e+00
2.478372097015380859e+00
2.455108404159545898e+00
2.522373437881469727e+00
1.751162409782409668e+00
1.898766517639160156e+00
2.116713762283325195e+00
1.317942887544631958e-01
2.277863740921020508e+00
3.005232810974121094e+00
3.213463783264160156e+00
3.323496341705322266e+00
3.396998643875122070e+00
2.335628747940063477e+00
2.490976095199584961e+00
2.084900617599487305e+00
1.407423853874206543e+00
1.614144802093505859e+00
1.576993823051452637e+00
1.804680228233337402e+00
2.221598863601684570e+00
2.605062246322631836e+00
3.174285173416137695e+00
3.677402496337890625e+00
3.430181741714477539e+00
2.432030677795410156e+00
1.767368316650390625e+00
2.958132505416870117e+00
3.370151281356811523e+00
3.318297386169433594e+00
2.826291561126708984e+00
2.357033252716064453e+00
8.802147507667541504e-01
9.809033870697021484e-01
1.170590162277221680e+00
2.507339000701904297e+00
2.859246015548706055e+00
2.926056385040283203e+00
2.153764247894287109e+00
1.984030842781066895e+00
1.973912239074707031e+00
2.431220531463623047e+00
3.202200174331665039e+00
3.343859434127807617e+00
2.755309820175170898e+00
2.696957111358642578e+00
2.719475746154785156e+00
2.516002893447875977e+00
2.130352258682250977e+00
2.099606275558471680e+00
1.933949708938598633e+00
1.727014660835266113e+00
1.635057330131530762e+00
8.679769635200500488e-01
1.071698904037475586e+00
1.042509913444519043e+00
9.476011395454406738e-01
2.132714271545410156e+00
2.621107578277587891e+00
2.938158750534057617e+00
3.164985656738281250e+00
3.124350786209106445e+00
3.178567886352539062e+00
2.322250604629516602e+00
2.366389513015747070e+00
2.655106067657470703e+00
2.461093664169311523e+00
3.215490579605102539e+00
3.416886568069458008e+00
3.532426595687866211e+00
3.617496728897094727e+00
2.620466470718383789e+00
2.854613304138183594e+00
2.428612947463989258e+00
1.759634256362915039e+00
1.820814013481140137e+00
1.690223217010498047e+00
2.019708633422851562e+00
2.535827398300170898e+00
3.033527374267578125e+00
3.470056295394897461e+00
4.077270030975341797e+00
3.846316814422607422e+00
3.024633407592773438e+00
2.350428581237792969e+00
3.317197561264038086e+00
3.813012361526489258e+00
3.747224807739257812e+00
3.051620960235595703e+00
2.601794004440307617e+00
1.192902565002441406e+00
1.547978281974792480e+00
1.768814802169799805e+00
3.079975366592407227e+00
3.325511693954467773e+00
3.374836444854736328e+00
2.643541097640991211e+00
2.409422159194946289e+00
2.184989690780639648e+00
2.653638362884521484e+00
3.461793184280395508e+00
3.566472053527832031e+00
3.020514488220214844e+00
2.888129711151123047e+00
2.910341024398803711e+00
2.719271898269653320e+00
2.288156509399414062e+00
2.176958322525024414e+00
1.959222078323364258e+00
1.749630570411682129e+00
1.660142660140991211e+00
7.163144350051879883e-01
8.667423129081726074e-01
7.347940802574157715e-01
6.986215710639953613e-01
2.287953138351440430e+00
2.775329351425170898e+00
3.056733369827270508e+00
3.275970458984375000e+00
3.215220689773559570e+00
3.303138971328735352e+00
2.498359441757202148e+00
2.536180734634399414e+00
2.761488676071166992e+00
6.881374716758728027e-01
6.991791725158691406e-01
9.087452292442321777e-01
1.085188269615173340e+00
1.083561301231384277e+00
1.363849043846130371e+00
1.414951443672180176e+00
1.571854591369628906e+00
1.375131607055664062e+00
9.000326395034790039e-01
8.681824207305908203e-01
1.396509766578674316e+00
1.705226302146911621e+00
1.466492533683776855e+00
2.277838945388793945e+00
2.322918176651000977e+00
2.413339376449584961e+00
1.965487480163574219e+00
1.940430641174316406e+00
2.576440334320068359e+00
2.320803403854370117e+00
1.061341047286987305e+00
1.077463984489440918e+00
1.546290516853332520e+00
2.296833992004394531e+00
2.634713649749755859e+00
2.986531257629394531e+00
2.796377897262573242e+00
2.990116596221923828e+00
2.486803293228149414e+00
2.192569255828857422e+00
1.681607007980346680e+00
1.599624156951904297e+00
1.968657732009887695e+00
1.809364199638366699e+00
1.444754123687744141e+00
8.773874044418334961e-01
7.109711170196533203e-01
8.737858533859252930e-01
1.009975910186767578e+00
1.004919409751892090e+00
9.507299661636352539e-01
1.454228997230529785e+00
1.956069350242614746e+00
2.001204252243041992e+00
2.250039100646972656e+00
2.393299579620361328e+00
2.112472057342529297e+00
2.815683364868164062e+00
3.131239414215087891e+00
3.404505252838134766e+00
3.296915292739868164e+00
2.965841293334960938e+00
2.791115999221801758e+00
1.670451283454895020e+00
1.334586024284362793e+00
1.583988547325134277e+00
1.326191872358322144e-01
3.144519329071044922e-01
2.807277441024780273e-01
7.371413707733154297e-01
1.004734873771667480e+00
1.223707199096679688e+00
1.829774856567382812e+00
2.014982700347900391e+00
1.647960424423217773e+00
1.328057408332824707e+00
1.315464496612548828e+00
1.288246035575866699e+00
8.646497726440429688e-01
1.550069928169250488e+00
1.729790449142456055e+00
2.174328327178955078e+00
1.914053797721862793e+00
1.257583141326904297e+00
1.904698729515075684e+00
1.688186049461364746e+00
3.493216037750244141e-01
6.828355789184570312e-01
1.871169209480285645e+00
2.527820110321044922e+00
2.766170740127563477e+00
2.727881908416748047e+00
2.401083230972290039e+00
2.612941265106201172e+00
2.272439718246459961e+00
1.941736698150634766e+00
1.939736604690551758e+00
1.308380007743835449e+00
1.319279789924621582e+00
9.221010208129882812e-01
9.149343371391296387e-01
2.799963951110839844e-01
5.916034579277038574e-01
8.217750191688537598e-01
1.389001250267028809e+00
1.806643009185791016e+00
2.190895080566406250e+00
2.460593461990356445e+00
2.636276245117187500e+00
2.908293962478637695e+00
3.342634201049804688e+00
3.513955593109130859e+00
3.159321069717407227e+00
3.358556270599365234e+00
3.640066623687744141e+00
3.964902400970458984e+00
3.788807153701782227e+00
3.602329492568969727e+00
3.270322084426879883e+00
2.219161510467529297e+00
1.830162644386291504e+00
2.279648542404174805e+00
1.329280436038970947e-01
3.203928768634796143e-01
9.891675114631652832e-01
1.263668537139892578e+00
1.492370843887329102e+00
2.088819980621337891e+00
2.068588018417358398e+00
1.631052970886230469e+00
1.525539517402648926e+00
1.567239522933959961e+00
1.511002898216247559e+00
1.023700475692749023e+00
1.707677841186523438e+00
1.870902895927429199e+00
2.432819843292236328e+00
2.289822816848754883e+00
1.711959004402160645e+00
2.195363521575927734e+00
1.932668685913085938e+00
5.514603853225708008e-01
9.383334517478942871e-01
2.128753900527954102e+00
2.867866516113281250e+00
3.142218112945556641e+00
3.145787000656127930e+00
2.899416923522949219e+00
3.126490831375122070e+00
2.785152912139892578e+00
2.449486017227172852e+00
2.346514225006103516e+00
1.866793870925903320e+00
1.870582938194274902e+00
1.481542348861694336e+00
1.457082986831665039e+00
8.535834550857543945e-01
7.326532006263732910e-01
1.035349130630493164e+00
1.547235369682312012e+00
1.824710249900817871e+00
1.899890422821044922e+00
2.473726749420166016e+00
2.856225013732910156e+00
3.043134450912475586e+00
3.410702466964721680e+00
3.530909299850463867e+00
3.205150842666625977e+00
3.505193233489990234e+00
3.768988370895385742e+00
4.055146217346191406e+00
3.832328319549560547e+00
3.548564672470092773e+00
3.247681856155395508e+00
2.211746454238891602e+00
1.817393660545349121e+00
2.160834312438964844e+00
1.319329738616943359e-01
9.126461744308471680e-01
1.194568157196044922e+00
1.436029791831970215e+00
2.065771341323852539e+00
1.949565887451171875e+00
1.625742554664611816e+00
1.456755995750427246e+00
1.412647843360900879e+00
1.228369235992431641e+00
6.744447350502014160e-01
1.343581080436706543e+00
1.469589829444885254e+00
2.252579927444458008e+00
2.376312732696533203e+00
1.793984889984130859e+00
2.058079481124877930e+00
1.765700697898864746e+00
5.726180076599121094e-01
9.968905448913574219e-01
2.253143787384033203e+00
3.001483440399169922e+00
3.271285295486450195e+00
3.193738222122192383e+00
2.993765115737915039e+00
3.262327671051025391e+00
2.974057674407958984e+00
2.647672653198242188e+00
2.649675369262695312e+00
2.112504720687866211e+00
2.091353654861450195e+00
1.668467164039611816e+00
1.729426860809326172e+00
1.096847534179687500e+00
1.175307035446166992e+00
1.440871834754943848e+00
1.951189637184143066e+00
2.263796091079711914e+00
2.388039588928222656e+00
2.894197702407836914e+00
3.208645343780517578e+00
3.338650941848754883e+00
3.692202091217041016e+00
3.764365196228027344e+00
3.346980333328247070e+00
3.216984748840332031e+00
3.323404788970947266e+00
3.629013776779174805e+00
3.345860004425048828e+00
3.165990591049194336e+00
2.770116806030273438e+00
1.950826644897460938e+00
1.551217555999755859e+00
1.873212695121765137e+00
6.992831230163574219e-01
9.249525666236877441e-01
1.224660992622375488e+00
1.905463099479675293e+00
2.318534851074218750e+00
1.963484644889831543e+00
1.657733201980590820e+00
1.330868959426879883e+00
9.973630905151367188e-01
4.001761376857757568e-01
1.042889595031738281e+00
1.203196644783020020e+00
2.011509895324707031e+00
2.121509552001953125e+00
1.468386769294738770e+00
1.677032947540283203e+00
1.388711571693420410e+00
3.630004823207855225e-01
7.871448397636413574e-01
2.130253314971923828e+00
2.823520421981811523e+00
3.049275159835815430e+00
2.865798711776733398e+00
2.650146007537841797e+00
2.949296951293945312e+00
2.714045763015747070e+00
2.385238647460937500e+00
2.694864034652709961e+00
2.000894546508789062e+00
1.870803475379943848e+00
1.433908224105834961e+00
1.548496246337890625e+00
1.016457915306091309e+00
1.264133334159851074e+00
1.527278065681457520e+00
2.067644357681274414e+00
2.414460897445678711e+00
2.593117237091064453e+00
3.050045967102050781e+00
3.314527988433837891e+00
3.461290121078491211e+00
3.853048324584960938e+00
3.946867465972900391e+00
3.569115400314331055e+00
3.606500148773193359e+00
3.838461875915527344e+00
4.164604187011718750e+00
3.945677518844604492e+00
3.765630006790161133e+00
3.401106119155883789e+00
2.428802728652954102e+00
2.028772830963134766e+00
2.434503078460693359e+00
1.318227648735046387e-01
2.786517143249511719e-01
7.866119146347045898e-01
1.515251159667968750e+00
1.509950637817382812e+00
8.259529471397399902e-01
3.213564157485961914e-01
3.513396382331848145e-01
4.967166185379028320e-01
1.164627909660339355e+00
9.900115132331848145e-01
1.123684763908386230e+00
1.259343147277832031e+00
1.225945830345153809e+00
1.482183694839477539e+00
1.204267263412475586e+00
5.943666100502014160e-01
2.795413732528686523e-01
1.088293671607971191e+00
1.763177633285522461e+00
2.074768304824829102e+00
2.182142734527587891e+00
2.204876422882080078e+00
2.471203088760375977e+00
2.151426792144775391e+00
1.965610980987548828e+00
2.306736946105957031e+00
1.707822680473327637e+00
1.729842424392700195e+00
1.547811627388000488e+00
1.268071651458740234e+00
1.207214713096618652e+00
1.386438846588134766e+00
1.624730587005615234e+00
1.992402315139770508e+00
2.301204204559326172e+00
2.567207098007202148e+00
2.776127338409423828e+00
2.907961368560791016e+00
2.812211990356445312e+00
3.168693780899047852e+00
3.186172246932983398e+00
2.750509500503540039e+00
2.758201599121093750e+00
2.928004026412963867e+00
3.357889175415039062e+00
3.279966354370117188e+00
3.245848894119262695e+00
2.927319765090942383e+00
1.964110970497131348e+00
1.662364721298217773e+00
2.163770675659179688e+00
1.319992095232009888e-01
6.832736134529113770e-01
2.030403852462768555e+00
1.974998235702514648e+00
1.324797987937927246e+00
6.620157957077026367e-01
2.773494720458984375e-01
3.945572972297668457e-01
5.658498406410217285e-01
4.762660264968872070e-01
8.400847911834716797e-01
9.669073224067687988e-01
1.003107428550720215e+00
9.255207180976867676e-01
6.332877278327941895e-01
7.762548327445983887e-01
2.983478009700775146e-01
1.151201725006103516e+00
1.671162247657775879e+00
1.866283297538757324e+00
1.777891874313354492e+00
1.893086075782775879e+00
2.163248538970947266e+00
1.875185251235961914e+00
1.739676713943481445e+00
2.364367246627807617e+00
1.664962172508239746e+00
1.631932973861694336e+00
1.540273547172546387e+00
1.136533379554748535e+00
1.367376089096069336e+00
1.545754671096801758e+00
1.765474319458007812e+00
2.138384342193603516e+00
2.485501050949096680e+00
2.789825201034545898e+00
2.983486652374267578e+00
3.031528949737548828e+00
3.049630403518676758e+00
3.445647239685058594e+00
3.516946077346801758e+00
3.143410444259643555e+00
3.180448293685913086e+00
3.410906314849853516e+00
3.873528242111206055e+00
3.814672231674194336e+00
3.775820970535278320e+00
3.446438312530517578e+00
2.459188461303710938e+00
2.148527622222900391e+00
2.647039890289306641e+00
2.988135516643524170e-01
1.636774539947509766e+00
1.646449327468872070e+00
1.000175476074218750e+00
3.865230977535247803e-01
3.976688683032989502e-01
8.045919537544250488e-01
1.339679479598999023e+00
1.162792563438415527e+00
6.935471296310424805e-01
8.740086555480957031e-01
1.267301440238952637e+00
1.474185705184936523e+00
1.245268583297729492e+00
9.990451335906982422e-01
4.769140779972076416e-01
8.175924420356750488e-01
1.380049943923950195e+00
1.639676094055175781e+00
1.766020059585571289e+00
2.013477325439453125e+00
2.272943496704101562e+00
1.917294263839721680e+00
1.790511965751647949e+00
2.253329753875732422e+00
1.730560064315795898e+00
1.832729220390319824e+00
1.789389491081237793e+00
1.306504964828491211e+00
1.589999437332153320e+00
1.699281215667724609e+00
1.900786042213439941e+00
2.125420808792114258e+00
2.424826145172119141e+00
2.645771741867065430e+00
2.804630517959594727e+00
2.827273368835449219e+00
2.711515426635742188e+00
3.077185153961181641e+00
3.110658884048461914e+00
2.712178230285644531e+00
2.752378463745117188e+00
2.991294622421264648e+00
3.472042083740234375e+00
3.457126855850219727e+00
3.445829153060913086e+00
3.176532506942749023e+00
2.203844547271728516e+00
1.978367328643798828e+00
2.481924533843994141e+00
1.128885984420776367e+00
1.237005472183227539e+00
7.699148654937744141e-01
6.253681778907775879e-01
7.359367012977600098e-01
1.439107894897460938e+00
1.810542821884155273e+00
1.566732525825500488e+00
7.642016410827636719e-01
7.220690846443176270e-01
1.578264236450195312e+00
1.757699370384216309e+00
1.571674346923828125e+00
1.519253730773925781e+00
1.065235018730163574e+00
4.538899958133697510e-01
8.954846262931823730e-01
1.223372578620910645e+00
1.622218012809753418e+00
1.943653702735900879e+00
2.189763784408569336e+00
1.780452370643615723e+00
1.634611487388610840e+00
2.173877477645874023e+00
1.910968422889709473e+00
2.151115179061889648e+00
2.195591688156127930e+00
1.630826115608215332e+00
1.997522473335266113e+00
2.044897794723510742e+00
2.114715099334716797e+00
2.139235019683837891e+00
2.345462799072265625e+00
2.416819095611572266e+00
2.496209144592285156e+00
2.513372421264648438e+00
2.224391937255859375e+00
2.537281751632690430e+00
2.524158954620361328e+00
2.119001150131225586e+00
2.063576459884643555e+00
2.342259168624877930e+00
2.817129135131835938e+00
2.874676942825317383e+00
2.879325866699218750e+00
2.701400518417358398e+00
1.751175403594970703e+00
1.706508874893188477e+00
2.179449796676635742e+00
2.925427854061126709e-01
4.390102028846740723e-01
1.289967298507690430e+00
2.053630828857421875e+00
2.304783582687377930e+00
3.114524364471435547e+00
2.841881752014160156e+00
2.474811315536499023e+00
2.356169939041137695e+00
2.943784952163696289e+00
3.372866392135620117e+00
3.145122051239013672e+00
2.311016559600830078e+00
2.011286735534667969e+00
1.644836306571960449e+00
2.161156892776489258e+00
2.599355220794677734e+00
3.386815309524536133e+00
3.523531436920166016e+00
3.736366748809814453e+00
3.174124717712402344e+00
2.913001060485839844e+00
2.590020179748535156e+00
2.710769176483154297e+00
3.188789606094360352e+00
3.159597396850585938e+00
2.730242252349853516e+00
2.294476032257080078e+00
2.179072618484497070e+00
2.270970582962036133e+00
2.174831390380859375e+00
2.170483350753784180e+00
2.038991689682006836e+00
2.278792142868041992e+00
2.510981082916259766e+00
1.991890192031860352e+00
2.069460153579711914e+00
1.966820240020751953e+00
1.398834466934204102e+00
1.160548567771911621e+00
1.522889375686645508e+00
1.842100858688354492e+00
1.832441568374633789e+00
1.594082474708557129e+00
1.406851053237915039e+00
3.476178348064422607e-01
3.223336040973663330e-01
4.696346819400787354e-01
3.690568208694458008e-01
1.370747685432434082e+00
2.107010841369628906e+00
2.182587146759033203e+00
3.015479564666748047e+00
2.847572565078735352e+00
2.555050849914550781e+00
2.305611848831176758e+00
2.790098190307617188e+00
3.308030843734741211e+00
3.080888509750366211e+00
2.018961906433105469e+00
1.840144753456115723e+00
1.569138884544372559e+00
2.174555540084838867e+00
2.635532855987548828e+00
3.366546630859375000e+00
3.410735607147216797e+00
3.614305734634399414e+00
3.037183523178100586e+00
2.777006149291992188e+00
2.251236677169799805e+00
2.451483964920043945e+00
2.949215650558471680e+00
2.862250566482543945e+00
2.466692209243774414e+00
1.936105489730834961e+00
1.754983425140380859e+00
1.882634878158569336e+00
1.761827468872070312e+00
1.695058703422546387e+00
1.574939250946044922e+00
1.757658362388610840e+00
2.047276258468627930e+00
1.598584413528442383e+00
1.743501186370849609e+00
1.735896348953247070e+00
1.252041220664978027e+00
1.681640625000000000e+00
2.048500776290893555e+00
2.368226766586303711e+00
2.282976627349853516e+00
2.016732215881347656e+00
1.838367223739624023e+00
7.218272089958190918e-01
4.156512022018432617e-01
7.662189006805419922e-01
7.159175276756286621e-01
1.421623826026916504e+00
1.605131387710571289e+00
2.431294918060302734e+00
2.193246126174926758e+00
1.921898961067199707e+00
1.835630297660827637e+00
2.261328458786010742e+00
2.690307378768920898e+00
2.452572822570800781e+00
1.587601542472839355e+00
1.300515055656433105e+00
1.229682087898254395e+00
1.916013240814208984e+00
2.364661455154418945e+00
2.872849464416503906e+00
2.968574762344360352e+00
3.200062513351440430e+00
2.685212135314941406e+00
2.481122732162475586e+00
2.264206647872924805e+00
2.178839445114135742e+00
2.553830623626708984e+00
2.493440866470336914e+00
2.110803604125976562e+00
1.716347455978393555e+00
1.609260082244873047e+00
1.794011950492858887e+00
1.820852279663085938e+00
1.876701116561889648e+00
1.919370651245117188e+00
2.140410423278808594e+00
2.404614686965942383e+00
2.077423095703125000e+00
2.330999851226806641e+00
2.322552204132080078e+00
1.827037692070007324e+00
1.806064367294311523e+00
2.053126811981201172e+00
2.343145608901977539e+00
2.166113138198852539e+00
1.967648148536682129e+00
1.679302215576171875e+00
6.504147648811340332e-01
2.753109633922576904e-01
7.874360084533691406e-01
4.654369652271270752e-01
8.578385114669799805e-01
1.548323154449462891e+00
1.253854393959045410e+00
9.373279213905334473e-01
1.430047631263732910e+00
1.810123682022094727e+00
1.952199816703796387e+00
1.691923737525939941e+00
1.339579463005065918e+00
9.252715110778808594e-01
1.201500177383422852e+00
1.723136663436889648e+00
2.107336759567260742e+00
2.270395040512084961e+00
2.577541112899780273e+00
2.841908693313598633e+00
2.477951765060424805e+00
2.335979700088500977e+00
2.695473909378051758e+00
2.211925506591796875e+00
2.358959436416625977e+00
2.281144380569458008e+00
1.845740437507629395e+00
1.913250565528869629e+00
1.923329710960388184e+00
2.156461954116821289e+00
2.441902637481689453e+00
2.620135068893432617e+00
2.778999090194702148e+00
2.982143878936767578e+00
3.135477542877197266e+00
2.886235475540161133e+00
3.195230722427368164e+00
3.146314144134521484e+00
2.642412662506103516e+00
2.288122653961181641e+00
2.473017930984497070e+00
2.935612440109252930e+00
2.858320951461791992e+00
2.860865354537963867e+00
2.547550201416015625e+00
1.658145070075988770e+00
1.441808581352233887e+00
1.908812761306762695e+00
3.608624637126922607e-01
8.484548330307006836e-01
6.293955445289611816e-01
5.386062860488891602e-01
9.592058062553405762e-01
1.026292800903320312e+00
1.061959028244018555e+00
8.327828645706176758e-01
1.110900282859802246e+00
7.909514307975769043e-01
1.344072580337524414e+00
1.782789707183837891e+00
1.918830394744873047e+00
1.648666262626647949e+00
1.798531532287597656e+00
2.099703073501586914e+00
1.904552340507507324e+00
1.793329119682312012e+00
2.672580480575561523e+00
1.892557621002197266e+00
1.831469655036926270e+00
1.832748413085937500e+00
1.312632083892822266e+00
1.736152529716491699e+00
1.986564755439758301e+00
2.223922252655029297e+00
2.588479757308959961e+00
2.965012550354003906e+00
3.248192787170410156e+00
3.404962778091430664e+00
3.377121686935424805e+00
3.346740007400512695e+00
3.726723432540893555e+00
3.756821155548095703e+00
3.329029798507690430e+00
3.002921342849731445e+00
3.146835327148437500e+00
3.622445106506347656e+00
3.529207229614257812e+00
3.564507007598876953e+00
3.215416193008422852e+00
2.385500907897949219e+00
2.121319293975830078e+00
2.573961019515991211e+00
4.124238193035125732e-01
5.294210314750671387e-01
1.406040430068969727e+00
1.704219818115234375e+00
9.788740277290344238e-01
8.283684253692626953e-01
5.241536498069763184e-01
6.357873082160949707e-01
7.187921404838562012e-01
1.865684270858764648e+00
2.483059883117675781e+00
2.672419548034667969e+00
2.213107347488403320e+00
2.016692638397216797e+00
2.396770477294921875e+00
2.318873405456542969e+00
2.076140642166137695e+00
2.831638574600219727e+00
1.990405440330505371e+00
1.691518902778625488e+00
1.490260720252990723e+00
1.322129845619201660e+00
1.345579147338867188e+00
1.667553305625915527e+00
1.921880364418029785e+00
2.423410654067993164e+00
2.785074710845947266e+00
3.049553394317626953e+00
3.365145921707153320e+00
3.512357950210571289e+00
3.587238311767578125e+00
3.972735881805419922e+00
4.022001266479492188e+00
3.598111629486083984e+00
3.398391962051391602e+00
3.566523075103759766e+00
3.993113040924072266e+00
3.838991165161132812e+00
3.799424886703491211e+00
3.423565387725830078e+00
2.532465457916259766e+00
2.196006536483764648e+00
2.642792940139770508e+00
1.332556009292602539e-01
1.420941948890686035e+00
1.888294458389282227e+00
1.200109601020812988e+00
8.874732851982116699e-01
6.841908693313598633e-01
1.261385083198547363e+00
1.365267395973205566e+00
2.353764057159423828e+00
2.771456003189086914e+00
2.867105722427368164e+00
2.322773218154907227e+00
2.174060583114624023e+00
2.640186786651611328e+00
2.627911329269409180e+00
2.374711275100708008e+00
3.359069824218750000e+00
2.402187108993530273e+00
2.012994050979614258e+00
1.790055274963378906e+00
1.689663052558898926e+00
1.832436203956604004e+00
2.336319923400878906e+00
2.534164428710937500e+00
3.078247785568237305e+00
3.501648426055908203e+00
3.824585199356079102e+00
4.094064235687255859e+00
4.141414165496826172e+00
4.252496242523193359e+00
4.661587715148925781e+00
4.739601135253906250e+00
4.347327709197998047e+00
4.123056888580322266e+00
4.245937347412109375e+00
4.714945316314697266e+00
4.580208778381347656e+00
4.586735248565673828e+00
4.196865081787109375e+00
3.365051984786987305e+00
3.018843412399291992e+00
3.441470861434936523e+00
1.129017591476440430e+00
1.772499084472656250e+00
1.436370372772216797e+00
1.159515261650085449e+00
9.051553606986999512e-01
1.440690994262695312e+00
1.338097095489501953e+00
2.174472332000732422e+00
2.603477954864501953e+00
2.727722883224487305e+00
2.283357858657836914e+00
2.352277517318725586e+00
2.764466524124145508e+00
2.679587602615356445e+00
2.507046699523925781e+00
3.410638570785522461e+00
2.561779499053955078e+00
2.259222507476806641e+00
2.028006315231323242e+00
1.884648323059082031e+00
2.043071031570434570e+00
2.504526376724243164e+00
2.727682352066040039e+00
3.207234621047973633e+00
3.570984125137329102e+00
3.884900569915771484e+00
4.083044528961181641e+00
4.118192195892333984e+00
4.118764400482177734e+00
4.501850605010986328e+00
4.539093971252441406e+00
4.111475944519042969e+00
3.759558439254760742e+00
3.857962369918823242e+00
4.340221881866455078e+00
4.218611240386962891e+00
4.270402431488037109e+00
3.888723850250244141e+00
3.110881567001342773e+00
2.820198297500610352e+00
3.247634887695312500e+00
9.259863495826721191e-01
1.494412183761596680e+00
1.475100159645080566e+00
1.113408565521240234e+00
1.870262503623962402e+00
1.384284138679504395e+00
1.446057438850402832e+00
1.432894468307495117e+00
1.534943580627441406e+00
1.138069748878479004e+00
1.849150180816650391e+00
2.088093280792236328e+00
2.058679819107055664e+00
2.085406303405761719e+00
3.034033298492431641e+00
2.384960889816284180e+00
2.398544788360595703e+00
2.448310136795043945e+00
1.883231878280639648e+00
2.474960327148437500e+00
2.653691291809082031e+00
2.837156295776367188e+00
3.045981407165527344e+00
3.394014596939086914e+00
3.600916147232055664e+00
3.693190574645996094e+00
3.645912170410156250e+00
3.521228790283203125e+00
3.871830463409423828e+00
3.888476133346557617e+00
3.484231472015380859e+00
3.271436691284179688e+00
3.417845487594604492e+00
3.954051017761230469e+00
3.974504470825195312e+00
4.051970005035400391e+00
3.798541784286499023e+00
2.969202518463134766e+00
2.813589096069335938e+00
3.276317596435546875e+00
1.148573398590087891e+00
1.338238596916198730e+00
1.323455810546875000e+00
1.436469078063964844e+00
1.034536004066467285e+00
7.388240694999694824e-01
6.027008295059204102e-01
4.622249901294708252e-01
7.971951961517333984e-01
1.221688508987426758e+00
1.443811655044555664e+00
1.002882122993469238e+00
9.239931702613830566e-01
1.903805613517761230e+00
1.368144273757934570e+00
1.616860508918762207e+00
1.798545837402343750e+00
1.202693462371826172e+00
1.852583885192871094e+00
2.061216592788696289e+00
2.067798614501953125e+00
2.120274066925048828e+00
2.539132833480834961e+00
2.738809823989868164e+00
2.705085992813110352e+00
2.559909820556640625e+00
2.601263999938964844e+00
3.013167381286621094e+00
3.160832643508911133e+00
2.944357156753540039e+00
3.402286529541015625e+00
3.696007251739501953e+00
4.193418979644775391e+00
4.281414508819580078e+00
4.271684646606445312e+00
4.072667121887207031e+00
3.062642097473144531e+00
2.881995677947998047e+00
3.383410215377807617e+00
2.801763117313385010e-01
3.139869570732116699e-01
7.651978135108947754e-01
6.828063130378723145e-01
1.735099315643310547e+00
1.934909820556640625e+00
1.928287625312805176e+00
1.271358251571655273e+00
8.440605401992797852e-01
1.181422948837280273e+00
1.178603291511535645e+00
8.729146122932434082e-01
2.025073528289794922e+00
9.709056019783020020e-01
6.680144071578979492e-01
7.289329171180725098e-01
2.971103191375732422e-01
1.163301467895507812e+00
1.632986068725585938e+00
1.504795789718627930e+00
2.000765562057495117e+00
2.581426382064819336e+00
2.974232912063598633e+00
3.035887956619262695e+00
2.888951778411865234e+00
3.234050989151000977e+00
3.703118324279785156e+00
3.904816865921020508e+00
3.736050605773925781e+00
4.225486755371093750e+00
4.512809276580810547e+00
4.948168277740478516e+00
4.895767211914062500e+00
4.823752403259277344e+00
4.517078399658203125e+00
3.459192752838134766e+00
3.132879734039306641e+00
3.638373851776123047e+00
1.317785233259201050e-01
1.308175683021545410e+00
1.294755935668945312e+00
2.089762687683105469e+00
2.228729963302612305e+00
2.180577039718627930e+00
1.350463628768920898e+00
8.117404580116271973e-01
1.342892408370971680e+00
1.594675302505493164e+00
1.349835872650146484e+00
2.801934003829956055e+00
1.737424492835998535e+00
1.148824453353881836e+00
1.308212757110595703e+00
1.083670854568481445e+00
1.860733151435852051e+00
2.392737865447998047e+00
2.261044740676879883e+00
2.787407159805297852e+00
3.348561525344848633e+00
3.733397960662841797e+00
3.796653032302856445e+00
3.646728992462158203e+00
3.910754203796386719e+00
4.361247062683105469e+00
4.541243076324462891e+00
4.297469139099121094e+00
4.503069877624511719e+00
4.710112094879150391e+00
5.194544792175292969e+00
5.139166355133056641e+00
5.142979621887207031e+00
4.804695129394531250e+00
3.847753763198852539e+00
3.534070730209350586e+00
4.024790287017822266e+00
1.088581681251525879e+00
1.094403266906738281e+00
1.988500595092773438e+00
2.240994453430175781e+00
2.234062433242797852e+00
1.501199007034301758e+00
1.208194851875305176e+00
1.664460420608520508e+00
1.747739434242248535e+00
1.521629333496093750e+00
2.816856622695922852e+00
1.799245953559875488e+00
1.417716860771179199e+00
1.426033735275268555e+00
1.059318304061889648e+00
1.690950632095336914e+00
2.195987701416015625e+00
2.204885482788085938e+00
2.706531047821044922e+00
3.228857755661010742e+00
3.600124359130859375e+00
3.731348276138305664e+00
3.645823955535888672e+00
3.859137773513793945e+00
4.302139759063720703e+00
4.452366828918457031e+00
4.156895160675048828e+00
4.280324935913085938e+00
4.448743820190429688e+00
4.952515125274658203e+00
4.872151851654052734e+00
4.863212585449218750e+00
4.512330055236816406e+00
3.568141222000122070e+00
3.243490219116210938e+00
3.725535154342651367e+00
3.145670592784881592e-01
1.508248209953308105e+00
2.111301898956298828e+00
2.314842700958251953e+00
2.212710618972778320e+00
1.922361373901367188e+00
2.149468421936035156e+00
1.822202324867248535e+00
1.485864758491516113e+00
1.843095898628234863e+00
1.040225148200988770e+00
1.030140876770019531e+00
8.390302658081054688e-01
6.955794692039489746e-01
4.806821942329406738e-01
9.139950871467590332e-01
1.072753906250000000e+00
1.522787213325500488e+00
1.986783742904663086e+00
2.388012170791625977e+00
2.575096845626831055e+00
2.614104032516479492e+00
2.862668037414550781e+00
3.312414407730102539e+00
3.491455793380737305e+00
3.226977348327636719e+00
3.639753818511962891e+00
3.911936283111572266e+00
4.275991916656494141e+00
4.124613761901855469e+00
3.975795507431030273e+00
3.636404275894165039e+00
2.594632148742675781e+00
2.217057228088378906e+00
2.679022073745727539e+00
1.022254109382629395e+00
1.645694375038146973e+00
1.881432175636291504e+00
1.927510380744934082e+00
1.712493658065795898e+00
1.956075429916381836e+00
1.578814983367919922e+00
1.319045782089233398e+00
1.647270202636718750e+00
9.868672490119934082e-01
1.110487461090087891e+00
1.036314129829406738e+00
6.299290060997009277e-01
8.741815686225891113e-01
1.057525157928466797e+00
1.207196831703186035e+00
1.477110266685485840e+00
1.895513415336608887e+00
2.221031665802001953e+00
2.379040956497192383e+00
2.370813608169555664e+00
2.519214153289794922e+00
2.961601257324218750e+00
3.123059749603271484e+00
2.855608224868774414e+00
3.323857545852661133e+00
3.598576307296752930e+00
3.999536752700805664e+00
3.897846460342407227e+00
3.800995588302612305e+00
3.479436874389648438e+00
2.433235645294189453e+00
2.093136787414550781e+00
2.592518091201782227e+00
6.150530576705932617e-01
1.016252398490905762e+00
1.755659580230712891e+00
1.919409155845642090e+00
2.057434797286987305e+00
1.463977217674255371e+00
1.138873696327209473e+00
1.405589938163757324e+00
1.353240609169006348e+00
2.014085292816162109e+00
2.120870351791381836e+00
1.556923031806945801e+00
1.721880674362182617e+00
1.878003120422363281e+00
1.755432248115539551e+00
1.653163790702819824e+00
1.915501236915588379e+00
1.950851321220397949e+00
1.872926354408264160e+00
1.791997790336608887e+00
1.540723323822021484e+00
1.890473961830139160e+00
1.989283323287963867e+00
1.789484858512878418e+00
2.657094478607177734e+00
2.995794296264648438e+00
3.453314065933227539e+00
3.568895339965820312e+00
3.543702602386474609e+00
3.411130189895629883e+00
2.396691083908081055e+00
2.285662174224853516e+00
2.736459732055664062e+00
3.231643140316009521e-01
1.316094398498535156e+00
1.699669003486633301e+00
1.796137452125549316e+00
1.077732443809509277e+00
1.012377142906188965e+00
2.020546436309814453e+00
1.806499123573303223e+00
2.283669948577880859e+00
2.502064943313598633e+00
1.910658359527587891e+00
2.366159200668334961e+00
2.543721437454223633e+00
2.459473133087158203e+00
2.384609222412109375e+00
2.651508808135986328e+00
2.678395986557006836e+00
2.532566785812377930e+00
2.380879402160644531e+00
2.136201381683349609e+00
2.445976257324218750e+00
2.522783517837524414e+00
2.309626579284667969e+00
2.717774391174316406e+00
3.079225540161132812e+00
3.570381641387939453e+00
3.806036949157714844e+00
3.845776081085205078e+00
3.824997901916503906e+00
2.929978370666503906e+00
2.869273185729980469e+00
3.334087371826171875e+00
8.785020112991333008e-01
1.534951567649841309e+00
1.441458344459533691e+00
8.660749793052673340e-01
9.539044499397277832e-01
2.201173543930053711e+00
1.914844751358032227e+00
2.287471771240234375e+00
2.585936307907104492e+00
1.968041896820068359e+00
2.606222867965698242e+00
2.810967922210693359e+00
2.715712785720825195e+00
2.634474277496337891e+00
2.966122150421142578e+00
3.051890373229980469e+00
2.871589660644531250e+00
2.648550510406494141e+00
2.483802318572998047e+00
2.757570505142211914e+00
2.828310966491699219e+00
2.642249584197998047e+00
3.206318616867065430e+00
3.581138134002685547e+00
4.061624526977539062e+00
4.290984153747558594e+00
4.314069747924804688e+00
4.283469200134277344e+00
3.349643945693969727e+00
3.323370456695556641e+00
3.773757934570312500e+00
6.899685263633728027e-01
6.396597623825073242e-01
8.117520213127136230e-01
1.036406874656677246e+00
2.598796606063842773e+00
1.943217277526855469e+00
1.766947746276855469e+00
2.179822206497192383e+00
1.595773458480834961e+00
2.598679304122924805e+00
2.945546150207519531e+00
2.779392004013061523e+00
2.961544036865234375e+00
3.461705684661865234e+00
3.684526920318603516e+00
3.561507463455200195e+00
3.296260595321655273e+00
3.461328506469726562e+00
3.862102031707763672e+00
4.024816989898681641e+00
3.861068487167358398e+00
4.270785808563232422e+00
4.538178920745849609e+00
5.065690994262695312e+00
5.179850101470947266e+00
5.221201419830322266e+00
5.042731285095214844e+00
4.082789421081542969e+00
3.919644355773925781e+00
4.427098751068115234e+00
1.332512050867080688e-01
5.441223382949829102e-01
5.114759206771850586e-01
2.226320743560791016e+00
1.453161716461181641e+00
1.097076773643493652e+00
1.622438430786132812e+00
1.121554017066955566e+00
2.161149024963378906e+00
2.585936546325683594e+00
2.301487922668457031e+00
2.551348209381103516e+00
3.113471746444702148e+00
3.413460969924926758e+00
3.299957275390625000e+00
3.011305570602416992e+00
3.368218660354614258e+00
3.815800189971923828e+00
4.025231838226318359e+00
3.982791185379028320e+00
4.662480354309082031e+00
4.969355583190917969e+00
5.445489883422851562e+00
5.512698173522949219e+00
5.483910083770751953e+00
5.265935420989990234e+00
4.227427482604980469e+00
3.981503486633300781e+00
4.470681667327880859e+00
3.591999709606170654e-01
5.785884261131286621e-01
2.139008522033691406e+00
1.496973991394042969e+00
1.264077544212341309e+00
1.797073960304260254e+00
1.312263488769531250e+00
2.287729024887084961e+00
2.742882490158081055e+00
2.376141548156738281e+00
2.559007167816162109e+00
3.087166547775268555e+00
3.410593986511230469e+00
3.234802484512329102e+00
2.875877141952514648e+00
3.331054210662841797e+00
3.767247915267944336e+00
4.000806331634521484e+00
4.030757904052734375e+00
4.870632648468017578e+00
5.187855720520019531e+00
5.660669326782226562e+00
5.740550518035888672e+00
5.707194328308105469e+00
5.501173973083496094e+00
4.454596519470214844e+00
4.209685802459716797e+00
4.692862510681152344e+00
1.337172091007232666e-01
1.705624818801879883e+00
1.115297913551330566e+00
1.207509875297546387e+00
1.654384613037109375e+00
1.086274266242980957e+00
1.938394427299499512e+00
2.334825515747070312e+00
2.055459976196289062e+00
2.159644603729248047e+00
2.674254655838012695e+00
2.917557954788208008e+00
2.736709356307983398e+00
2.415606975555419922e+00
2.768075704574584961e+00
3.207722663879394531e+00
3.403017282485961914e+00
3.408931493759155273e+00
4.273638248443603516e+00
4.640022277832031250e+00
5.103032112121582031e+00
5.217008113861083984e+00
5.163948535919189453e+00
4.982804298400878906e+00
3.918348312377929688e+00
3.678817033767700195e+00
4.152920722961425781e+00
1.361693620681762695e+00
7.640544772148132324e-01
7.134855389595031738e-01
1.172143459320068359e+00
6.501821875572204590e-01
1.565917730331420898e+00
1.995808124542236328e+00
1.680965900421142578e+00
1.798058509826660156e+00
2.305721521377563477e+00
2.564746141433715820e+00
2.410831212997436523e+00
2.101490259170532227e+00
2.431046009063720703e+00
2.864551782608032227e+00
3.075035810470581055e+00
3.078132390975952148e+00
4.037192821502685547e+00
4.407184123992919922e+00
4.842367649078369141e+00
4.959542751312255859e+00
4.898009300231933594e+00
4.751064300537109375e+00
3.682796716690063477e+00
3.437149286270141602e+00
3.895764112472534180e+00
7.168461084365844727e-01
1.688843131065368652e+00
1.686056852340698242e+00
1.292254447937011719e+00
1.307914853096008301e+00
1.420943617820739746e+00
1.063529610633850098e+00
7.337965369224548340e-01
9.499866366386413574e-01
1.201348066329956055e+00
9.252963662147521973e-01
5.264670252799987793e-01
1.415292739868164062e+00
1.778533577919006348e+00
2.133467912673950195e+00
2.361583948135375977e+00
3.874861717224121094e+00
4.308262825012207031e+00
4.632444858551025391e+00
4.688392639160156250e+00
4.495194435119628906e+00
4.372612953186035156e+00
3.262393236160278320e+00
2.968209743499755859e+00
3.311179161071777344e+00
6.204479932785034180e-01
7.573612332344055176e-01
3.456582129001617432e-01
7.971903085708618164e-01
1.197832822799682617e+00
7.697765231132507324e-01
6.768941879272460938e-01
1.115958094596862793e+00
1.721610546112060547e+00
1.697995305061340332e+00
1.482226967811584473e+00
2.239210605621337891e+00
2.719374895095825195e+00
2.969389677047729492e+00
3.004842042922973633e+00
4.068919658660888672e+00
4.461390495300292969e+00
4.830569267272949219e+00
4.833750247955322266e+00
4.694009780883789062e+00
4.468259811401367188e+00
3.338288784027099609e+00
3.032907962799072266e+00
3.449990272521972656e+00
3.079065382480621338e-01
3.559081256389617920e-01
9.630813002586364746e-01
1.468698740005493164e+00
1.056569576263427734e+00
1.573681831359863281e+00
2.084561586380004883e+00
2.685049772262573242e+00
2.745525121688842773e+00
2.580183267593383789e+00
3.119360923767089844e+00
3.605588197708129883e+00
3.837177515029907227e+00
3.791482448577880859e+00
4.556389331817626953e+00
4.904022693634033203e+00
5.293444156646728516e+00
5.247135162353515625e+00
5.110451221466064453e+00
4.836398124694824219e+00
3.719841480255126953e+00
3.391064405441284180e+00
3.829582691192626953e+00
3.295811712741851807e-01
6.192736625671386719e-01
1.161599159240722656e+00
7.297428846359252930e-01
1.363143444061279297e+00
1.788940548896789551e+00
2.509207725524902344e+00
2.643015146255493164e+00
2.470299482345581055e+00
3.114098548889160156e+00
3.595164299011230469e+00
3.827230930328369141e+00
3.783764123916625977e+00
4.537636280059814453e+00
4.870719909667968750e+00
5.252445220947265625e+00
5.161828041076660156e+00
4.997298240661621094e+00
4.689271926879882812e+00
3.613561868667602539e+00
3.230782747268676758e+00
3.668765544891357422e+00
3.719677925109863281e-01
8.949359059333801270e-01
4.642867147922515869e-01
1.013000845909118652e+00
1.549962520599365234e+00
2.120282411575317383e+00
2.238034725189208984e+00
2.145487785339355469e+00
2.659927845001220703e+00
3.140898227691650391e+00
3.368437528610229492e+00
3.316241979598999023e+00
4.092261791229248047e+00
4.429978370666503906e+00
4.833336353302001953e+00
4.798214435577392578e+00
4.648373603820800781e+00
4.393947124481201172e+00
3.258939266204833984e+00
2.935601472854614258e+00
3.329954862594604492e+00
3.123849034309387207e-01
2.876400649547576904e-01
7.410677075386047363e-01
1.230660080909729004e+00
1.694277524948120117e+00
1.880123496055603027e+00
2.001289129257202148e+00
2.391824960708618164e+00
2.845784187316894531e+00
3.050677537918090820e+00
2.925653457641601562e+00
3.725616693496704102e+00
4.091753959655761719e+00
4.415272712707519531e+00
4.329283714294433594e+00
4.107874870300292969e+00
3.860298871994018555e+00
2.722121953964233398e+00
2.388748884201049805e+00
2.746790647506713867e+00
1.333425492048263550e-01
5.414021611213684082e-01
9.270498752593994141e-01
1.289856076240539551e+00
1.625262856483459473e+00
1.880189061164855957e+00
2.292447805404663086e+00
2.711914300918579102e+00
2.906156301498413086e+00
2.787880659103393555e+00
3.608214855194091797e+00
3.951812744140625000e+00
4.265815734863281250e+00
4.147980690002441406e+00
3.882689237594604492e+00
3.637268781661987305e+00
2.512010097503662109e+00
2.172376632690429688e+00
2.481489419937133789e+00
2.796152532100677490e-01
7.492377758026123047e-01
1.232916712760925293e+00
1.423356294631958008e+00
1.589016079902648926e+00
2.054969072341918945e+00
2.497560024261474609e+00
2.712302207946777344e+00
2.667360782623291016e+00
3.693207263946533203e+00
4.064686298370361328e+00
4.377844333648681641e+00
4.308231830596923828e+00
4.053584098815917969e+00
3.827043056488037109e+00
2.693572521209716797e+00
2.356125831604003906e+00
2.669533729553222656e+00
3.299444019794464111e-01
7.142586112022399902e-01
8.453275561332702637e-01
1.041817426681518555e+00
1.518128991127014160e+00
1.950986385345458984e+00
2.179411411285400391e+00
2.236300945281982422e+00
3.540014028549194336e+00
3.926900625228881836e+00
4.234777450561523438e+00
4.210181236267089844e+00
3.953592538833618164e+00
3.800513982772827148e+00
2.682413578033447266e+00
2.367014169692993164e+00
2.649007081985473633e+00
3.057824373245239258e-01
3.928059339523315430e-01
7.951178550720214844e-01
1.313305497169494629e+00
1.669755697250366211e+00
1.894153833389282227e+00
2.026280879974365234e+00
3.487534046173095703e+00
3.855564832687377930e+00
4.144068241119384766e+00
4.105227470397949219e+00
3.807241439819335938e+00
3.690115690231323242e+00
2.605638742446899414e+00
2.299187898635864258e+00
2.514847040176391602e+00
1.325697153806686401e-01
7.369521260261535645e-01
1.085711717605590820e+00
1.268088936805725098e+00
1.504877448081970215e+00
1.700033783912658691e+00
3.292642593383789062e+00
3.629926443099975586e+00
3.826976537704467773e+00
3.794920682907104492e+00
3.413033962249755859e+00
3.347576856613159180e+00
2.423696279525756836e+00
2.142306804656982422e+00
2.151946783065795898e+00
2.949046492576599121e-01
8.218227624893188477e-01
1.090855836868286133e+00
1.392652511596679688e+00
1.634191274642944336e+00
3.413966178894042969e+00
3.797959804534912109e+00
4.061137676239013672e+00
4.080836772918701172e+00
3.793670892715454102e+00
3.763966560363769531e+00
2.773892402648925781e+00
2.516782045364379883e+00
2.682121992111206055e+00
7.161507010459899902e-01
1.016104102134704590e+00
1.337014436721801758e+00
1.679189205169677734e+00
3.575710296630859375e+00
3.987095832824707031e+00
4.269222259521484375e+00
4.344180583953857422e+00
4.108192920684814453e+00
4.106755256652832031e+00
3.139455795288085938e+00
2.901207208633422852e+00
3.117157459259033203e+00
1.319207251071929932e-01
3.287957608699798584e-01
6.260883808135986328e-01
2.728955030441284180e+00
3.134863615036010742e+00
3.392877101898193359e+00
3.540246486663818359e+00
3.358717679977416992e+00
3.443562507629394531e+00
2.617655277252197266e+00
2.548854112625122070e+00
2.712600231170654297e+00
1.324090510606765747e-01
5.896743535995483398e-01
2.719304561614990234e+00
3.094591379165649414e+00
3.325268507003784180e+00
3.464905977249145508e+00
3.259399414062500000e+00
3.379232645034790039e+00
2.636870384216308594e+00
2.591368913650512695e+00
2.706833839416503906e+00
3.594811558723449707e-01
2.463272571563720703e+00
2.836472511291503906e+00
3.059655666351318359e+00
3.234579563140869141e+00
3.065695762634277344e+00
3.205122232437133789e+00
2.531352996826171875e+00
2.553695440292358398e+00
2.640198707580566406e+00
1.885896325111389160e+00
2.283967494964599609e+00
2.534913301467895508e+00
2.718103170394897461e+00
2.536020994186401367e+00
2.670403957366943359e+00
1.971867918968200684e+00
2.030546665191650391e+00
2.132131099700927734e+00
1.325184553861618042e-01
3.457170724868774414e-01
6.075565218925476074e-01
8.782228827476501465e-01
1.074914932250976562e+00
1.206942915916442871e+00
1.632992386817932129e+00
1.518559455871582031e+00
1.328520029783248901e-01
3.404818177223205566e-01
5.952023267745971680e-01
8.121117353439331055e-01
1.311265468597412109e+00
1.782230377197265625e+00
1.657984733581542969e+00
1.326721012592315674e-01
5.182340145111083984e-01
7.608384490013122559e-01
1.464569449424743652e+00
1.995584130287170410e+00
1.791315913200378418e+00
3.616635501384735107e-01
5.151781439781188965e-01
1.234544754028320312e+00
1.742206811904907227e+00
1.622227549552917480e+00
1.319341957569122314e-01
9.554489254951477051e-01
1.485614299774169922e+00
1.192204475402832031e+00
6.897886991500854492e-01
1.164282083511352539e+00
9.676546454429626465e-01
2.781918048858642578e-01
3.025923371315002441e-01
1.335199773311614990e-01
