5.206421613693237305e-01
4.229962825775146484e+00
4.502296447753906250e+00
4.595534801483154297e+00
4.110678195953369141e+00
4.066386699676513672e+00
1.678418517112731934e+00
2.166872262954711914e+00
2.675037860870361328e+00
4.197630882263183594e+00
4.864251613616943359e+00
5.244213104248046875e+00
5.610191822052001953e+00
6.173924446105957031e+00
6.790999412536621094e+00
7.165540695190429688e+00
7.350636959075927734e+00
7.242040157318115234e+00
7.418056488037109375e+00
7.598955154418945312e+00
7.843933582305908203e+00
7.491335868835449219e+00
7.476524829864501953e+00
6.506877422332763672e+00
6.866608142852783203e+00
6.981619358062744141e+00
6.505535602569580078e+00
6.421366214752197266e+00
6.127742290496826172e+00
6.475292682647705078e+00
6.783032417297363281e+00
6.467985630035400391e+00
6.557841300964355469e+00
6.290802001953125000e+00
5.999169826507568359e+00
6.258377552032470703e+00
5.671201705932617188e+00
5.545679092407226562e+00
5.442327022552490234e+00
6.407660961151123047e+00
5.484575271606445312e+00
5.629780292510986328e+00
5.996970653533935547e+00
6.414827823638916016e+00
5.621161937713623047e+00
6.458794593811035156e+00
6.762699127197265625e+00
6.088291645050048828e+00
6.837676525115966797e+00
7.302999019622802734e+00
7.387963771820068359e+00
8.156872749328613281e+00
8.213879585266113281e+00
7.329911708831787109e+00
7.721738815307617188e+00
7.380861282348632812e+00
7.013498306274414062e+00
7.108911991119384766e+00
7.222485542297363281e+00
3.317436218261718750e+00
2.616370916366577148e+00
4.733904838562011719e+00
4.583045959472656250e+00
4.164883136749267578e+00
4.057004928588867188e+00
1.923328399658203125e+00
3.798557758331298828e+00
4.087528705596923828e+00
4.592139720916748047e+00
4.595803260803222656e+00
4.118834018707275391e+00
4.375991344451904297e+00
4.324055671691894531e+00
3.799965858459472656e+00
3.720997095108032227e+00
1.424464941024780273e+00
1.797534823417663574e+00
2.059731006622314453e+00
3.744698524475097656e+00
4.334671974182128906e+00
4.687297344207763672e+00
5.008554935455322266e+00
5.610414028167724609e+00
6.221079349517822266e+00
6.582528591156005859e+00
6.822150707244873047e+00
6.652394294738769531e+00
6.740745544433593750e+00
6.903542995452880859e+00
7.152071952819824219e+00
6.821794033050537109e+00
6.823302268981933594e+00
5.827740669250488281e+00
6.165572166442871094e+00
6.220837116241455078e+00
5.757647991180419922e+00
5.663781642913818359e+00
5.378860473632812500e+00
5.719763278961181641e+00
6.136231422424316406e+00
5.809319019317626953e+00
5.878930091857910156e+00
5.686838150024414062e+00
5.290365219116210938e+00
5.622920036315917969e+00
5.054818153381347656e+00
4.908367156982421875e+00
4.875219345092773438e+00
5.961544990539550781e+00
5.048662662506103516e+00
5.202394962310791016e+00
5.590798854827880859e+00
5.974517345428466797e+00
5.169449806213378906e+00
5.901538372039794922e+00
6.421051502227783203e+00
5.758389949798583984e+00
6.515922546386718750e+00
6.962891101837158203e+00
7.083253860473632812e+00
7.733076095581054688e+00
7.739602565765380859e+00
6.776842594146728516e+00
7.264683246612548828e+00
6.913175106048583984e+00
6.646378993988037109e+00
6.689645767211914062e+00
6.721658706665039062e+00
2.628132581710815430e+00
1.981214642524719238e+00
4.120118618011474609e+00
4.016831874847412109e+00
3.720144510269165039e+00
3.552519083023071289e+00
1.087566733360290527e+00
3.508850574493408203e+00
4.016026973724365234e+00
4.538041114807128906e+00
4.420122146606445312e+00
1.330675035715103149e-01
4.065821468830108643e-01
3.310256898403167725e-01
9.344494938850402832e-01
3.627375841140747070e+00
3.577076673507690430e+00
3.120597600936889648e+00
1.265889525413513184e+00
1.322258114814758301e+00
2.315607786178588867e+00
2.758927583694458008e+00
2.942883968353271484e+00
3.389592409133911133e+00
3.808259487152099609e+00
3.823513984680175781e+00
4.173024654388427734e+00
4.625535011291503906e+00
4.947671413421630859e+00
5.322556972503662109e+00
5.080183029174804688e+00
5.125695705413818359e+00
4.195772647857666016e+00
5.063518524169921875e+00
5.125916957855224609e+00
4.696238517761230469e+00
4.638566017150878906e+00
4.399573802947998047e+00
4.570587635040283203e+00
3.697370529174804688e+00
3.688677787780761719e+00
3.976214408874511719e+00
3.246922492980957031e+00
3.689556121826171875e+00
3.687894821166992188e+00
3.105018615722656250e+00
3.414877891540527344e+00
3.474085330963134766e+00
3.631816864013671875e+00
2.999205350875854492e+00
2.445000648498535156e+00
2.272468328475952148e+00
2.576826810836791992e+00
2.405127763748168945e+00
3.960624694824218750e+00
3.346834659576416016e+00
2.398804664611816406e+00
3.072064399719238281e+00
3.264974355697631836e+00
3.584767580032348633e+00
4.493307113647460938e+00
4.803396224975585938e+00
4.044708728790283203e+00
3.864147663116455078e+00
3.579817056655883789e+00
2.973976850509643555e+00
2.971585273742675781e+00
3.360482215881347656e+00
4.101649284362792969e+00
4.144088268280029297e+00
2.554775238037109375e+00
2.299558162689208984e+00
1.296581745147705078e+00
2.007076025009155273e+00
3.744899511337280273e+00
9.713684916496276855e-01
1.360454440116882324e+00
1.452303051948547363e+00
1.394132018089294434e+00
3.232902288436889648e-01
5.402783751487731934e-01
1.152557253837585449e+00
4.031761646270751953e+00
4.024055480957031250e+00
3.411415338516235352e+00
1.475335597991943359e+00
1.506457686424255371e+00
2.424519538879394531e+00
2.753660202026367188e+00
2.940688848495483398e+00
3.354249715805053711e+00
3.753667116165161133e+00
3.673484086990356445e+00
4.071832656860351562e+00
4.600200653076171875e+00
4.961558818817138672e+00
5.276084899902343750e+00
5.029491901397705078e+00
5.055893898010253906e+00
4.204763889312744141e+00
5.063428401947021484e+00
5.211621761322021484e+00
4.775466918945312500e+00
4.760309219360351562e+00
4.518493175506591797e+00
4.686295032501220703e+00
3.718315124511718750e+00
3.777111530303955078e+00
4.043907165527343750e+00
3.275728225708007812e+00
3.740544080734252930e+00
3.656136989593505859e+00
3.109592676162719727e+00
3.356967210769653320e+00
3.424285411834716797e+00
3.417922496795654297e+00
2.865728139877319336e+00
2.250587224960327148e+00
2.063128232955932617e+00
2.308917999267578125e+00
2.275181531906127930e+00
3.853652715682983398e+00
3.041998624801635742e+00
2.089835882186889648e+00
2.740439653396606445e+00
2.918226003646850586e+00
3.248309612274169922e+00
4.205673217773437500e+00
4.548145294189453125e+00
3.851393699645996094e+00
3.632920503616333008e+00
3.372916221618652344e+00
2.683514595031738281e+00
2.776002168655395508e+00
3.265141248703002930e+00
4.442131519317626953e+00
4.524524211883544922e+00
2.669998645782470703e+00
2.365934371948242188e+00
1.464731693267822266e+00
2.101259231567382812e+00
3.990231513977050781e+00
1.129006147384643555e+00
1.253490328788757324e+00
1.256321072578430176e+00
1.156515717506408691e+00
4.208334088325500488e-01
8.615559935569763184e-01
4.052011966705322266e+00
4.111507892608642578e+00
3.231912612915039062e+00
8.934686779975891113e-01
7.725510001182556152e-01
1.711942315101623535e+00
2.140875101089477539e+00
2.317654609680175781e+00
2.765201330184936523e+00
3.187754631042480469e+00
3.244594097137451172e+00
3.581098079681396484e+00
4.000755310058593750e+00
4.322149753570556641e+00
4.719213008880615234e+00
4.495536804199218750e+00
4.561141967773437500e+00
3.603351831436157227e+00
4.518283843994140625e+00
4.536884784698486328e+00
4.118008136749267578e+00
4.065042972564697266e+00
3.838580846786499023e+00
3.971683740615844727e+00
3.070530176162719727e+00
3.074701309204101562e+00
3.358185768127441406e+00
2.621175050735473633e+00
3.082514762878417969e+00
3.113884925842285156e+00
2.547156095504760742e+00
2.898920059204101562e+00
2.999420642852783203e+00
3.193523645401000977e+00
2.587921857833862305e+00
2.008148193359375000e+00
1.779181003570556641e+00
1.997083663940429688e+00
1.893476843833923340e+00
3.447759389877319336e+00
2.842581033706665039e+00
1.886551260948181152e+00
2.494662284851074219e+00
2.717126369476318359e+00
2.964115619659423828e+00
3.901727199554443359e+00
4.257698059082031250e+00
3.495281934738159180e+00
3.279140472412109375e+00
3.023406505584716797e+00
2.348623275756835938e+00
2.386207342147827148e+00
2.776019811630249023e+00
4.242671489715576172e+00
4.411520957946777344e+00
2.041356325149536133e+00
1.851931333541870117e+00
8.904781937599182129e-01
1.613066554069519043e+00
3.791347503662109375e+00
7.181463837623596191e-01
1.313299775123596191e+00
1.372681021690368652e+00
1.171013355255126953e+00
1.330110430717468262e-01
3.314261674880981445e+00
3.327003717422485352e+00
2.390062332153320312e+00
6.584369540214538574e-01
7.046976089477539062e-01
1.689484119415283203e+00
2.337097167968750000e+00
2.502235651016235352e+00
2.987122774124145508e+00
3.425545930862426758e+00
3.611322641372680664e+00
3.868029594421386719e+00
4.172455787658691406e+00
4.428244113922119141e+00
4.905544281005859375e+00
4.687148571014404297e+00
4.776257991790771484e+00
3.710232734680175781e+00
4.625663757324218750e+00
4.519527435302734375e+00
4.113559246063232422e+00
3.992908954620361328e+00
3.771362781524658203e+00
3.916620254516601562e+00
3.194162845611572266e+00
3.084465980529785156e+00
3.394170284271240234e+00
2.742501497268676758e+00
3.136559963226318359e+00
3.302932977676391602e+00
2.695149660110473633e+00
3.102253675460815430e+00
3.225937366485595703e+00
3.646399259567260742e+00
2.952527046203613281e+00
2.481826066970825195e+00
2.276059389114379883e+00
2.584252595901489258e+00
2.270694255828857422e+00
3.740701436996459961e+00
3.468245506286621094e+00
2.507234096527099609e+00
3.170633792877197266e+00
3.358764410018920898e+00
3.637501716613769531e+00
4.503669738769531250e+00
4.784929752349853516e+00
3.842470169067382812e+00
3.781949281692504883e+00
3.489460229873657227e+00
2.954891920089721680e+00
2.810644865036010742e+00
3.086881637573242188e+00
3.404245138168334961e+00
3.554158449172973633e+00
2.017822742462158203e+00
1.920816421508789062e+00
8.514460325241088867e-01
1.664529919624328613e+00
3.129813909530639648e+00
7.306007742881774902e-01
1.678958535194396973e+00
1.819403409957885742e+00
1.624657630920410156e+00
3.153673410415649414e+00
3.119385719299316406e+00
2.113658666610717773e+00
8.001211881637573242e-01
8.260753154754638672e-01
1.762024044990539551e+00
2.497375249862670898e+00
2.584995031356811523e+00
3.046105146408081055e+00
3.476274251937866211e+00
3.751511812210083008e+00
4.038025856018066406e+00
4.268542289733886719e+00
4.505814552307128906e+00
5.065561294555664062e+00
4.880899429321289062e+00
4.982484817504882812e+00
3.867625474929809570e+00
4.785996437072753906e+00
4.571249961853027344e+00
4.185336112976074219e+00
4.009050846099853516e+00
3.799891710281372070e+00
3.935472249984741211e+00
3.214894533157348633e+00
3.090494871139526367e+00
3.459085941314697266e+00
2.838306188583374023e+00
3.263576745986938477e+00
3.506467819213867188e+00
2.896770715713500977e+00
3.272843837738037109e+00
3.451146125793457031e+00
3.917712450027465820e+00
3.208515167236328125e+00
2.758048772811889648e+00
2.517917633056640625e+00
2.860769033432006836e+00
2.533385515213012695e+00
3.979212522506713867e+00
3.819691896438598633e+00
2.871471881866455078e+00
3.557169914245605469e+00
3.683625936508178711e+00
4.006164550781250000e+00
4.759556770324707031e+00
4.994005203247070312e+00
4.025046825408935547e+00
3.945957183837890625e+00
3.626543045043945312e+00
3.259073257446289062e+00
2.958239793777465820e+00
3.084681987762451172e+00
3.098598718643188477e+00
3.279309034347534180e+00
2.150507926940917969e+00
2.086052894592285156e+00
1.048974514007568359e+00
1.858056187629699707e+00
2.962950229644775391e+00
9.486377835273742676e-01
2.133719444274902344e+00
2.316014528274536133e+00
2.060964822769165039e+00
2.897663712501525879e-01
1.271842360496520996e+00
3.556652307510375977e+00
4.095324516296386719e+00
4.507658481597900391e+00
5.173552989959716797e+00
5.575251579284667969e+00
6.111199378967285156e+00
6.562661170959472656e+00
6.897350311279296875e+00
6.867270469665527344e+00
6.836017131805419922e+00
6.978565216064453125e+00
7.462809562683105469e+00
7.230995178222656250e+00
7.301484584808349609e+00
6.134909152984619141e+00
6.732831478118896484e+00
6.465565204620361328e+00
6.123683929443359375e+00
5.844901561737060547e+00
5.629052162170410156e+00
5.795637607574462891e+00
6.096130371093750000e+00
5.695898056030273438e+00
5.916873455047607422e+00
5.641569137573242188e+00
5.403325080871582031e+00
5.917887687683105469e+00
5.322360992431640625e+00
5.347677707672119141e+00
5.455590248107910156e+00
6.481455802917480469e+00
5.525477409362792969e+00
5.531454086303710938e+00
5.654232501983642578e+00
6.027860641479492188e+00
5.351678848266601562e+00
6.383100986480712891e+00
6.692697525024414062e+00
5.872133731842041016e+00
6.644907951354980469e+00
7.018334388732910156e+00
7.224333286285400391e+00
7.927822113037109375e+00
8.016193389892578125e+00
6.972480297088623047e+00
7.286866188049316406e+00
6.932398796081542969e+00
6.622135162353515625e+00
6.497620582580566406e+00
6.482056140899658203e+00
1.757068634033203125e+00
1.092913746833801270e+00
4.310448646545410156e+00
4.316686630249023438e+00
3.742054462432861328e+00
3.878249168395996094e+00
1.555233240127563477e+00
3.544965028762817383e+00
4.224219799041748047e+00
4.659038066864013672e+00
4.595139503479003906e+00
1.039875149726867676e+00
3.547317504882812500e+00
3.984833002090454102e+00
4.363220214843750000e+00
5.095829963684082031e+00
5.459325313568115234e+00
5.960458278656005859e+00
6.416395187377929688e+00
6.829543113708496094e+00
6.787689208984375000e+00
6.662211418151855469e+00
6.786226749420166016e+00
7.311719894409179688e+00
7.128081798553466797e+00
7.237740516662597656e+00
6.010931015014648438e+00
6.654538631439208984e+00
6.265180587768554688e+00
5.953721523284912109e+00
5.639552116394042969e+00
5.449000835418701172e+00
5.567575931549072266e+00
5.921036243438720703e+00
5.491465091705322266e+00
5.710974216461181641e+00
5.501293659210205078e+00
5.223197937011718750e+00
5.835117816925048828e+00
5.263735771179199219e+00
5.326953411102294922e+00
5.544844150543212891e+00
6.636667728424072266e+00
5.697927951812744141e+00
5.671525955200195312e+00
5.708718776702880859e+00
6.052601814270019531e+00
5.424788475036621094e+00
6.431554794311523438e+00
6.861702919006347656e+00
6.017903327941894531e+00
6.788241863250732422e+00
7.117126941680908203e+00
7.337215423583984375e+00
7.986452579498291016e+00
8.041042327880859375e+00
6.921968460083007812e+00
7.264740467071533203e+00
6.903853893280029297e+00
6.676572799682617188e+00
6.443411827087402344e+00
6.357766628265380859e+00
1.311419367790222168e+00
6.845721602439880371e-01
4.255615711212158203e+00
4.352921962738037109e+00
3.810847043991088867e+00
4.000674724578857422e+00
1.607569456100463867e+00
3.708379268646240234e+00
4.443141937255859375e+00
4.825509071350097656e+00
4.810019493103027344e+00
2.282886743545532227e+00
2.683573484420776367e+00
3.030702114105224609e+00
3.768924474716186523e+00
4.122951984405517578e+00
4.610108375549316406e+00
5.057475090026855469e+00
5.515165328979492188e+00
5.450041770935058594e+00
5.288633346557617188e+00
5.413084983825683594e+00
5.952471733093261719e+00
5.791929721832275391e+00
5.921541213989257812e+00
4.665708541870117188e+00
5.367582798004150391e+00
4.931413650512695312e+00
4.618136882781982422e+00
4.301916122436523438e+00
4.114823818206787109e+00
4.225002288818359375e+00
4.548798084259033203e+00
4.124950885772705078e+00
4.338273525238037109e+00
4.144913196563720703e+00
3.860169887542724609e+00
4.502756118774414062e+00
3.947522878646850586e+00
4.049526214599609375e+00
4.357704639434814453e+00
5.472799301147460938e+00
4.582835674285888672e+00
4.533078193664550781e+00
4.506371498107910156e+00
4.823876857757568359e+00
4.224078178405761719e+00
5.182525157928466797e+00
5.748918533325195312e+00
4.919084072113037109e+00
5.677642822265625000e+00
5.971322059631347656e+00
6.194410800933837891e+00
6.756539344787597656e+00
6.766343116760253906e+00
5.602395534515380859e+00
5.999691486358642578e+00
5.633290290832519531e+00
5.504675865173339844e+00
5.219686508178710938e+00
5.066351890563964844e+00
3.171734213829040527e-01
5.814827680587768555e-01
2.955398321151733398e+00
3.122780084609985352e+00
2.693435907363891602e+00
2.882108926773071289e+00
1.196919560432434082e+00
2.720635175704956055e+00
3.870065927505493164e+00
4.218916893005371094e+00
4.031288623809814453e+00
3.582381904125213623e-01
7.326039075851440430e-01
1.495143890380859375e+00
1.701357960700988770e+00
2.278296947479248047e+00
2.718521595001220703e+00
2.996288776397705078e+00
3.078262805938720703e+00
3.262459754943847656e+00
3.486828565597534180e+00
3.966221094131469727e+00
3.750178575515747070e+00
3.864001274108886719e+00
2.709300279617309570e+00
3.631773948669433594e+00
3.465794801712036133e+00
3.055562734603881836e+00
2.931953907012939453e+00
2.701436758041381836e+00
2.904866218566894531e+00
2.396932125091552734e+00
2.203335523605346680e+00
2.436899662017822266e+00
1.867591381072998047e+00
2.137983798980712891e+00
2.366419553756713867e+00
1.783762335777282715e+00
2.149281740188598633e+00
2.464694261550903320e+00
3.168143987655639648e+00
2.465841531753540039e+00
2.122561454772949219e+00
1.949501395225524902e+00
2.239777326583862305e+00
1.765201568603515625e+00
2.975556850433349609e+00
3.279359102249145508e+00
2.461918830871582031e+00
3.138942956924438477e+00
3.423480272293090820e+00
3.652076959609985352e+00
4.185609340667724609e+00
4.247881412506103516e+00
3.142793178558349609e+00
3.413067817687988281e+00
3.049717903137207031e+00
2.935487508773803711e+00
2.680491685867309570e+00
2.633437156677246094e+00
3.101585149765014648e+00
3.514383792877197266e+00
1.020051598548889160e+00
1.041922450065612793e+00
3.698547780513763428e-01
9.922736287117004395e-01
2.942661046981811523e+00
6.502835154533386230e-01
1.892338275909423828e+00
2.070438146591186523e+00
1.736024141311645508e+00
3.394298851490020752e-01
1.100111722946166992e+00
1.232532620429992676e+00
1.775067806243896484e+00
2.216736078262329102e+00
2.548751592636108398e+00
2.670514106750488281e+00
2.841142654418945312e+00
3.070482015609741211e+00
3.587618350982666016e+00
3.416363239288330078e+00
3.557042598724365234e+00
2.408558130264282227e+00
3.412904024124145508e+00
3.189862966537475586e+00
2.804693460464477539e+00
2.695496082305908203e+00
2.499203443527221680e+00
2.590596199035644531e+00
1.907924532890319824e+00
1.771170258522033691e+00
2.034010410308837891e+00
1.407845497131347656e+00
1.781087398529052734e+00
2.067296743392944336e+00
1.548646807670593262e+00
2.028027057647705078e+00
2.386357307434082031e+00
2.993807315826416016e+00
2.435424804687500000e+00
2.052893161773681641e+00
1.680691957473754883e+00
1.901234984397888184e+00
1.591302990913391113e+00
2.758138895034790039e+00
3.097009897232055664e+00
2.267434120178222656e+00
2.838628530502319336e+00
2.998732566833496094e+00
3.254042625427246094e+00
3.826913833618164062e+00
3.873912572860717773e+00
2.733565807342529297e+00
2.986499547958374023e+00
2.622095346450805664e+00
2.476880788803100586e+00
2.150934219360351562e+00
2.129182577133178711e+00
3.407232522964477539e+00
3.899996757507324219e+00
8.727719187736511230e-01
1.099256515502929688e+00
8.277886509895324707e-01
1.311085343360900879e+00
3.383295297622680664e+00
1.114853620529174805e+00
2.218896865844726562e+00
2.243899106979370117e+00
1.937982201576232910e+00
6.852959990501403809e-01
7.306374311447143555e-01
1.279978990554809570e+00
1.717272400856018066e+00
2.122837781906127930e+00
2.227213144302368164e+00
2.344090461730957031e+00
2.560880422592163086e+00
3.123981475830078125e+00
2.996378660202026367e+00
3.165415763854980469e+00
2.014040231704711914e+00
3.087208747863769531e+00
2.733839035034179688e+00
2.418150186538696289e+00
2.230321168899536133e+00
2.091658592224121094e+00
1.979189157485961914e+00
1.403792500495910645e+00
1.078657507896423340e+00
1.496211290359497070e+00
9.050092697143554688e-01
1.355992078781127930e+00
1.705908775329589844e+00
1.304341554641723633e+00
1.810822844505310059e+00
2.267682552337646484e+00
2.839243888854980469e+00
2.353696346282958984e+00
2.047492504119873047e+00
1.561332821846008301e+00
1.681918859481811523e+00
1.532404780387878418e+00
2.502681255340576172e+00
3.018501043319702148e+00
2.315711259841918945e+00
2.865254402160644531e+00
2.957838296890258789e+00
3.187540292739868164e+00
3.521495580673217773e+00
3.512141466140747070e+00
2.314248800277709961e+00
2.634420633316040039e+00
2.268573045730590820e+00
2.404797315597534180e+00
1.922813892364501953e+00
1.724866390228271484e+00
3.613055706024169922e+00
4.213544368743896484e+00
5.506469607353210449e-01
1.076999902725219727e+00
1.272447586059570312e+00
1.449666142463684082e+00
3.731619834899902344e+00
1.815152287483215332e+00
2.852050304412841797e+00
2.848891973495483398e+00
2.508354425430297852e+00
1.328512430191040039e-01
5.308586955070495605e-01
9.140141606330871582e-01
1.259694337844848633e+00
1.277820467948913574e+00
1.527227163314819336e+00
1.885692238807678223e+00
2.267784357070922852e+00
2.139050245285034180e+00
2.309415578842163086e+00
1.237924218177795410e+00
2.268548488616943359e+00
2.243477821350097656e+00
1.781652927398681641e+00
1.874705314636230469e+00
1.614016532897949219e+00
1.888864040374755859e+00
9.554727673530578613e-01
9.549717307090759277e-01
1.125167250633239746e+00
4.101290106773376465e-01
7.798099517822265625e-01
8.462051153182983398e-01
3.811590373516082764e-01
9.626190662384033203e-01
1.415578842163085938e+00
2.170514345169067383e+00
1.763054966926574707e+00
1.545111894607543945e+00
1.159617066383361816e+00
1.191065549850463867e+00
1.047169208526611328e+00
1.657063364982604980e+00
2.472949981689453125e+00
1.985692977905273438e+00
2.430962562561035156e+00
2.502098560333251953e+00
2.695228099822998047e+00
2.794526100158691406e+00
2.660928487777709961e+00
1.394129872322082520e+00
1.937175989151000977e+00
1.593848705291748047e+00
1.922282576560974121e+00
1.525628328323364258e+00
1.323751688003540039e+00
4.319564342498779297e+00
4.942394256591796875e+00
6.067179441452026367e-01
8.787057399749755859e-01
1.644429206848144531e+00
1.503035306930541992e+00
4.125888347625732422e+00
2.276004552841186523e+00
2.990570306777954102e+00
2.898369789123535156e+00
2.581915378570556641e+00
3.143081665039062500e-01
7.234039306640625000e-01
1.107928395271301270e+00
1.238130450248718262e+00
1.473132610321044922e+00
1.774431824684143066e+00
2.314978837966918945e+00
2.243800163269042969e+00
2.473954916000366211e+00
1.487906813621520996e+00
2.615547895431518555e+00
2.367626428604125977e+00
2.106866836547851562e+00
2.088142633438110352e+00
2.027388334274291992e+00
1.648714542388916016e+00
4.286240041255950928e-01
6.044050455093383789e-01
9.656971693038940430e-01
3.224247395992279053e-01
8.838346004486083984e-01
1.204454302787780762e+00
1.032919287681579590e+00
1.611381292343139648e+00
2.034013986587524414e+00
2.431973457336425781e+00
2.085997343063354492e+00
1.886727929115295410e+00
1.339621663093566895e+00
1.279647946357727051e+00
1.193078398704528809e+00
2.006456375122070312e+00
2.613191366195678711e+00
2.173037052154541016e+00
2.506851673126220703e+00
2.492316722869873047e+00
2.688343524932861328e+00
2.756517410278320312e+00
2.641767740249633789e+00
1.409584522247314453e+00
1.799865126609802246e+00
1.402515172958374023e+00
1.863048434257507324e+00
1.308637022972106934e+00
9.904395341873168945e-01
4.683687210083007812e+00
5.303899765014648438e+00
1.050114989280700684e+00
1.572005033493041992e+00
1.981221318244934082e+00
2.023319482803344727e+00
4.688951015472412109e+00
2.573773860931396484e+00
3.255906820297241211e+00
3.132932186126708984e+00
2.821800708770751953e+00
2.646279931068420410e-01
5.232892036437988281e-01
7.243351340293884277e-01
1.207722544670104980e+00
1.573590397834777832e+00
2.024644374847412109e+00
2.000564575195312500e+00
2.267431735992431641e+00
1.378428816795349121e+00
2.523606300354003906e+00
2.318769216537475586e+00
2.115333795547485352e+00
2.120891094207763672e+00
2.118531703948974609e+00
1.724312305450439453e+00
4.423701465129852295e-01
7.539817690849304199e-01
9.687472581863403320e-01
5.068578124046325684e-01
9.579569101333618164e-01
1.235121488571166992e+00
1.308084011077880859e+00
1.804971933364868164e+00
2.278952360153198242e+00
2.444887399673461914e+00
2.263623714447021484e+00
2.092438697814941406e+00
1.539208531379699707e+00
1.346024155616760254e+00
1.241217613220214844e+00
1.990152120590209961e+00
2.513528347015380859e+00
2.347541570663452148e+00
2.393741846084594727e+00
2.329523324966430664e+00
2.469247102737426758e+00
2.352377891540527344e+00
2.172130107879638672e+00
1.021144986152648926e+00
1.341216802597045898e+00
8.344205021858215332e-01
1.683232426643371582e+00
1.121403098106384277e+00
7.071570754051208496e-01
5.097806930541992188e+00
5.761129379272460938e+00
1.605578660964965820e+00
2.141982555389404297e+00
2.568302154541015625e+00
2.593138933181762695e+00
5.249947547912597656e+00
3.146902799606323242e+00
3.713455677032470703e+00
3.528434276580810547e+00
3.247867345809936523e+00
3.497868180274963379e-01
4.284500777721405029e-01
7.669951915740966797e-01
1.226483345031738281e+00
1.576078534126281738e+00
1.618843793869018555e+00
1.937900185585021973e+00
1.145285606384277344e+00
2.288564682006835938e+00
2.167956113815307617e+00
2.049937486648559570e+00
2.049764633178710938e+00
2.143047094345092773e+00
1.578119516372680664e+00
4.450196623802185059e-01
8.442161679267883301e-01
1.046193242073059082e+00
8.265361785888671875e-01
1.088683843612670898e+00
1.163086414337158203e+00
1.412298202514648438e+00
1.859495043754577637e+00
2.338306427001953125e+00
2.404668331146240234e+00
2.310553789138793945e+00
2.220515012741088867e+00
1.760979056358337402e+00
1.522587180137634277e+00
1.338098049163818359e+00
1.792091608047485352e+00
2.531724691390991211e+00
2.533535480499267578e+00
2.507011175155639648e+00
2.471053361892700195e+00
2.541509151458740234e+00
2.337158203125000000e+00
2.020825624465942383e+00
8.203089237213134766e-01
1.413675189018249512e+00
7.921360731124877930e-01
1.845690131187438965e+00
1.295817613601684570e+00
6.365603804588317871e-01
5.501276016235351562e+00
6.195479869842529297e+00
1.953567385673522949e+00
2.374839782714843750e+00
2.972352027893066406e+00
2.935514450073242188e+00
5.652488708496093750e+00
3.552219390869140625e+00
4.037694931030273438e+00
3.827489852905273438e+00
3.563369274139404297e+00
1.328274011611938477e-01
1.104229331016540527e+00
1.627212405204772949e+00
1.535334587097167969e+00
1.500006914138793945e+00
1.776957154273986816e+00
1.306063771247863770e+00
2.331913471221923828e+00
2.505613327026367188e+00
2.414050340652465820e+00
2.520760059356689453e+00
2.613706350326538086e+00
2.253476858139038086e+00
1.219655156135559082e+00
1.571658015251159668e+00
1.659706473350524902e+00
1.363931536674499512e+00
1.592862367630004883e+00
1.412715554237365723e+00
1.639369845390319824e+00
1.906448483467102051e+00
2.236439704895019531e+00
2.025373935699462891e+00
2.034060239791870117e+00
1.951229810714721680e+00
1.509889721870422363e+00
1.133213162422180176e+00
1.090294599533081055e+00
1.583453178405761719e+00
1.998369216918945312e+00
2.059963226318359375e+00
1.902548432350158691e+00
1.851793885231018066e+00
1.889912843704223633e+00
1.670264363288879395e+00
1.440532922744750977e+00
3.676590919494628906e-01
7.715398669242858887e-01
2.922124266624450684e-01
1.261718511581420898e+00
1.033002018928527832e+00
8.723713159561157227e-01
6.058350086212158203e+00
6.706199169158935547e+00
2.369745254516601562e+00
2.621313571929931641e+00
2.998909235000610352e+00
3.037802696228027344e+00
5.990159511566162109e+00
3.569737434387207031e+00
3.850967645645141602e+00
3.570392370223999023e+00
3.355061054229736328e+00
7.624394893646240234e-01
1.231712698936462402e+00
1.144868373870849609e+00
1.059478044509887695e+00
1.306371212005615234e+00
8.637241721153259277e-01
1.804881691932678223e+00
2.136758327484130859e+00
2.010983705520629883e+00
2.185274839401245117e+00
2.233076333999633789e+00
2.043132781982421875e+00
1.244950652122497559e+00
1.526302099227905273e+00
1.502877235412597656e+00
1.268673896789550781e+00
1.425499677658081055e+00
8.910800814628601074e-01
1.270242691040039062e+00
1.553597211837768555e+00
1.939065814018249512e+00
1.975798606872558594e+00
1.948291778564453125e+00
2.047348260879516602e+00
1.826355218887329102e+00
1.478384971618652344e+00
1.245313644409179688e+00
1.122679352760314941e+00
2.203713655471801758e+00
2.515598535537719727e+00
2.407180547714233398e+00
2.385063648223876953e+00
2.337649822235107422e+00
1.951543092727661133e+00
1.459767222404479980e+00
3.418228924274444580e-01
1.169059395790100098e+00
6.367073655128479004e-01
1.815565824508666992e+00
1.508521676063537598e+00
1.146489024162292480e+00
5.944019317626953125e+00
6.614643573760986328e+00
2.233991146087646484e+00
2.306242704391479492e+00
3.079212903976440430e+00
2.979570150375366211e+00
5.806618213653564453e+00
3.721573829650878906e+00
4.101328849792480469e+00
3.887550115585327148e+00
3.614326000213623047e+00
3.147454857826232910e-01
7.613263130187988281e-01
9.428894519805908203e-01
1.377250552177429199e+00
7.956803441047668457e-01
1.633227586746215820e+00
1.226995468139648438e+00
1.325398564338684082e+00
1.302370905876159668e+00
1.523942112922668457e+00
1.074092626571655273e+00
7.967267632484436035e-01
9.919863939285278320e-01
8.509195446968078613e-01
8.925464749336242676e-01
1.098341226577758789e+00
1.181300997734069824e+00
1.776081681251525879e+00
2.153123855590820312e+00
2.705377578735351562e+00
3.002962112426757812e+00
2.909282684326171875e+00
2.943977594375610352e+00
2.602203845977783203e+00
2.367538213729858398e+00
2.117772102355957031e+00
2.154793977737426758e+00
3.269612073898315430e+00
3.395279884338378906e+00
3.360188007354736328e+00
3.345773220062255859e+00
3.347082138061523438e+00
2.987795114517211914e+00
2.432394027709960938e+00
1.323657989501953125e+00
2.147542238235473633e+00
1.531182169914245605e+00
2.742684841156005859e+00
2.276425838470458984e+00
1.611247658729553223e+00
5.566103935241699219e+00
6.352880001068115234e+00
2.226836681365966797e+00
2.607741117477416992e+00
3.603512763977050781e+00
3.457666158676147461e+00
5.688157081604003906e+00
4.204862117767333984e+00
4.805294036865234375e+00
4.643053054809570312e+00
4.356509685516357422e+00
6.785255670547485352e-01
9.589109420776367188e-01
1.442737340927124023e+00
8.539680242538452148e-01
1.467991113662719727e+00
8.959037661552429199e-01
1.218902707099914551e+00
1.133298397064208984e+00
1.444646596908569336e+00
9.772087931632995605e-01
8.934890031814575195e-01
1.130304455757141113e+00
9.313427805900573730e-01
1.130719900131225586e+00
1.321269154548645020e+00
1.347117543220520020e+00
2.043701171875000000e+00
2.311919450759887695e+00
2.903088331222534180e+00
3.335410356521606445e+00
3.241197347640991211e+00
3.338233232498168945e+00
3.064052820205688477e+00
2.849214315414428711e+00
2.567566394805908203e+00
2.420808792114257812e+00
3.694351673126220703e+00
3.870507955551147461e+00
3.861274480819702148e+00
3.870391368865966797e+00
3.836109399795532227e+00
3.420130968093872070e+00
2.847777843475341797e+00
1.769587397575378418e+00
2.661039590835571289e+00
2.066938638687133789e+00
3.280072689056396484e+00
2.768527746200561523e+00
2.044478893280029297e+00
5.618644237518310547e+00
6.443845748901367188e+00
2.431038618087768555e+00
2.835245132446289062e+00
3.874081850051879883e+00
3.720296859741210938e+00
5.784494400024414062e+00
4.488306045532226562e+00
5.181014060974121094e+00
5.055974483489990234e+00
4.752362251281738281e+00
1.328158378601074219e-01
5.812852382659912109e-01
8.376893997192382812e-01
9.120322465896606445e-01
1.100308418273925781e+00
1.345362663269042969e+00
1.575697302818298340e+00
1.796849727630615234e+00
1.785259723663330078e+00
1.735423922538757324e+00
1.907108902931213379e+00
1.624673366546630859e+00
1.693858861923217773e+00
1.782642841339111328e+00
1.268887758255004883e+00
2.065469264984130859e+00
2.222124338150024414e+00
2.617391347885131836e+00
2.945038795471191406e+00
2.940466165542602539e+00
3.192038774490356445e+00
3.089709520339965820e+00
2.764895200729370117e+00
2.499086380004882812e+00
1.951626181602478027e+00
3.357801675796508789e+00
3.780145168304443359e+00
3.638377666473388672e+00
3.643490076065063477e+00
3.528952598571777344e+00
2.958397626876831055e+00
2.326922178268432617e+00
1.500803947448730469e+00
2.448845386505126953e+00
2.007656812667846680e+00
3.181782960891723633e+00
2.979630231857299805e+00
2.424702405929565430e+00
6.180208683013916016e+00
6.994479179382324219e+00
2.906427145004272461e+00
2.920056343078613281e+00
4.086008548736572266e+00
3.874757766723632812e+00
6.177511215209960938e+00
4.749770164489746094e+00
5.248157501220703125e+00
5.094799518585205078e+00
4.763128757476806641e+00
3.049700558185577393e-01
7.021237611770629883e-01
7.539761662483215332e-01
1.359724998474121094e+00
1.337959289550781250e+00
1.723486781120300293e+00
1.862561702728271484e+00
2.024133920669555664e+00
1.882406949996948242e+00
2.004428863525390625e+00
1.690800070762634277e+00
1.733309268951416016e+00
1.687659621238708496e+00
1.062281847000122070e+00
1.739780902862548828e+00
1.808155059814453125e+00
2.139816761016845703e+00
2.534708261489868164e+00
2.530593156814575195e+00
2.818602561950683594e+00
2.838703870773315430e+00
2.522339105606079102e+00
2.239107847213745117e+00
1.555718302726745605e+00
3.047112703323364258e+00
3.505988836288452148e+00
3.397119760513305664e+00
3.446846008300781250e+00
3.301877021789550781e+00
2.770988225936889648e+00
2.164933681488037109e+00
1.360748648643493652e+00
2.347436904907226562e+00
1.992177605628967285e+00
3.001959800720214844e+00
2.926332950592041016e+00
2.487843990325927734e+00
6.102652072906494141e+00
6.862458705902099609e+00
2.718721389770507812e+00
2.557652711868286133e+00
3.760654211044311523e+00
3.486890554428100586e+00
5.973423480987548828e+00
4.440560817718505859e+00
4.881425380706787109e+00
4.762717247009277344e+00
4.390659332275390625e+00
9.860135316848754883e-01
7.435071468353271484e-01
1.585293292999267578e+00
1.563790798187255859e+00
2.027959823608398438e+00
2.113473892211914062e+00
2.446033000946044922e+00
2.219664335250854492e+00
2.295505285263061523e+00
1.991086840629577637e+00
1.991473555564880371e+00
1.909620285034179688e+00
1.225511431694030762e+00
1.761444449424743652e+00
1.782689332962036133e+00
1.959595680236816406e+00
2.264544963836669922e+00
2.348967075347900391e+00
2.707126617431640625e+00
2.833583116531372070e+00
2.513907670974731445e+00
2.225989341735839844e+00
1.342869997024536133e+00
2.878546476364135742e+00
3.410890102386474609e+00
3.347262859344482422e+00
3.453066825866699219e+00
3.258228302001953125e+00
2.755610704421997070e+00
2.132150650024414062e+00
1.551025748252868652e+00
2.508970737457275391e+00
2.251850605010986328e+00
3.063379526138305664e+00
3.157080411911010742e+00
2.826491832733154297e+00
6.264176845550537109e+00
6.999502658843994141e+00
2.848932981491088867e+00
2.572328329086303711e+00
3.760949134826660156e+00
3.430088758468627930e+00
6.032222270965576172e+00
4.451663970947265625e+00
4.798210620880126953e+00
4.690147399902343750e+00
4.276988506317138672e+00
9.286963939666748047e-01
1.029343128204345703e+00
6.986864209175109863e-01
9.670798182487487793e-01
9.232528805732727051e-01
1.328822970390319824e+00
1.074633359909057617e+00
1.082083225250244141e+00
7.680014371871948242e-01
7.850415110588073730e-01
6.159530282020568848e-01
2.703861296176910400e-01
9.431691169738769531e-01
1.064485430717468262e+00
1.731751918792724609e+00
2.443023204803466797e+00
2.271250009536743164e+00
2.310802459716796875e+00
2.257928848266601562e+00
2.125456571578979492e+00
1.776776909828186035e+00
1.496015548706054688e+00
2.904863357543945312e+00
3.042048454284667969e+00
3.180874586105346680e+00
3.253007173538208008e+00
3.198493957519531250e+00
2.893925189971923828e+00
2.389348506927490234e+00
1.271976113319396973e+00
2.252518177032470703e+00
1.816805243492126465e+00
2.699347734451293945e+00
2.517375946044921875e+00
2.130344629287719727e+00
4.992566108703613281e+00
5.742723464965820312e+00
1.629310488700866699e+00
1.616232037544250488e+00
2.843248367309570312e+00
2.624838590621948242e+00
4.912269592285156250e+00
3.525735378265380859e+00
4.172098636627197266e+00
4.104317665100097656e+00
3.794306039810180664e+00
9.567118883132934570e-01
6.845824718475341797e-01
1.320499897003173828e+00
1.275349020957946777e+00
1.766608357429504395e+00
2.160204172134399414e+00
2.130423069000244141e+00
1.764225125312805176e+00
1.951522946357727051e+00
1.724638819694519043e+00
1.210641741752624512e+00
1.653389930725097656e+00
1.394561171531677246e+00
1.805182218551635742e+00
2.591361284255981445e+00
2.562918186187744141e+00
2.790961027145385742e+00
3.071548461914062500e+00
2.888520717620849609e+00
2.541571855545043945e+00
1.655971765518188477e+00
3.329588413238525391e+00
3.768507003784179688e+00
3.847996950149536133e+00
4.009719371795654297e+00
3.827658414840698242e+00
3.430748462677001953e+00
2.843778133392333984e+00
2.142508983612060547e+00
3.138451337814331055e+00
2.830893039703369141e+00
3.569107770919799805e+00
3.592989444732666016e+00
3.271559238433837891e+00
5.608070373535156250e+00
6.370223045349121094e+00
2.568676233291625977e+00
2.173182487487792969e+00
3.552974939346313477e+00
3.186407804489135742e+00
5.343969821929931641e+00
4.258649826049804688e+00
4.697534561157226562e+00
4.739274024963378906e+00
4.310550689697265625e+00
3.375799655914306641e-01
3.140247166156768799e-01
5.263504981994628906e-01
6.161468029022216797e-01
1.597049593925476074e+00
1.555327892303466797e+00
1.048801660537719727e+00
1.570161938667297363e+00
1.242637753486633301e+00
1.532572865486145020e+00
2.111829757690429688e+00
2.087976217269897461e+00
2.833386421203613281e+00
3.622381210327148438e+00
3.482862234115600586e+00
3.546550750732421875e+00
3.495784282684326172e+00
3.388883590698242188e+00
3.046028852462768555e+00
2.606456756591796875e+00
4.172047138214111328e+00
4.305203914642333984e+00
4.486332893371582031e+00
4.559822559356689453e+00
4.512762069702148438e+00
4.155485630035400391e+00
3.592567443847656250e+00
2.539404630661010742e+00
3.516337871551513672e+00
2.995281934738159180e+00
3.990034580230712891e+00
3.671822547912597656e+00
3.056705236434936523e+00
4.941946983337402344e+00
5.851112842559814453e+00
2.354727745056152344e+00
2.532888174057006836e+00
3.784152984619140625e+00
3.564739942550659180e+00
5.011455535888671875e+00
4.460162639617919922e+00
5.258955955505371094e+00
5.254995822906494141e+00
4.921504974365234375e+00
3.427256643772125244e-01
3.646427690982818604e-01
7.960878610610961914e-01
1.506135225296020508e+00
1.352672934532165527e+00
1.013599753379821777e+00
1.318556904792785645e+00
9.111836552619934082e-01
1.124611973762512207e+00
1.617368340492248535e+00
1.468136310577392578e+00
2.158490180969238281e+00
3.108315467834472656e+00
2.966216802597045898e+00
3.047833204269409180e+00
3.066743373870849609e+00
3.003106355667114258e+00
2.644449234008789062e+00
2.168095827102661133e+00
3.815041542053222656e+00
3.858631849288940430e+00
4.155740737915039062e+00
4.247962951660156250e+00
4.248700618743896484e+00
4.014751911163330078e+00
3.501180648803710938e+00
2.409216165542602539e+00
3.383726119995117188e+00
2.907239913940429688e+00
3.680680513381958008e+00
3.398010015487670898e+00
2.997439622879028320e+00
4.737037658691406250e+00
5.588091850280761719e+00
1.951993227005004883e+00
1.994839429855346680e+00
3.297140598297119141e+00
3.058817625045776367e+00
4.702833175659179688e+00
3.985418796539306641e+00
4.750708103179931641e+00
4.765800952911376953e+00
4.432772636413574219e+00
1.329419761896133423e-01
2.864083051681518555e-01
1.417911052703857422e+00
1.286163210868835449e+00
8.148579001426696777e-01
1.357884764671325684e+00
7.236729860305786133e-01
1.396603584289550781e+00
1.796296000480651855e+00
1.851595163345336914e+00
2.616998910903930664e+00
3.563938617706298828e+00
3.353302240371704102e+00
3.319337368011474609e+00
3.259824037551879883e+00
3.216709375381469727e+00
2.870292663574218750e+00
2.582762241363525391e+00
4.107410907745361328e+00
4.073541641235351562e+00
4.378358364105224609e+00
4.446020126342773438e+00
4.467503547668457031e+00
4.250722885131835938e+00
3.749575853347778320e+00
2.588691473007202148e+00
3.526875019073486328e+00
2.997339725494384766e+00
3.855685949325561523e+00
3.489229440689086914e+00
2.996473073959350586e+00
4.338350772857666016e+00
5.230837821960449219e+00
1.843120217323303223e+00
2.139615058898925781e+00
3.310384750366210938e+00
3.107311010360717773e+00
4.430850028991699219e+00
3.961650609970092773e+00
4.853356838226318359e+00
4.883708477020263672e+00
4.536883831024169922e+00
5.438587665557861328e-01
1.516545176506042480e+00
1.280355095863342285e+00
1.003974318504333496e+00
1.299662470817565918e+00
5.801334381103515625e-01
1.292453408241271973e+00
1.503805398941040039e+00
1.507088303565979004e+00
2.281357765197753906e+00
3.367360591888427734e+00
3.032248735427856445e+00
3.016735553741455078e+00
3.032146930694580078e+00
3.040271997451782227e+00
2.698430776596069336e+00
2.426609277725219727e+00
3.949111223220825195e+00
3.823518753051757812e+00
4.232075691223144531e+00
4.332364082336425781e+00
4.378681182861328125e+00
4.268095016479492188e+00
3.819311141967773438e+00
2.614701032638549805e+00
3.566794395446777344e+00
3.087802648544311523e+00
3.759623050689697266e+00
3.432870626449584961e+00
3.053732872009277344e+00
4.222861289978027344e+00
5.074157238006591797e+00
1.629221677780151367e+00
1.784178376197814941e+00
3.003139972686767578e+00
2.776791334152221680e+00
4.223387241363525391e+00
3.676827669143676758e+00
4.530713558197021484e+00
4.588211536407470703e+00
4.241494655609130859e+00
7.910583615303039551e-01
8.628367781639099121e-01
2.723146378993988037e-01
1.087094187736511230e+00
7.650157213211059570e-01
1.706994771957397461e+00
1.949401855468750000e+00
2.084504365921020508e+00
2.878967285156250000e+00
3.817595243453979492e+00
3.569376945495605469e+00
3.487556695938110352e+00
3.202921867370605469e+00
3.140828371047973633e+00
2.865240335464477539e+00
2.930545330047607422e+00
4.203436374664306641e+00
4.084711074829101562e+00
4.302440166473388672e+00
4.298208236694335938e+00
4.389463901519775391e+00
4.191605567932128906e+00
3.746819019317626953e+00
2.536892175674438477e+00
3.318448543548583984e+00
2.762439489364624023e+00
3.663009643554687500e+00
3.097013235092163086e+00
2.436737298965454102e+00
4.233454227447509766e+00
5.140682697296142578e+00
1.833328485488891602e+00
2.289319992065429688e+00
3.379733324050903320e+00
3.202889204025268555e+00
4.424852848052978516e+00
3.981224775314331055e+00
4.944244861602783203e+00
4.961532115936279297e+00
4.615833282470703125e+00
1.329236775636672974e-01
3.304603695869445801e-01
3.026766479015350342e-01
5.249174237251281738e-01
1.251395821571350098e+00
1.488115072250366211e+00
1.928757548332214355e+00
2.528108596801757812e+00
3.043810844421386719e+00
2.846930265426635742e+00
2.719101190567016602e+00
2.183489799499511719e+00
2.042399406433105469e+00
1.944489836692810059e+00
2.327137470245361328e+00
3.309823274612426758e+00
3.116381883621215820e+00
3.202313899993896484e+00
3.138176202774047852e+00
3.312572002410888672e+00
3.196952104568481445e+00
2.912561893463134766e+00
1.694590330123901367e+00
2.189453840255737305e+00
1.619596481323242188e+00
2.489203453063964844e+00
1.788646817207336426e+00
1.186877727508544922e+00
4.901253700256347656e+00
5.647504806518554688e+00
1.487667679786682129e+00
2.151638031005859375e+00
2.823511838912963867e+00
2.838868141174316406e+00
5.102541446685791016e+00
3.442751884460449219e+00
4.169009208679199219e+00
4.034708976745605469e+00
3.731707811355590820e+00
1.329074054956436157e-01
3.225290179252624512e-01
3.217923343181610107e-01
1.161955356597900391e+00
1.295729398727416992e+00
1.726819038391113281e+00
2.396955013275146484e+00
3.051581859588623047e+00
2.805076599121093750e+00
2.655940532684326172e+00
2.273831844329833984e+00
2.230626583099365234e+00
1.997929573059082031e+00
2.311453342437744141e+00
3.383152723312377930e+00
3.120809316635131836e+00
3.444821119308471680e+00
3.447511196136474609e+00
3.575314760208129883e+00
3.516796112060546875e+00
3.199016571044921875e+00
1.910318732261657715e+00
2.569993257522583008e+00
2.019365310668945312e+00
2.807285308837890625e+00
2.134816884994506836e+00
1.558782935142517090e+00
4.463421821594238281e+00
5.200015068054199219e+00
1.200421094894409180e+00
1.886220216751098633e+00
2.697790861129760742e+00
2.610969781875610352e+00
4.757976055145263672e+00
3.284325122833251953e+00
4.123026371002197266e+00
4.055874824523925781e+00
3.725975990295410156e+00
3.201347589492797852e-01
3.247666060924530029e-01
9.488382935523986816e-01
1.257700920104980469e+00
1.591720223426818848e+00
2.284634113311767578e+00
2.982875823974609375e+00
2.765892505645751953e+00
2.669814825057983398e+00
2.392750501632690430e+00
2.335214853286743164e+00
2.038668155670166016e+00
2.151994943618774414e+00
3.381644964218139648e+00
3.235304355621337891e+00
3.521100759506225586e+00
3.549330234527587891e+00
3.630916357040405273e+00
3.511227369308471680e+00
3.129683256149291992e+00
1.851864933967590332e+00
2.675829648971557617e+00
2.135328292846679688e+00
2.932112216949462891e+00
2.426181554794311523e+00
1.909942865371704102e+00
4.527959346771240234e+00
5.352497100830078125e+00
1.383882045745849609e+00
1.890435934066772461e+00
2.867424249649047852e+00
2.714401960372924805e+00
4.772559165954589844e+00
3.485665321350097656e+00
4.275654315948486328e+00
4.211612224578857422e+00
3.882970094680786133e+00
1.330195516347885132e-01
6.991180181503295898e-01
8.649241924285888672e-01
1.317661046981811523e+00
1.918011307716369629e+00
2.554823637008666992e+00
2.311313629150390625e+00
2.183339595794677734e+00
1.713340878486633301e+00
1.668210387229919434e+00
1.508074998855590820e+00
1.820954561233520508e+00
2.924232959747314453e+00
2.659398078918457031e+00
2.909296274185180664e+00
2.913991451263427734e+00
3.084187030792236328e+00
3.135629177093505859e+00
2.861849308013916016e+00
1.557240247726440430e+00
2.226636886596679688e+00
1.805799722671508789e+00
2.289090156555175781e+00
1.763624906539916992e+00
1.399545550346374512e+00
4.636640548706054688e+00
5.301546096801757812e+00
1.047901868820190430e+00
1.569416284561157227e+00
2.245442152023315430e+00
2.245472192764282227e+00
4.716260910034179688e+00
2.861022710800170898e+00
3.601483821868896484e+00
3.501619100570678711e+00
3.182130575180053711e+00
5.818048715591430664e-01
7.407220602035522461e-01
1.090924382209777832e+00
1.787838935852050781e+00
2.578085422515869141e+00
2.317470788955688477e+00
2.202673912048339844e+00
2.041418790817260742e+00
2.026285171508789062e+00
1.705320239067077637e+00
1.766098737716674805e+00
3.035660982131958008e+00
2.863765716552734375e+00
3.238167524337768555e+00
3.302700519561767578e+00
3.383935451507568359e+00
3.355654001235961914e+00
3.033107042312622070e+00
1.735264301300048828e+00
2.531137704849243164e+00
2.070725679397583008e+00
2.689519405364990234e+00
2.262071132659912109e+00
1.876792907714843750e+00
4.095267772674560547e+00
4.889463901519775391e+00
1.026347041130065918e+00
1.385525822639465332e+00
2.425924062728881836e+00
2.248423576354980469e+00
4.214425563812255859e+00
3.080156087875366211e+00
3.833516836166381836e+00
3.785809516906738281e+00
3.454813241958618164e+00
3.421948552131652832e-01
6.952257156372070312e-01
1.140808343887329102e+00
1.707489252090454102e+00
1.513635516166687012e+00
1.560979843139648438e+00
1.596444606781005859e+00
1.465691208839416504e+00
1.098850607872009277e+00
8.648385405540466309e-01
2.233697652816772461e+00
2.324131011962890625e+00
2.584225654602050781e+00
2.719220638275146484e+00
2.701045274734497070e+00
2.661825895309448242e+00
2.329287290573120117e+00
1.201202154159545898e+00
2.139347314834594727e+00
1.877725005149841309e+00
2.219166994094848633e+00
2.217979192733764648e+00
2.123796939849853516e+00
4.944927692413330078e+00
5.632344245910644531e+00
1.370517015457153320e+00
1.289918422698974609e+00
2.364038944244384766e+00
2.151164531707763672e+00
4.759021282196044922e+00
3.037686109542846680e+00
3.524728298187255859e+00
3.423947811126708984e+00
3.090639829635620117e+00
2.991625368595123291e-01
6.910234689712524414e-01
1.568164467811584473e+00
1.239838361740112305e+00
1.218592524528503418e+00
1.382576942443847656e+00
1.432124853134155273e+00
1.068204283714294434e+00
8.615794181823730469e-01
2.180505514144897461e+00
2.121707439422607422e+00
2.541880369186401367e+00
2.730005502700805664e+00
2.763180255889892578e+00
2.840451002120971680e+00
2.588763952255249023e+00
1.444606900215148926e+00
2.300976514816284180e+00
2.008234739303588867e+00
2.228089809417724609e+00
2.200134515762329102e+00
2.168947935104370117e+00
4.463120937347412109e+00
5.100648880004882812e+00
7.709488868713378906e-01
7.491866946220397949e-01
1.733430743217468262e+00
1.534322500228881836e+00
4.203850746154785156e+00
2.402348279953002930e+00
3.015701532363891602e+00
2.972476720809936523e+00
2.649540185928344727e+00
2.829880118370056152e-01
1.073899865150451660e+00
7.988042235374450684e-01
9.992903470993041992e-01
1.434710621833801270e+00
1.412365794181823730e+00
1.087907552719116211e+00
5.540695786476135254e-01
1.887130141258239746e+00
1.998443126678466797e+00
2.369230270385742188e+00
2.630719184875488281e+00
2.601664781570434570e+00
2.745138883590698242e+00
2.509729385375976562e+00
1.632174253463745117e+00
2.423459053039550781e+00
2.170746326446533203e+00
2.245376825332641602e+00
2.459763050079345703e+00
2.566533565521240234e+00
4.516214370727539062e+00
5.157188892364501953e+00
1.060976505279541016e+00
6.116509437561035156e-01
1.956516623497009277e+00
1.557817578315734863e+00
4.122470378875732422e+00
2.651551961898803711e+00
2.935438871383666992e+00
2.942378520965576172e+00
2.447981119155883789e+00
6.538339257240295410e-01
5.311548709869384766e-01
8.653365969657897949e-01
1.614904522895812988e+00
1.562355399131774902e+00
1.264152169227600098e+00
5.669432878494262695e-01
1.636185169219970703e+00
1.923044919967651367e+00
2.232715606689453125e+00
2.579282999038696289e+00
2.475291490554809570e+00
2.610964059829711914e+00
2.424116134643554688e+00
1.928630471229553223e+00
2.591543912887573242e+00
2.398229122161865234e+00
2.337035179138183594e+00
2.765965938568115234e+00
2.971469402313232422e+00
4.925638198852539062e+00
5.465469360351562500e+00
1.479224681854248047e+00
9.587565064430236816e-01
1.933373093605041504e+00
1.390368938446044922e+00
4.268401145935058594e+00
2.582292079925537109e+00
2.766692876815795898e+00
2.814066171646118164e+00
2.257695436477661133e+00
3.665328025817871094e-01
8.748431801795959473e-01
1.435021042823791504e+00
1.236857295036315918e+00
1.224525213241577148e+00
6.742781996726989746e-01
7.293074131011962891e-01
1.310431838035583496e+00
1.424411535263061523e+00
1.799528479576110840e+00
1.602976322174072266e+00
1.878720998764038086e+00
1.706765055656433105e+00
1.791705131530761719e+00
2.079758405685424805e+00
1.973692536354064941e+00
1.743940591812133789e+00
2.453019142150878906e+00
2.792453527450561523e+00
6.186027526855468750e+00
6.656242847442626953e+00
2.418385744094848633e+00
2.206286668777465820e+00
2.472141027450561523e+00
2.059243202209472656e+00
5.472161293029785156e+00
3.052774429321289062e+00
2.806137800216674805e+00
2.648527622222900391e+00
2.168104410171508789e+00
2.981995344161987305e-01
1.051523566246032715e+00
1.086750388145446777e+00
7.085647583007812500e-01
8.463863730430603027e-01
1.053655147552490234e+00
1.140682458877563477e+00
1.489583015441894531e+00
1.907195091247558594e+00
1.870476961135864258e+00
2.197720289230346680e+00
2.118054389953613281e+00
1.804828643798828125e+00
2.233948945999145508e+00
2.025547981262207031e+00
1.759336352348327637e+00
2.324395179748535156e+00
2.693933725357055664e+00
5.336280345916748047e+00
5.749184131622314453e+00
1.786156892776489258e+00
1.370589852333068848e+00
1.624993562698364258e+00
1.171129226684570312e+00
4.564288616180419922e+00
2.188094377517700195e+00
2.073686599731445312e+00
2.120069503784179688e+00
1.591203212738037109e+00
6.183479428291320801e-01
8.863216638565063477e-01
3.202632069587707520e-01
1.302689194679260254e+00
1.135831117630004883e+00
6.785749197006225586e-01
1.270327091217041016e+00
1.706003785133361816e+00
1.787137508392333984e+00
2.291566610336303711e+00
2.359648942947387695e+00
1.882396817207336426e+00
2.108942031860351562e+00
1.856167078018188477e+00
1.550886154174804688e+00
2.060820817947387695e+00
2.478872299194335938e+00
5.304138183593750000e+00
5.731980323791503906e+00
1.617385268211364746e+00
1.298637628555297852e+00
1.408158659934997559e+00
1.181518793106079102e+00
4.645809173583984375e+00
1.945071816444396973e+00
1.879699707031250000e+00
1.650691986083984375e+00
1.316684126853942871e+00
2.888648509979248047e-01
3.146206736564636230e-01
1.690860390663146973e+00
1.254588723182678223e+00
5.832621455192565918e-01
1.028717279434204102e+00
1.187290430068969727e+00
1.411168098449707031e+00
2.075945854187011719e+00
2.354490756988525391e+00
1.644535899162292480e+00
1.523265004158020020e+00
1.222392559051513672e+00
7.727421522140502930e-01
1.093158721923828125e+00
1.612828850746154785e+00
5.309138774871826172e+00
5.743214607238769531e+00
1.651412248611450195e+00
1.598875641822814941e+00
1.570631623268127441e+00
1.754248738288879395e+00
4.906702995300292969e+00
2.055653333663940430e+00
2.155952930450439453e+00
1.876436352729797363e+00
1.657055497169494629e+00
1.328577101230621338e-01
1.399518370628356934e+00
1.094338417053222656e+00
6.615056991577148438e-01
7.486597895622253418e-01
7.396731972694396973e-01
9.981638789176940918e-01
1.701020836830139160e+00
1.870072364807128906e+00
1.225341200828552246e+00
1.220612049102783203e+00
9.484966993331909180e-01
2.825669348239898682e-01
1.035698533058166504e+00
1.483337521553039551e+00
5.589853286743164062e+00
6.059450149536132812e+00
1.885962009429931641e+00
1.904909729957580566e+00
1.979557871818542480e+00
2.089830398559570312e+00
5.258284568786621094e+00
2.493657350540161133e+00
2.443707466125488281e+00
2.072880744934082031e+00
1.936390638351440430e+00
1.169171690940856934e+00
1.358787298202514648e+00
9.184045791625976562e-01
1.312804341316223145e+00
1.447690725326538086e+00
1.591709971427917480e+00
1.949179172515869141e+00
1.934959053993225098e+00
1.078563570976257324e+00
1.422955155372619629e+00
1.107295989990234375e+00
9.809899926185607910e-01
1.265132427215576172e+00
1.625163078308105469e+00
5.005112648010253906e+00
5.448736190795898438e+00
1.282413244247436523e+00
1.128135323524475098e+00
1.241502761840820312e+00
1.257941484451293945e+00
4.507868289947509766e+00
1.859853506088256836e+00
2.014769554138183594e+00
1.831722736358642578e+00
1.541317343711853027e+00
1.272031664848327637e+00
1.914458155632019043e+00
1.914956808090209961e+00
2.154146194458007812e+00
1.879239320755004883e+00
1.733735442161560059e+00
1.488359212875366211e+00
1.127233028411865234e+00
1.830316305160522461e+00
1.816213965415954590e+00
1.946444988250732422e+00
2.440957546234130859e+00
2.511611938476562500e+00
5.740427017211914062e+00
6.332520008087158203e+00
1.998781561851501465e+00
1.698539853096008301e+00
2.561275959014892578e+00
2.178474426269531250e+00
5.241208553314208984e+00
3.249489784240722656e+00
3.343014955520629883e+00
3.292368412017822266e+00
2.789513349533081055e+00
5.098227858543395996e-01
4.011441767215728760e-01
1.032325863838195801e+00
6.630430221557617188e-01
1.198320150375366211e+00
1.573189258575439453e+00
1.865274548530578613e+00
1.786753058433532715e+00
1.734610199928283691e+00
1.276075243949890137e+00
2.183198213577270508e+00
2.654481410980224609e+00
6.589289665222167969e+00
6.968862533569335938e+00
2.858947992324829102e+00
2.632358551025390625e+00
2.604934215545654297e+00
2.435704231262207031e+00
5.940353870391845703e+00
3.058092594146728516e+00
2.646837472915649414e+00
2.261816263198852539e+00
1.929812431335449219e+00
1.329531520605087280e-01
5.881530642509460449e-01
7.284367680549621582e-01
1.624266624450683594e+00
2.108998537063598633e+00
1.957458615303039551e+00
1.673283338546752930e+00
1.598554253578186035e+00
7.430660128593444824e-01
1.687538743019104004e+00
2.354577541351318359e+00
5.810621261596679688e+00
6.146864891052246094e+00
2.292218208312988281e+00
2.021901845932006836e+00
1.817772984504699707e+00
1.941161990165710449e+00
5.227485179901123047e+00
2.202850580215454102e+00
1.869572162628173828e+00
1.468383312225341797e+00
1.326730489730834961e+00
3.451045751571655273e-01
2.581336796283721924e-01
1.109170675277709961e+00
1.725936651229858398e+00
1.706134080886840820e+00
1.410705566406250000e+00
1.414599418640136719e+00
7.245067358016967773e-01
1.686212182044982910e+00
2.286845922470092773e+00
6.550572395324707031e+00
6.909347534179687500e+00
2.918821096420288086e+00
2.720335960388183594e+00
2.585951089859008789e+00
2.591542959213256836e+00
5.993102073669433594e+00
2.973719835281372070e+00
2.572787523269653320e+00
2.137952327728271484e+00
1.974081516265869141e+00
1.327834278345108032e-01
8.704743981361389160e-01
1.552484869956970215e+00
1.567329764366149902e+00
1.184676408767700195e+00
1.291840672492980957e+00
3.472643792629241943e-01
1.300187349319458008e+00
2.047219514846801758e+00
6.817983627319335938e+00
7.209532260894775391e+00
3.167831420898437500e+00
3.079947710037231445e+00
2.969897270202636719e+00
3.046909332275390625e+00
6.376218318939208984e+00
3.357651710510253906e+00
3.029444217681884766e+00
2.568508625030517578e+00
2.507772207260131836e+00
7.070990204811096191e-01
1.329203844070434570e+00
1.590497016906738281e+00
1.305108428001403809e+00
1.406969428062438965e+00
6.091901659965515137e-01
1.705553889274597168e+00
2.309377908706665039e+00
7.037399291992187500e+00
7.431847095489501953e+00
3.327167749404907227e+00
3.228484392166137695e+00
3.154829025268554688e+00
3.163521766662597656e+00
6.560832500457763672e+00
3.556143283843994141e+00
3.082492828369140625e+00
2.629896402359008789e+00
2.438271045684814453e+00
3.889472186565399170e-01
1.225694894790649414e+00
9.997115731239318848e-01
1.218675136566162109e+00
1.081835508346557617e+00
1.962186098098754883e+00
2.284579038619995117e+00
7.478681087493896484e+00
7.986974716186523438e+00
3.646849393844604492e+00
3.666124582290649414e+00
3.800608396530151367e+00
3.719635248184204102e+00
7.092343807220458984e+00
4.321810722351074219e+00
4.051895141601562500e+00
3.614581108093261719e+00
3.387814283370971680e+00
1.051882982254028320e+00
1.027782559394836426e+00
1.292822837829589844e+00
1.638686895370483398e+00
2.172501564025878906e+00
2.297558069229125977e+00
7.394793033599853516e+00
7.975120544433593750e+00
3.552126646041870117e+00
3.525953531265258789e+00
3.921853065490722656e+00
3.753901720046997070e+00
7.052766323089599609e+00
4.503860950469970703e+00
4.383381366729736328e+00
4.021608829498291016e+00
3.705338001251220703e+00
3.174809515476226807e-01
3.072467744350433350e-01
1.131010532379150391e+00
1.098265051841735840e+00
1.168834805488586426e+00
6.160300731658935547e+00
6.791060447692871094e+00
2.412375211715698242e+00
2.466722726821899414e+00
3.058389902114868164e+00
2.984568357467651367e+00
5.969505786895751953e+00
3.684203147888183594e+00
3.956267595291137695e+00
3.672055482864379883e+00
3.437604427337646484e+00
1.329196840524673462e-01
7.485829591751098633e-01
8.643944263458251953e-01
1.169086456298828125e+00
6.692991256713867188e+00
7.224932670593261719e+00
3.008636474609375000e+00
3.153154134750366211e+00
3.287950754165649414e+00
3.396584987640380859e+00
6.502076625823974609e+00
3.784023046493530273e+00
3.838713884353637695e+00
3.472086429595947266e+00
3.331644773483276367e+00
7.027722001075744629e-01
7.099604606628417969e-01
6.995244026184082031e-01
6.322938442230224609e+00
6.857523441314697266e+00
2.643471002578735352e+00
2.802010774612426758e+00
2.953210830688476562e+00
3.074119567871093750e+00
6.136830806732177734e+00
3.460237026214599609e+00
3.589033365249633789e+00
3.250467538833618164e+00
3.081316947937011719e+00
8.993847966194152832e-01
1.504940390586853027e+00
6.334389209747314453e+00
6.743008613586425781e+00
2.700704336166381836e+00
2.719690084457397461e+00
2.622375249862670898e+00
2.812745571136474609e+00
5.989917278289794922e+00
3.007230997085571289e+00
2.878154516220092773e+00
2.471258878707885742e+00
2.377762317657470703e+00
5.254311561584472656e-01
5.966369628906250000e+00
6.437603950500488281e+00
2.477407693862915039e+00
2.722766399383544922e+00
2.667933225631713867e+00
2.950994729995727539e+00
5.883256912231445312e+00
3.101917266845703125e+00
3.308625698089599609e+00
2.977515935897827148e+00
2.810923337936401367e+00
5.681496143341064453e+00
6.246983051300048828e+00
2.259699344635009766e+00
2.775151729583740234e+00
2.845437049865722656e+00
3.108108282089233398e+00
5.799975872039794922e+00
3.351604223251342773e+00
3.847164630889892578e+00
3.593074321746826172e+00
3.363467454910278320e+00
6.154249310493469238e-01
3.548091650009155273e+00
3.804602622985839844e+00
3.637859344482421875e+00
3.673879623413085938e+00
1.214422464370727539e+00
3.747441768646240234e+00
4.927121162414550781e+00
5.283591270446777344e+00
5.053370952606201172e+00
4.123497486114501953e+00
4.298682212829589844e+00
3.920224666595458984e+00
4.042715072631835938e+00
1.303977012634277344e+00
3.912852764129638672e+00
4.927854537963867188e+00
5.329847812652587891e+00
5.173605918884277344e+00
3.462397158145904541e-01
1.098247170448303223e+00
9.247975945472717285e-01
3.235825777053833008e+00
1.770746469497680664e+00
2.668252468109130859e+00
2.736559629440307617e+00
2.379993438720703125e+00
6.632216572761535645e-01
3.851113021373748779e-01
3.264429092407226562e+00
1.366907000541687012e+00
2.047813892364501953e+00
2.201674938201904297e+00
1.853397965431213379e+00
3.231238424777984619e-01
3.072204828262329102e+00
5.220917463302612305e-01
1.463605403900146484e+00
1.606271505355834961e+00
1.246010661125183105e+00
2.920130014419555664e+00
1.012202978134155273e+00
1.514486432075500488e+00
1.790510892868041992e+00
1.361725687980651855e+00
3.100765705108642578e+00
3.929132223129272461e+00
4.391396045684814453e+00
4.168336391448974609e+00
7.841229438781738281e-01
1.068275451660156250e+00
9.145947694778442383e-01
3.116995990276336670e-01
3.026991784572601318e-01
1.333092302083969116e-01
