1.153297305107116699e+00
1.563667893409729004e+00
1.578420877456665039e+00
1.270935654640197754e+00
1.373898744583129883e+00
8.622224926948547363e-01
1.487606406211853027e+00
1.728588700294494629e+00
1.447540998458862305e+00
9.692165851593017578e-01
1.204453587532043457e+00
2.193056583404541016e+00
2.030939340591430664e+00
1.573506474494934082e+00
1.436584830284118652e+00
1.769115924835205078e+00
1.590337514877319336e+00
1.750589251518249512e+00
1.894302725791931152e+00
2.185791969299316406e+00
2.311474323272705078e+00
1.947210431098937988e+00
2.545955181121826172e+00
1.143090724945068359e+00
1.263196468353271484e+00
4.808562994003295898e-01
1.531848430633544922e+00
2.269366979598999023e+00
1.976427078247070312e+00
1.308451771736145020e+00
2.902563810348510742e-01
8.791396617889404297e-01
2.282657861709594727e+00
2.550720453262329102e+00
2.451123476028442383e+00
2.120610713958740234e+00
1.991823554039001465e+00
1.710557103157043457e+00
2.031255722045898438e+00
2.067484855651855469e+00
2.066016435623168945e+00
2.192696571350097656e+00
2.426798343658447266e+00
3.340439081192016602e+00
3.273283481597900391e+00
2.824830293655395508e+00
2.173389196395874023e+00
2.501865148544311523e+00
2.627237319946289062e+00
2.958598375320434570e+00
3.158926010131835938e+00
3.445142030715942383e+00
3.547952175140380859e+00
3.135285854339599609e+00
3.675642013549804688e+00
2.147419691085815430e+00
2.101010084152221680e+00
1.347508311271667480e+00
2.290740251541137695e+00
3.089566946029663086e+00
2.755399227142333984e+00
2.150000810623168945e+00
1.028489112854003906e+00
2.223088026046752930e+00
2.742546319961547852e+00
2.997424364089965820e+00
3.322003364562988281e+00
3.801268339157104492e+00
3.974879980087280273e+00
7.569879889488220215e-01
9.566488862037658691e-01
5.034748315811157227e-01
1.302473068237304688e+00
9.086992740631103516e-01
1.657525777816772461e+00
2.002145528793334961e+00
2.251779317855834961e+00
5.604409575462341309e-01
3.126498758792877197e-01
6.905406117439270020e-01
1.055027246475219727e+00
8.431978821754455566e-01
1.782071948051452637e+00
2.082366228103637695e+00
1.556769132614135742e+00
1.192218899726867676e+00
1.445455312728881836e+00
1.617758989334106445e+00
1.997578501701354980e+00
1.856273055076599121e+00
2.428156375885009766e+00
1.785794019699096680e+00
2.113014459609985352e+00
1.880580663681030273e+00
2.428183794021606445e+00
2.609207868576049805e+00
2.667076587677001953e+00
2.181239843368530273e+00
8.792345523834228516e-01
2.210161924362182617e+00
3.662522315979003906e+00
4.144635677337646484e+00
4.106295108795166016e+00
3.768126964569091797e+00
3.667316675186157227e+00
3.353835344314575195e+00
3.645138025283813477e+00
3.591785669326782227e+00
3.295272111892700195e+00
3.543074607849121094e+00
3.695755004882812500e+00
4.586411476135253906e+00
4.307682514190673828e+00
4.012275695800781250e+00
3.590725660324096680e+00
3.856201171875000000e+00
3.984406709671020508e+00
4.106816291809082031e+00
4.002933502197265625e+00
4.299793243408203125e+00
4.295900821685791016e+00
3.791342020034790039e+00
4.573549270629882812e+00
2.943614959716796875e+00
2.929989337921142578e+00
2.406777381896972656e+00
3.140913963317871094e+00
4.240569591522216797e+00
3.782322645187377930e+00
3.065112113952636719e+00
2.582296133041381836e+00
1.604486823081970215e+00
2.591182231903076172e+00
2.980456590652465820e+00
4.710093975067138672e+00
4.682275772094726562e+00
4.784918308258056641e+00
1.321166604757308960e-01
3.481796383857727051e-01
5.334129333496093750e-01
7.181825637817382812e-01
7.956134080886840820e-01
1.187077164649963379e+00
1.638397932052612305e+00
3.698481619358062744e-01
7.520135045051574707e-01
1.189966559410095215e+00
1.493795871734619141e+00
1.154219985008239746e+00
1.036171793937683105e+00
1.353530168533325195e+00
8.410064578056335449e-01
7.952178120613098145e-01
1.649982094764709473e+00
1.560436487197875977e+00
2.292077779769897461e+00
2.044422626495361328e+00
1.953452110290527344e+00
2.263864517211914062e+00
2.338361740112304688e+00
2.013921737670898438e+00
2.241858482360839844e+00
1.617709875106811523e+00
2.001120328903198242e+00
1.869943022727966309e+00
1.505754709243774414e+00
2.729272127151489258e+00
3.924215793609619141e+00
4.471575736999511719e+00
4.350204467773437500e+00
3.945050001144409180e+00
3.935692548751831055e+00
3.565739870071411133e+00
4.001132011413574219e+00
4.020458221435546875e+00
3.978100776672363281e+00
3.996735572814941406e+00
4.070941925048828125e+00
4.780388832092285156e+00
4.722883224487304688e+00
4.471140861511230469e+00
4.163038730621337891e+00
4.479183197021484375e+00
4.573238849639892578e+00
4.716050148010253906e+00
4.461462020874023438e+00
4.856814384460449219e+00
4.747630596160888672e+00
4.447120189666748047e+00
5.279412269592285156e+00
3.609926939010620117e+00
3.693413257598876953e+00
3.132497787475585938e+00
3.968219757080078125e+00
4.971969604492187500e+00
4.558915138244628906e+00
3.912983179092407227e+00
2.799301147460937500e+00
2.891828715801239014e-01
1.945633172988891602e+00
2.501986742019653320e+00
5.271475791931152344e+00
5.446732997894287109e+00
5.551938533782958984e+00
1.334430575370788574e-01
3.157860934734344482e-01
5.398178100585937500e-01
5.577231049537658691e-01
1.087499737739562988e+00
1.713086128234863281e+00
6.616935133934020996e-01
1.022348165512084961e+00
1.638047695159912109e+00
1.930364847183227539e+00
1.513808012008666992e+00
1.066144585609436035e+00
1.493873834609985352e+00
1.191579103469848633e+00
1.349437832832336426e+00
2.162389516830444336e+00
2.193983078002929688e+00
2.800367355346679688e+00
2.490611076354980469e+00
2.635924339294433594e+00
2.457038402557373047e+00
2.536803483963012695e+00
2.131673336029052734e+00
2.507526636123657227e+00
2.148919105529785156e+00
2.340875625610351562e+00
2.017647981643676758e+00
1.466372489929199219e+00
2.812215805053710938e+00
4.061615943908691406e+00
4.526689052581787109e+00
4.387240409851074219e+00
4.020945072174072266e+00
3.936514854431152344e+00
3.618964195251464844e+00
3.976252317428588867e+00
3.975034713745117188e+00
3.982033729553222656e+00
4.113592147827148438e+00
4.228468418121337891e+00
5.010297298431396484e+00
4.962216377258300781e+00
4.636384487152099609e+00
4.178417205810546875e+00
4.495291709899902344e+00
4.639349937438964844e+00
4.865379810333251953e+00
4.729159832000732422e+00
5.086189270019531250e+00
5.049777984619140625e+00
4.693092823028564453e+00
5.473907470703125000e+00
3.813455581665039062e+00
3.889532566070556641e+00
3.245931625366210938e+00
4.128616333007812500e+00
5.030343532562255859e+00
4.630149841308593750e+00
4.030415534973144531e+00
2.884468555450439453e+00
1.078498601913452148e+00
2.686426162719726562e+00
3.210790872573852539e+00
5.339991092681884766e+00
5.640613555908203125e+00
5.762596130371093750e+00
3.054165244102478027e-01
3.210820853710174561e-01
6.954811811447143555e-01
1.034584760665893555e+00
1.590715050697326660e+00
7.524009943008422852e-01
1.019828200340270996e+00
1.562068939208984375e+00
1.858783960342407227e+00
1.477717399597167969e+00
1.072807431221008301e+00
1.444149255752563477e+00
1.223545908927917480e+00
1.520411133766174316e+00
2.165681123733520508e+00
2.347783803939819336e+00
2.749200582504272461e+00
2.504188776016235352e+00
2.748645305633544922e+00
2.286811828613281250e+00
2.349298954010009766e+00
1.861558079719543457e+00
2.350964546203613281e+00
2.149623394012451172e+00
2.270837545394897461e+00
1.849868535995483398e+00
1.058770537376403809e+00
2.521733522415161133e+00
3.814929008483886719e+00
4.236742019653320312e+00
4.098921775817871094e+00
3.757432222366333008e+00
3.634356260299682617e+00
3.337603092193603516e+00
3.662121295928955078e+00
3.654279708862304688e+00
3.606268882751464844e+00
3.840606927871704102e+00
3.983938455581665039e+00
4.788784980773925781e+00
4.754531860351562500e+00
4.385690689086914062e+00
3.862651109695434570e+00
4.177562713623046875e+00
4.338118553161621094e+00
4.590288162231445312e+00
4.557572841644287109e+00
4.894800186157226562e+00
4.898390293121337891e+00
4.504601001739501953e+00
5.186406612396240234e+00
3.582097291946411133e+00
3.545016288757324219e+00
2.871482610702514648e+00
3.693278074264526367e+00
4.643352985382080078e+00
4.190917491912841797e+00
3.545650482177734375e+00
2.615999460220336914e+00
1.345302820205688477e+00
2.832952976226806641e+00
3.300618410110473633e+00
5.040337085723876953e+00
5.288636684417724609e+00
5.424331188201904297e+00
1.324308067560195923e-01
2.645004689693450928e-01
6.305174231529235840e-01
1.326965451240539551e+00
1.034365653991699219e+00
1.435050129890441895e+00
2.188617706298828125e+00
2.401526212692260742e+00
1.896310210227966309e+00
8.445146679878234863e-01
1.308157563209533691e+00
1.173630833625793457e+00
1.730133056640625000e+00
2.496439218521118164e+00
2.603901386260986328e+00
3.141662836074829102e+00
2.764037370681762695e+00
2.883275508880615234e+00
2.457279920578002930e+00
2.417798280715942383e+00
1.852687120437622070e+00
2.339540719985961914e+00
2.033404588699340820e+00
2.162473917007446289e+00
1.771389126777648926e+00
1.238834857940673828e+00
2.571050643920898438e+00
3.784161090850830078e+00
4.137345314025878906e+00
3.959098100662231445e+00
3.627393484115600586e+00
3.487779378890991211e+00
3.220556974411010742e+00
3.531258583068847656e+00
3.542100191116333008e+00
3.684121131896972656e+00
3.850180625915527344e+00
3.994795799255371094e+00
4.772046089172363281e+00
4.810320377349853516e+00
4.419153690338134766e+00
3.836877107620239258e+00
4.166374683380126953e+00
4.342947483062744141e+00
4.647416114807128906e+00
4.665403842926025391e+00
5.005600452423095703e+00
5.035037517547607422e+00
4.713093280792236328e+00
5.351760864257812500e+00
3.770401239395141602e+00
3.809558868408203125e+00
3.060635328292846680e+00
4.009245872497558594e+00
4.762343883514404297e+00
4.392833232879638672e+00
3.818456649780273438e+00
2.552917718887329102e+00
1.444576263427734375e+00
2.906233787536621094e+00
3.390472650527954102e+00
5.017187118530273438e+00
5.507176876068115234e+00
5.685851573944091797e+00
3.309084773063659668e-01
5.970016717910766602e-01
1.052833199501037598e+00
8.527262806892395020e-01
1.107226848602294922e+00
1.994265079498291016e+00
2.135081052780151367e+00
1.615741491317749023e+00
7.360461354255676270e-01
1.109127402305603027e+00
1.136030316352844238e+00
1.655871272087097168e+00
2.222129821777343750e+00
2.426713943481445312e+00
2.813145637512207031e+00
2.455216407775878906e+00
2.765900850296020508e+00
2.020354509353637695e+00
2.075969934463500977e+00
1.511061429977416992e+00
2.033901691436767578e+00
1.874178647994995117e+00
1.877398967742919922e+00
1.441554069519042969e+00
7.177935838699340820e-01
2.129096031188964844e+00
3.423086404800415039e+00
3.790631532669067383e+00
3.615190744400024414e+00
3.269048690795898438e+00
3.161468029022216797e+00
2.868609428405761719e+00
3.227443218231201172e+00
3.236650705337524414e+00
3.238472700119018555e+00
3.468410253524780273e+00
3.640398740768432617e+00
4.414944171905517578e+00
4.429337501525878906e+00
4.039375305175781250e+00
3.440597057342529297e+00
3.755442380905151367e+00
3.929701805114746094e+00
4.210807800292968750e+00
4.253031253814697266e+00
4.569490909576416016e+00
4.609454631805419922e+00
4.256635189056396484e+00
4.870028972625732422e+00
3.286376476287841797e+00
3.292354106903076172e+00
2.553747653961181641e+00
3.478084087371826172e+00
4.297390937805175781e+00
3.902831077575683594e+00
3.330388784408569336e+00
2.194359540939331055e+00
1.627158761024475098e+00
2.829636812210083008e+00
3.275350093841552734e+00
4.634120941162109375e+00
5.010462760925292969e+00
5.175800323486328125e+00
1.335952430963516235e-01
9.475266933441162109e-01
1.287083864212036133e+00
1.682555556297302246e+00
2.477077484130859375e+00
2.651307582855224609e+00
2.102885723114013672e+00
4.369781613349914551e-01
9.752065539360046387e-01
1.033312559127807617e+00
1.813309669494628906e+00
2.601863622665405273e+00
2.752295732498168945e+00
3.265328645706176758e+00
2.833009719848632812e+00
2.862850189208984375e+00
2.428976058959960938e+00
2.267418622970581055e+00
1.764655232429504395e+00
2.110455989837646484e+00
1.743134260177612305e+00
1.829439640045166016e+00
1.514778375625610352e+00
1.398051977157592773e+00
2.556608676910400391e+00
3.624843120574951172e+00
4.012670516967773438e+00
3.806039810180664062e+00
3.445031642913818359e+00
3.368435621261596680e+00
3.080761909484863281e+00
3.458249330520629883e+00
3.512482643127441406e+00
3.749946117401123047e+00
3.755060911178588867e+00
3.840945005416870117e+00
4.581748008728027344e+00
4.690199851989746094e+00
4.305187225341796875e+00
3.839110374450683594e+00
4.180757522583007812e+00
4.313354492187500000e+00
4.582316875457763672e+00
4.569693088531494141e+00
4.936661243438720703e+00
4.956717491149902344e+00
4.668410301208496094e+00
5.339385986328125000e+00
3.766663312911987305e+00
3.856566905975341797e+00
3.125608444213867188e+00
4.101321220397949219e+00
4.806660652160644531e+00
4.474758148193359375e+00
3.876089811325073242e+00
2.430795431137084961e+00
1.550856113433837891e+00
2.820176124572753906e+00
3.297425746917724609e+00
4.935461997985839844e+00
5.516843318939208984e+00
5.712568283081054688e+00
7.129979133605957031e-01
1.596953630447387695e+00
2.002200603485107422e+00
2.802724361419677734e+00
2.953863620758056641e+00
2.401299476623535156e+00
3.235401809215545654e-01
9.321963191032409668e-01
1.137122511863708496e+00
2.013916015625000000e+00
2.848008871078491211e+00
3.005493164062500000e+00
3.521280288696289062e+00
3.069823980331420898e+00
3.019988775253295898e+00
2.549688816070556641e+00
2.290604829788208008e+00
1.736875891685485840e+00
2.065490007400512695e+00
1.660816192626953125e+00
1.644483447074890137e+00
1.427186727523803711e+00
1.642468214035034180e+00
2.608391046524047852e+00
3.477410793304443359e+00
3.832050323486328125e+00
3.603139638900756836e+00
3.217597723007202148e+00
3.205225944519042969e+00
2.898329257965087891e+00
3.339895725250244141e+00
3.436380863189697266e+00
3.758277654647827148e+00
3.673699378967285156e+00
3.725181579589843750e+00
4.422463417053222656e+00
4.654165744781494141e+00
4.244259834289550781e+00
3.779394865036010742e+00
4.128357410430908203e+00
4.239587306976318359e+00
4.505810260772705078e+00
4.590465545654296875e+00
4.968574047088623047e+00
5.007956027984619141e+00
4.738884449005126953e+00
5.392195224761962891e+00
3.888082265853881836e+00
3.998192071914672852e+00
3.235216617584228516e+00
4.245989799499511719e+00
4.803833484649658203e+00
4.534307003021240234e+00
3.937074899673461914e+00
2.313444614410400391e+00
1.725214719772338867e+00
2.921066999435424805e+00
3.401483774185180664e+00
4.785033702850341797e+00
5.567256927490234375e+00
5.807610034942626953e+00
1.650415658950805664e+00
2.003031969070434570e+00
2.846220493316650391e+00
2.751626491546630859e+00
2.236240386962890625e+00
3.344005346298217773e-01
3.476873338222503662e-01
7.855299115180969238e-01
1.678437113761901855e+00
2.450368165969848633e+00
2.691401481628417969e+00
3.059360980987548828e+00
2.546834230422973633e+00
2.416260480880737305e+00
1.839310884475708008e+00
1.450378894805908203e+00
1.030633449554443359e+00
1.184626817703247070e+00
7.738314867019653320e-01
6.887547373771667480e-01
5.586382746696472168e-01
1.671113252639770508e+00
2.033791542053222656e+00
2.625099182128906250e+00
3.157306671142578125e+00
2.964802503585815430e+00
2.467213153839111328e+00
2.683310270309448242e+00
2.219685316085815430e+00
2.912008762359619141e+00
3.087887525558471680e+00
3.344431638717651367e+00
2.884038925170898438e+00
2.859676599502563477e+00
3.518774747848510742e+00
3.780731916427612305e+00
3.404211997985839844e+00
3.275752305984497070e+00
3.626095056533813477e+00
3.598424673080444336e+00
3.722395420074462891e+00
3.748048543930053711e+00
4.155727386474609375e+00
4.181731700897216797e+00
3.965860366821289062e+00
4.667180538177490234e+00
3.213814496994018555e+00
3.420311212539672852e+00
2.708812952041625977e+00
3.766729593276977539e+00
4.292604923248291016e+00
4.087459564208984375e+00
3.444515705108642578e+00
1.579077005386352539e+00
1.538611769676208496e+00
2.239691257476806641e+00
2.660966157913208008e+00
4.090344429016113281e+00
4.888502120971679688e+00
5.139040470123291016e+00
1.332832425832748413e-01
9.943246245384216309e-01
1.054237127304077148e+00
4.820026457309722900e-01
1.191769599914550781e+00
1.449183940887451172e+00
7.949613332748413086e-01
6.107425689697265625e-01
1.058030486106872559e+00
1.264471054077148438e+00
1.674773931503295898e+00
1.344165205955505371e+00
1.776533842086791992e+00
1.359723687171936035e+00
1.547349810600280762e+00
1.354253649711608887e+00
1.755087852478027344e+00
1.837685227394104004e+00
1.974938631057739258e+00
1.520774960517883301e+00
9.592456221580505371e-01
1.899986267089843750e+00
3.165169715881347656e+00
3.765586137771606445e+00
3.712265968322753906e+00
3.318724393844604492e+00
3.337626695632934570e+00
2.929515838623046875e+00
3.400086402893066406e+00
3.422992229461669922e+00
3.216540098190307617e+00
3.156256675720214844e+00
3.234470605850219727e+00
4.064007282257080078e+00
3.901406049728393555e+00
3.599802017211914062e+00
3.404956579208374023e+00
3.699704408645629883e+00
3.733975172042846680e+00
3.815992832183837891e+00
3.604349374771118164e+00
3.953149080276489258e+00
3.900043964385986328e+00
3.501816987991333008e+00
4.360075950622558594e+00
2.678365230560302734e+00
2.803030252456665039e+00
2.288908243179321289e+00
3.137188434600830078e+00
4.154182434082031250e+00
3.767865180969238281e+00
3.115391254425048828e+00
2.123818635940551758e+00
7.469727993011474609e-01
1.950539112091064453e+00
2.364627361297607422e+00
4.439215183258056641e+00
4.544484138488769531e+00
4.620217800140380859e+00
8.189816474914550781e-01
8.647978901863098145e-01
3.804002106189727783e-01
1.518100857734680176e+00
1.808182239532470703e+00
1.150472879409790039e+00
6.102641224861145020e-01
1.044286370277404785e+00
1.189214944839477539e+00
1.605707049369812012e+00
1.396256804466247559e+00
1.852826237678527832e+00
1.457100749015808105e+00
1.802089452743530273e+00
1.681924104690551758e+00
2.058190822601318359e+00
2.181083679199218750e+00
2.263955831527709961e+00
1.865544080734252930e+00
9.644338488578796387e-01
2.062719583511352539e+00
3.416213512420654297e+00
3.999332427978515625e+00
3.990680217742919922e+00
3.622473001480102539e+00
3.609942913055419922e+00
3.227215528488159180e+00
3.623402357101440430e+00
3.601827621459960938e+00
3.245290040969848633e+00
3.312328338623046875e+00
3.411741018295288086e+00
4.282709598541259766e+00
3.970092296600341797e+00
3.718140363693237305e+00
3.507381677627563477e+00
3.766745090484619141e+00
3.816652536392211914e+00
3.847020626068115234e+00
3.640743970870971680e+00
3.940268754959106445e+00
3.917438507080078125e+00
3.420665264129638672e+00
4.278796672821044922e+00
2.624888896942138672e+00
2.676507711410522461e+00
2.271577119827270508e+00
2.970908880233764648e+00
4.125034332275390625e+00
3.691872596740722656e+00
2.970159769058227539e+00
2.420391082763671875e+00
1.144220948219299316e+00
2.009213447570800781e+00
2.434455394744873047e+00
4.531176567077636719e+00
4.422584533691406250e+00
4.492756366729736328e+00
2.745507359504699707e-01
6.467336416244506836e-01
2.306700944900512695e+00
2.536570549011230469e+00
1.823232889175415039e+00
8.875005841255187988e-01
9.185497164726257324e-01
8.706911206245422363e-01
1.321160078048706055e+00
1.377314090728759766e+00
1.884733557701110840e+00
2.084621906280517578e+00
2.468143701553344727e+00
2.564999103546142578e+00
2.739114761352539062e+00
2.684010028839111328e+00
2.856189966201782227e+00
2.668092727661132812e+00
1.910401105880737305e+00
2.874792098999023438e+00
4.064552307128906250e+00
4.784062385559082031e+00
4.814639568328857422e+00
4.418261051177978516e+00
4.491221904754638672e+00
4.056835651397705078e+00
4.525929927825927734e+00
4.514120101928710938e+00
4.075246810913085938e+00
3.999813795089721680e+00
3.987818241119384766e+00
4.757697582244873047e+00
4.380437374114990234e+00
4.251910686492919922e+00
4.318805217742919922e+00
4.575153350830078125e+00
4.555091381072998047e+00
4.428923130035400391e+00
3.975076913833618164e+00
4.238578319549560547e+00
4.169814109802246094e+00
3.629930496215820312e+00
4.673308372497558594e+00
3.096297740936279297e+00
3.230592966079711914e+00
3.038097381591796875e+00
3.582433938980102539e+00
4.852798461914062500e+00
4.414151191711425781e+00
3.641730785369873047e+00
3.162871122360229492e+00
1.367726445198059082e+00
2.043270349502563477e+00
2.297633647918701172e+00
5.245871067047119141e+00
4.876128673553466797e+00
4.834638118743896484e+00
3.167234361171722412e-01
2.301022291183471680e+00
2.523748159408569336e+00
1.839131593704223633e+00
7.781741023063659668e-01
3.186918795108795166e-01
3.355504274368286133e-01
6.630758047103881836e-01
7.618492841720581055e-01
1.311189889907836914e+00
1.573117613792419434e+00
1.954615116119384766e+00
2.181165933609008789e+00
2.319997549057006836e+00
2.587851524353027344e+00
2.645004510879516602e+00
2.384872436523437500e+00
1.808856725692749023e+00
2.440078735351562500e+00
3.511352300643920898e+00
4.266004085540771484e+00
4.347833633422851562e+00
3.937467575073242188e+00
4.097725391387939453e+00
3.615676403045654297e+00
4.166738033294677734e+00
4.202738285064697266e+00
3.732450008392333984e+00
3.453737974166870117e+00
3.407603263854980469e+00
4.151661396026611328e+00
3.768744945526123047e+00
3.659799575805664062e+00
3.891245841979980469e+00
4.168443202972412109e+00
4.063411235809326172e+00
3.864948749542236328e+00
3.361960649490356445e+00
3.637335777282714844e+00
3.557725429534912109e+00
3.056774377822875977e+00
4.123875141143798828e+00
2.534428596496582031e+00
2.733497142791748047e+00
2.616725444793701172e+00
3.175474405288696289e+00
4.432706356048583984e+00
4.028086662292480469e+00
3.298318624496459961e+00
2.656033515930175781e+00
1.586366415023803711e+00
1.524747371673583984e+00
1.616951465606689453e+00
4.727211952209472656e+00
4.352471351623535156e+00
4.301961421966552734e+00
1.762455940246582031e+00
1.997575402259826660e+00
1.336915731430053711e+00
3.214416801929473877e-01
3.888545930385589600e-01
4.267016351222991943e-01
9.284780621528625488e-01
7.947518229484558105e-01
1.158773183822631836e+00
1.391048192977905273e+00
1.712702512741088867e+00
1.804603695869445801e+00
1.947870016098022461e+00
2.066658496856689453e+00
2.141928911209106445e+00
1.949524521827697754e+00
1.399208188056945801e+00
2.232887268066406250e+00
3.348320484161376953e+00
4.073932170867919922e+00
4.097872734069824219e+00
3.671325683593750000e+00
3.798816919326782227e+00
3.334438562393188477e+00
3.875457286834716797e+00
3.905838727951049805e+00
3.545635223388671875e+00
3.327102899551391602e+00
3.319938182830810547e+00
4.079691886901855469e+00
3.799005985260009766e+00
3.633046865463256836e+00
3.724353075027465820e+00
4.002987861633300781e+00
3.947851657867431641e+00
3.851079225540161133e+00
3.433438301086425781e+00
3.733381271362304688e+00
3.661071300506591797e+00
3.187353610992431641e+00
4.195291996002197266e+00
2.553303480148315430e+00
2.724095821380615234e+00
2.478493213653564453e+00
3.136246681213378906e+00
4.352837085723876953e+00
3.947548627853393555e+00
3.221371650695800781e+00
2.432394504547119141e+00
1.266136527061462402e+00
1.330661773681640625e+00
1.693424940109252930e+00
4.634315490722656250e+00
4.402632236480712891e+00
4.394479274749755859e+00
1.324947327375411987e-01
4.935745596885681152e-01
1.210878372192382812e+00
2.046157836914062500e+00
2.244570493698120117e+00
2.698729753494262695e+00
2.234853982925415039e+00
2.120788335800170898e+00
1.763286828994750977e+00
1.502750396728515625e+00
1.199797511100769043e+00
1.196923971176147461e+00
8.233924508094787598e-01
8.273242712020874023e-01
6.429971456527709961e-01
1.513238310813903809e+00
2.158623456954956055e+00
2.886749744415283203e+00
3.509239196777343750e+00
3.360938072204589844e+00
2.839567661285400391e+00
3.082882404327392578e+00
2.590063810348510742e+00
3.294996976852416992e+00
3.420427083969116211e+00
3.552979469299316406e+00
3.138617277145385742e+00
3.089213609695434570e+00
3.739897012710571289e+00
3.942722558975219727e+00
3.606833219528198242e+00
3.576692581176757812e+00
3.916749954223632812e+00
3.883213758468627930e+00
3.965183973312377930e+00
3.849660396575927734e+00
4.273519039154052734e+00
4.254138946533203125e+00
4.038240432739257812e+00
4.798029899597167969e+00
3.216221570968627930e+00
3.420736551284790039e+00
2.769300222396850586e+00
3.787435293197631836e+00
4.519357204437255859e+00
4.243619441986083984e+00
3.589715242385864258e+00
1.874285578727722168e+00
1.182677149772644043e+00
2.033193588256835938e+00
2.473874330520629883e+00
4.417460441589355469e+00
5.027598857879638672e+00
5.206249713897705078e+00
3.424284756183624268e-01
1.305907130241394043e+00
2.194883108139038086e+00
2.374982118606567383e+00
2.820517778396606445e+00
2.384197711944580078e+00
2.039627790451049805e+00
1.925258159637451172e+00
1.564170122146606445e+00
1.329736471176147461e+00
1.135536074638366699e+00
3.362641632556915283e-01
3.590475618839263916e-01
7.505301237106323242e-01
1.833183407783508301e+00
2.414569139480590820e+00
2.871843814849853516e+00
3.558989286422729492e+00
3.461713314056396484e+00
2.867698907852172852e+00
3.246126890182495117e+00
2.724026918411254883e+00
3.512872457504272461e+00
3.662556409835815430e+00
3.816463947296142578e+00
3.213418245315551758e+00
3.061077117919921875e+00
3.595825195312500000e+00
3.898217201232910156e+00
3.616732597351074219e+00
3.803595781326293945e+00
4.147782802581787109e+00
4.060395717620849609e+00
4.027594089508056641e+00
3.835516929626464844e+00
4.299162864685058594e+00
4.242602348327636719e+00
4.122217655181884766e+00
4.941452026367187500e+00
3.416855812072753906e+00
3.688514947891235352e+00
3.051698684692382812e+00
4.083127021789550781e+00
4.770136833190917969e+00
4.519957542419433594e+00
3.862830877304077148e+00
2.048795700073242188e+00
1.109131813049316406e+00
1.793571233749389648e+00
2.241740703582763672e+00
4.512368202209472656e+00
5.191470146179199219e+00
5.375206470489501953e+00
7.081831097602844238e-01
1.617865562438964844e+00
1.759430050849914551e+00
2.288897991180419922e+00
1.883120775222778320e+00
1.723721504211425781e+00
1.722738623619079590e+00
1.594404816627502441e+00
1.430520296096801758e+00
1.337421894073486328e+00
5.144749283790588379e-01
8.540043830871582031e-01
1.013752102851867676e+00
1.708102226257324219e+00
2.337696313858032227e+00
3.178905010223388672e+00
3.897559642791748047e+00
3.811746358871459961e+00
3.255437374114990234e+00
3.537399530410766602e+00
3.029568672180175781e+00
3.705954790115356445e+00
3.815868139266967773e+00
3.789009809494018555e+00
3.393086194992065430e+00
3.333022832870483398e+00
3.955074548721313477e+00
4.063118934631347656e+00
3.785928964614868164e+00
3.851502418518066406e+00
4.176522731781005859e+00
4.123550415039062500e+00
4.174576282501220703e+00
3.873303890228271484e+00
4.291179656982421875e+00
4.217965602874755859e+00
4.018555641174316406e+00
4.838640689849853516e+00
3.196046352386474609e+00
3.431205034255981445e+00
2.880025386810302734e+00
3.841724872589111328e+00
4.717869281768798828e+00
4.413761138916015625e+00
3.748406648635864258e+00
2.237630605697631836e+00
5.873223543167114258e-01
1.599620461463928223e+00
2.109267234802246094e+00
4.742522239685058594e+00
5.082053184509277344e+00
5.197542667388916016e+00
6.854575872421264648e-01
7.151065468788146973e-01
1.330591082572937012e+00
9.944096207618713379e-01
8.841642141342163086e-01
1.277683973312377930e+00
1.337954401969909668e+00
1.427030801773071289e+00
1.404505252838134766e+00
1.370048761367797852e+00
1.468249082565307617e+00
1.426428675651550293e+00
1.810110569000244141e+00
2.156296730041503906e+00
3.008427619934082031e+00
3.825306653976440430e+00
3.865986347198486328e+00
3.347796201705932617e+00
3.662470579147338867e+00
3.106106758117675781e+00
3.827188968658447266e+00
3.943680763244628906e+00
3.707623481750488281e+00
3.152039289474487305e+00
3.028189659118652344e+00
3.693420410156250000e+00
3.575715780258178711e+00
3.400352478027343750e+00
3.768177747726440430e+00
4.080251216888427734e+00
3.923260211944580078e+00
3.787843942642211914e+00
3.293591737747192383e+00
3.699735641479492188e+00
3.565039634704589844e+00
3.333226442337036133e+00
4.306696414947509766e+00
2.651933670043945312e+00
2.965819597244262695e+00
2.629627466201782227e+00
3.464623689651489258e+00
4.505221366882324219e+00
4.179848670959472656e+00
3.503394603729248047e+00
2.183996915817260742e+00
8.271019458770751953e-01
1.019654989242553711e+00
1.480820536613464355e+00
4.553926467895507812e+00
4.578254222869873047e+00
4.595006465911865234e+00
1.319643259048461914e-01
4.221227765083312988e-01
3.244598507881164551e-01
9.417690038681030273e-01
1.140258312225341797e+00
1.547573089599609375e+00
1.814247369766235352e+00
1.882156729698181152e+00
2.192748069763183594e+00
2.213132381439208984e+00
2.018208265304565430e+00
1.750384926795959473e+00
2.049515247344970703e+00
3.076635122299194336e+00
3.844606876373291016e+00
3.959377765655517578e+00
3.554310321807861328e+00
3.753266572952270508e+00
3.251785993576049805e+00
3.820689678192138672e+00
3.889077425003051758e+00
3.377144813537597656e+00
3.011804580688476562e+00
2.944584369659423828e+00
3.667882204055786133e+00
3.267567396163940430e+00
3.172347307205200195e+00
3.488081216812133789e+00
3.770514249801635742e+00
3.618751049041748047e+00
3.369294643402099609e+00
2.849852085113525391e+00
3.114744424819946289e+00
3.042607784271240234e+00
2.536842584609985352e+00
3.607766151428222656e+00
2.030472517013549805e+00
2.263933420181274414e+00
2.229189395904541016e+00
2.753605127334594727e+00
4.003828525543212891e+00
3.618320941925048828e+00
2.910282850265502930e+00
2.265691995620727539e+00
1.675424098968505859e+00
1.194863915443420410e+00
1.391649842262268066e+00
4.263946056365966797e+00
3.848287820816040039e+00
3.791425704956054688e+00
1.334097385406494141e-01
2.902967333793640137e-01
8.128616809844970703e-01
1.193765282630920410e+00
1.634469509124755859e+00
1.985882759094238281e+00
1.965758800506591797e+00
2.312780618667602539e+00
2.390811920166015625e+00
2.243703603744506836e+00
2.126186609268188477e+00
2.191920042037963867e+00
3.059747457504272461e+00
3.885648727416992188e+00
4.048714160919189453e+00
3.616726160049438477e+00
3.916454076766967773e+00
3.388093948364257812e+00
4.011070728302001953e+00
4.142481803894042969e+00
3.668606758117675781e+00
3.051958084106445312e+00
2.892509460449218750e+00
3.525107622146606445e+00
3.129134178161621094e+00
3.077804565429687500e+00
3.690597295761108398e+00
3.991721153259277344e+00
3.748593568801879883e+00
3.396729230880737305e+00
2.705626249313354492e+00
2.994359970092773438e+00
2.866089105606079102e+00
2.468584775924682617e+00
3.624653100967407227e+00
2.060143947601318359e+00
2.458081722259521484e+00
2.495910644531250000e+00
3.026065111160278320e+00
4.223098278045654297e+00
3.881765127182006836e+00
3.220075130462646484e+00
2.344833612442016602e+00
1.511384606361389160e+00
1.045852541923522949e+00
1.138141512870788574e+00
4.347660064697265625e+00
3.919463634490966797e+00
3.803435325622558594e+00
3.572625517845153809e-01
7.970736026763916016e-01
1.260315299034118652e+00
1.822501420974731445e+00
2.235541343688964844e+00
2.117499589920043945e+00
2.714018583297729492e+00
2.738828659057617188e+00
2.553822994232177734e+00
2.226646900177001953e+00
2.263351917266845703e+00
3.146786212921142578e+00
3.964294672012329102e+00
4.137836933135986328e+00
3.741438627243041992e+00
3.996483325958251953e+00
3.477666616439819336e+00
4.064538478851318359e+00
4.172524929046630859e+00
3.629631519317626953e+00
3.102900266647338867e+00
2.939911603927612305e+00
3.512549638748168945e+00
3.081453084945678711e+00
3.060217857360839844e+00
3.685381412506103516e+00
3.974254608154296875e+00
3.743109941482543945e+00
3.373975753784179688e+00
2.631994009017944336e+00
2.885680198669433594e+00
2.751708269119262695e+00
2.332286119461059570e+00
3.511585950851440430e+00
1.957006692886352539e+00
2.363651990890502930e+00
2.471726655960083008e+00
2.903555870056152344e+00
4.154355049133300781e+00
3.794404745101928711e+00
3.104480504989624023e+00
2.460133075714111328e+00
2.289463281631469727e+00
1.310485124588012695e+00
1.001088261604309082e+00
4.341033458709716797e+00
3.797977685928344727e+00
3.673917531967163086e+00
9.470648765563964844e-01
6.445328593254089355e-01
1.246582269668579102e+00
1.672511219978332520e+00
1.650513410568237305e+00
2.345033168792724609e+00
2.292522192001342773e+00
2.006244897842407227e+00
1.955257534980773926e+00
1.628475189208984375e+00
2.359266757965087891e+00
3.175004482269287109e+00
3.372998952865600586e+00
2.992551803588867188e+00
3.331124305725097656e+00
2.791502475738525391e+00
3.423445701599121094e+00
3.612104177474975586e+00
3.141620874404907227e+00
2.316206216812133789e+00
2.134891748428344727e+00
2.737769842147827148e+00
2.322514533996582031e+00
2.272644996643066406e+00
3.058557987213134766e+00
3.368548631668090820e+00
3.040229082107543945e+00
2.618648290634155273e+00
1.904707789421081543e+00
2.220904827117919922e+00
2.094748020172119141e+00
1.860686421394348145e+00
2.901151657104492188e+00
1.362450480461120605e+00
1.856522202491760254e+00
2.020045757293701172e+00
2.500328063964843750e+00
3.580443382263183594e+00
3.301868677139282227e+00
2.681657552719116211e+00
1.782075643539428711e+00
2.048061609268188477e+00
1.323173165321350098e+00
1.172112941741943359e+00
3.596873044967651367e+00
3.209305763244628906e+00
3.100934028625488281e+00
1.417544245719909668e+00
1.357410430908203125e+00
1.799729347229003906e+00
1.327368378639221191e+00
1.690774440765380859e+00
1.802871823310852051e+00
1.902194261550903320e+00
2.627036809921264648e+00
2.357036828994750977e+00
2.857775926589965820e+00
3.786806106567382812e+00
3.950767040252685547e+00
3.391401529312133789e+00
3.920948028564453125e+00
3.314805030822753906e+00
4.111479759216308594e+00
4.342108249664306641e+00
4.076844215393066406e+00
3.067135095596313477e+00
2.782164335250854492e+00
3.220034837722778320e+00
3.104081392288208008e+00
3.061975002288818359e+00
3.969132184982299805e+00
4.302214145660400391e+00
3.966893672943115234e+00
3.601381063461303711e+00
2.791998386383056641e+00
3.213838338851928711e+00
2.995360612869262695e+00
2.905120849609375000e+00
4.019678115844726562e+00
2.552742004394531250e+00
3.029706954956054688e+00
2.939797163009643555e+00
3.660177707672119141e+00
4.649443626403808594e+00
4.397811889648437500e+00
3.739004135131835938e+00
2.281746625900268555e+00
1.681188583374023438e+00
3.234342932701110840e-01
3.415330052375793457e-01
4.413920879364013672e+00
4.327009677886962891e+00
4.238983154296875000e+00
2.975375950336456299e-01
7.096351385116577148e-01
9.581778645515441895e-01
1.976406931877136230e+00
1.714666008949279785e+00
1.207501888275146484e+00
1.390958905220031738e+00
8.308767080307006836e-01
1.794630646705627441e+00
2.565317153930664062e+00
2.646699905395507812e+00
2.194639921188354492e+00
2.484477281570434570e+00
1.942847847938537598e+00
2.628818988800048828e+00
2.774778842926025391e+00
2.434985399246215820e+00
1.778561115264892578e+00
1.715496540069580078e+00
2.477543830871582031e+00
2.156745433807373047e+00
2.001448869705200195e+00
2.435187578201293945e+00
2.753317832946777344e+00
2.519211769104003906e+00
2.315176010131835938e+00
1.839647173881530762e+00
2.230450630187988281e+00
2.137736558914184570e+00
1.890292286872863770e+00
2.778089284896850586e+00
1.123553872108459473e+00
1.513339042663574219e+00
1.308624029159545898e+00
2.119707345962524414e+00
3.127491950988769531e+00
2.853039264678955078e+00
2.172420024871826172e+00
9.256055355072021484e-01
2.221062421798706055e+00
1.683295249938964844e+00
1.632414102554321289e+00
3.141703128814697266e+00
3.046882390975952148e+00
3.082031011581420898e+00
3.203476965427398682e-01
3.479489684104919434e-01
1.597085356712341309e+00
1.219600796699523926e+00
6.860920190811157227e-01
1.711154222488403320e+00
8.555558323860168457e-01
1.503715276718139648e+00
2.368262052536010742e+00
2.409512281417846680e+00
1.860970258712768555e+00
2.300658941268920898e+00
1.687770485877990723e+00
2.504554748535156250e+00
2.707314968109130859e+00
2.564560651779174805e+00
1.721962928771972656e+00
1.535232663154602051e+00
2.155308961868286133e+00
2.160142660140991211e+00
1.951716184616088867e+00
2.476980447769165039e+00
2.806774377822875977e+00
2.593379974365234375e+00
2.418612241744995117e+00
2.009219884872436523e+00
2.462640285491943359e+00
2.397867202758789062e+00
2.259192466735839844e+00
3.133919715881347656e+00
1.673479676246643066e+00
2.016968727111816406e+00
1.558991670608520508e+00
2.531445503234863281e+00
3.295251131057739258e+00
3.068847894668579102e+00
2.393090963363647461e+00
7.904536128044128418e-01
2.126543045043945312e+00
1.362332105636596680e+00
1.459800362586975098e+00
3.116331338882446289e+00
3.406111240386962891e+00
3.526369333267211914e+00
3.569355905055999756e-01
1.490078926086425781e+00
1.029617667198181152e+00
3.488337397575378418e-01
1.112022161483764648e+00
9.059696793556213379e-01
1.649281263351440430e+00
2.328672409057617188e+00
2.208331346511840820e+00
1.724449872970581055e+00
1.867941498756408691e+00
1.415818572044372559e+00
2.043077230453491211e+00
2.186863183975219727e+00
2.264274358749389648e+00
1.869914770126342773e+00
1.837639093399047852e+00
2.556525230407714844e+00
2.696733713150024414e+00
2.338415861129760742e+00
2.252211570739746094e+00
2.594938278198242188e+00
2.584007263183593750e+00
2.681676626205444336e+00
2.622672319412231445e+00
3.020503759384155273e+00
3.033620357513427734e+00
2.805854558944702148e+00
3.518767595291137695e+00
2.020110368728637695e+00
2.246739625930786133e+00
1.585322022438049316e+00
2.573069572448730469e+00
3.202464342117309570e+00
2.951482295989990234e+00
2.292979955673217773e+00
6.599034070968627930e-01
2.023336887359619141e+00
1.808068633079528809e+00
2.005294084548950195e+00
3.188446521759033203e+00
3.757968187332153320e+00
3.969510793685913086e+00
1.149942278861999512e+00
7.594571113586425781e-01
3.845857977867126465e-01
2.077619552612304688e+00
1.284512042999267578e+00
1.604005336761474609e+00
2.387611389160156250e+00
2.397941350936889648e+00
1.803790569305419922e+00
2.296877622604370117e+00
1.685065150260925293e+00
2.583455324172973633e+00
2.849811553955078125e+00
2.928960084915161133e+00
1.915749073028564453e+00
1.724919199943542480e+00
2.277334690093994141e+00
2.363127708435058594e+00
2.168680429458618164e+00
2.755266189575195312e+00
3.085483551025390625e+00
2.836405992507934570e+00
2.699112415313720703e+00
2.294119358062744141e+00
2.745954513549804688e+00
2.655556440353393555e+00
2.587908029556274414e+00
3.487067937850952148e+00
2.121570825576782227e+00
2.580178737640380859e+00
2.085685014724731445e+00
3.089688539505004883e+00
3.656225681304931641e+00
3.504702091217041016e+00
2.853988409042358398e+00
9.946279525756835938e-01
1.904180765151977539e+00
1.190451622009277344e+00
1.357811927795410156e+00
3.269597053527832031e+00
3.816851615905761719e+00
3.886187314987182617e+00
3.361488580703735352e-01
9.077939987182617188e-01
2.455922365188598633e+00
2.583254337310791016e+00
2.951358556747436523e+00
3.715440988540649414e+00
3.656358480453491211e+00
3.046013116836547852e+00
3.481204032897949219e+00
2.930564880371093750e+00
3.800157785415649414e+00
4.001856327056884766e+00
4.140259742736816406e+00
3.308704137802124023e+00
3.103641033172607422e+00
3.582694768905639648e+00
3.864169359207153320e+00
3.637056827545166016e+00
4.052306652069091797e+00
4.386246681213378906e+00
4.216462135314941406e+00
4.092656135559082031e+00
3.764288425445556641e+00
4.248215675354003906e+00
4.136769294738769531e+00
4.071760654449462891e+00
4.948736190795898438e+00
3.451467514038085938e+00
3.813089609146118164e+00
3.288398742675781250e+00
4.308560371398925781e+00
4.986977577209472656e+00
4.786215782165527344e+00
4.118320465087890625e+00
2.253491878509521484e+00
1.001596570014953613e+00
1.295020818710327148e+00
1.739787817001342773e+00
4.642503738403320312e+00
5.212674140930175781e+00
5.347743988037109375e+00
4.647835195064544678e-01
2.312536478042602539e+00
2.167421340942382812e+00
2.458710193634033203e+00
3.174159288406372070e+00
3.096812963485717773e+00
2.484066009521484375e+00
2.927205801010131836e+00
2.393544673919677734e+00
3.283392906188964844e+00
3.517398118972778320e+00
3.721042871475219727e+00
2.826247215270996094e+00
2.639317750930786133e+00
3.151243686676025391e+00
3.465504169464111328e+00
3.202269315719604492e+00
3.586537599563598633e+00
3.919662714004516602e+00
3.730538129806518555e+00
3.628579378128051758e+00
3.427664041519165039e+00
3.898264408111572266e+00
3.842775344848632812e+00
3.736265420913696289e+00
4.567666053771972656e+00
3.135972023010253906e+00
3.482297897338867188e+00
2.923651456832885742e+00
3.957619428634643555e+00
4.537180423736572266e+00
4.372295379638671875e+00
3.711742639541625977e+00
1.776388883590698242e+00
1.495505571365356445e+00
1.497976422309875488e+00
1.878275036811828613e+00
4.129133224487304688e+00
4.815889835357666016e+00
5.006199836730957031e+00
1.673642039299011230e+00
1.475166320800781250e+00
1.639324545860290527e+00
2.297763347625732422e+00
2.231837511062622070e+00
1.615725040435791016e+00
2.098343849182128906e+00
1.639129281044006348e+00
2.474537372589111328e+00
2.739735364913940430e+00
2.998474836349487305e+00
2.011683464050292969e+00
1.916353464126586914e+00
2.500083923339843750e+00
2.771308422088623047e+00
2.455501079559326172e+00
2.797316789627075195e+00
3.124239921569824219e+00
2.906073093414306641e+00
2.885914802551269531e+00
2.828091382980346680e+00
3.268658876419067383e+00
3.285015344619750977e+00
3.131293535232543945e+00
3.878012895584106445e+00
2.547481775283813477e+00
2.858677864074707031e+00
2.257179737091064453e+00
3.301564455032348633e+00
3.762730121612548828e+00
3.648192644119262695e+00
2.998286962509155273e+00
1.021897077560424805e+00
1.711953639984130859e+00
1.782086133956909180e+00
2.060322761535644531e+00
3.263922214508056641e+00
4.129294395446777344e+00
4.369233131408691406e+00
1.412497520446777344e+00
3.007230997085571289e+00
3.253356456756591797e+00
3.146849393844604492e+00
2.822877407073974609e+00
2.633174419403076172e+00
2.404745817184448242e+00
2.595921754837036133e+00
2.512629747390747070e+00
2.372526168823242188e+00
2.808718681335449219e+00
3.069706439971923828e+00
4.011132717132568359e+00
3.744291782379150391e+00
3.379306077957153320e+00
2.666051864624023438e+00
2.940496921539306641e+00
3.138608455657958984e+00
3.402028322219848633e+00
3.493692636489868164e+00
3.758589267730712891e+00
3.827654123306274414e+00
3.403751611709594727e+00
3.938101768493652344e+00
2.387779474258422852e+00
2.294416666030883789e+00
1.599821090698242188e+00
2.437665224075317383e+00
3.381224870681762695e+00
2.941138982772827148e+00
2.325882196426391602e+00
1.767037987709045410e+00
2.316463232040405273e+00
2.901555299758911133e+00
3.143993377685546875e+00
3.867044925689697266e+00
4.026205539703369141e+00
4.172965526580810547e+00
1.165423631668090820e+00
1.571503639221191406e+00
1.605301380157470703e+00
1.281237721443176270e+00
1.377548575401306152e+00
8.710501194000244141e-01
1.490879416465759277e+00
1.713166952133178711e+00
1.423143267631530762e+00
9.761052727699279785e-01
1.213815927505493164e+00
2.195984125137329102e+00
2.027054071426391602e+00
1.576464056968688965e+00
1.435532569885253906e+00
1.765926122665405273e+00
1.599571704864501953e+00
1.751084446907043457e+00
1.890979528427124023e+00
2.184756994247436523e+00
2.305882215499877930e+00
1.937237977981567383e+00
2.551848888397216797e+00
1.134422302246093750e+00
1.255787014961242676e+00
4.716351628303527832e-01
1.533004045486450195e+00
2.251390218734741211e+00
1.965931773185729980e+00
1.295074820518493652e+00
2.850359380245208740e-01
2.961929559707641602e+00
2.503888845443725586e+00
2.571066856384277344e+00
2.255619049072265625e+00
2.745556116104125977e+00
2.993760585784912109e+00
7.627239227294921875e-01
9.647594690322875977e-01
5.137388110160827637e-01
1.299116969108581543e+00
8.983528614044189453e-01
1.654540419578552246e+00
2.001298427581787109e+00
2.255997180938720703e+00
5.500109791755676270e-01
3.084250390529632568e-01
6.938282847404479980e-01
1.046435594558715820e+00
8.463423252105712891e-01
1.792754769325256348e+00
2.086479663848876953e+00
1.580445528030395508e+00
1.171356558799743652e+00
1.445651292800903320e+00
1.613981246948242188e+00
1.997767448425292969e+00
1.851446270942687988e+00
2.432548046112060547e+00
1.783031821250915527e+00
2.116348266601562500e+00
1.869378209114074707e+00
2.425808668136596680e+00
2.601213693618774414e+00
2.666449308395385742e+00
2.184511184692382812e+00
8.784779906272888184e-01
3.749085664749145508e+00
2.860250234603881836e+00
2.859531164169311523e+00
1.578534007072448730e+00
2.585556030273437500e+00
2.961406946182250977e+00
1.326009631156921387e-01
3.390402793884277344e-01
5.344835519790649414e-01
7.161024212837219238e-01
7.917363643646240234e-01
1.187818408012390137e+00
1.630707383155822754e+00
3.648254275321960449e-01
7.528009414672851562e-01
1.189534664154052734e+00
1.482358455657958984e+00
1.167475461959838867e+00
1.028659105300903320e+00
1.355922460556030273e+00
8.465270400047302246e-01
7.956978678703308105e-01
1.643684387207031250e+00
1.557714819908142090e+00
2.285342216491699219e+00
2.038841724395751953e+00
1.957329273223876953e+00
2.266495466232299805e+00
2.337731361389160156e+00
2.006814241409301758e+00
2.243267297744750977e+00
1.622723698616027832e+00
2.000614643096923828e+00
1.871814608573913574e+00
1.515319943428039551e+00
4.515655517578125000e+00
3.795521974563598633e+00
3.807265281677246094e+00
2.912923097610473633e-01
1.953357458114624023e+00
2.497440814971923828e+00
1.333135366439819336e-01
3.265371620655059814e-01
5.549120903015136719e-01
5.437595844268798828e-01
1.100468873977661133e+00
1.738880395889282227e+00
6.663118600845336914e-01
1.026890277862548828e+00
1.636979222297668457e+00
1.917287945747375488e+00
1.524483680725097656e+00
1.079808235168457031e+00
1.527506828308105469e+00
1.218090057373046875e+00
1.346687912940979004e+00
2.159202575683593750e+00
2.192560434341430664e+00
2.797599315643310547e+00
2.487699270248413086e+00
2.640903949737548828e+00
2.458235979080200195e+00
2.539695024490356445e+00
2.146280050277709961e+00
2.503930568695068359e+00
2.146274566650390625e+00
2.346395254135131836e+00
2.054586648941040039e+00
1.481876492500305176e+00
4.469973564147949219e+00
3.940558671951293945e+00
3.993485450744628906e+00
1.079463243484497070e+00
2.695433855056762695e+00
3.203348159790039062e+00
3.003647029399871826e-01
3.229892849922180176e-01
6.936507821083068848e-01
1.034281134605407715e+00
1.597538352012634277e+00
7.420663833618164062e-01
1.030022263526916504e+00
1.555909752845764160e+00
1.851330280303955078e+00
1.495293498039245605e+00
1.063443064689636230e+00
1.450915932655334473e+00
1.252398371696472168e+00
1.508375525474548340e+00
2.170227527618408203e+00
2.331767320632934570e+00
2.754640102386474609e+00
2.511695384979248047e+00
2.753110170364379883e+00
2.287102222442626953e+00
2.353595256805419922e+00
1.851489305496215820e+00
2.351073026657104492e+00
2.145848989486694336e+00
2.270528316497802734e+00
1.858696341514587402e+00
1.074447393417358398e+00
3.918927192687988281e+00
3.343460321426391602e+00
3.417852401733398438e+00
1.337874412536621094e+00
2.832872390747070312e+00
3.294094085693359375e+00
1.328463405370712280e-01
2.888462245464324951e-01
6.286572217941284180e-01
1.333372712135314941e+00
1.030729055404663086e+00
1.435094952583312988e+00
2.184844017028808594e+00
2.384660243988037109e+00
1.902243494987487793e+00
8.399931192398071289e-01
1.317329168319702148e+00
1.177197575569152832e+00
1.726801156997680664e+00
2.492351770401000977e+00
2.601596117019653320e+00
3.137008905410766602e+00
2.760506153106689453e+00
2.888964414596557617e+00
2.459775686264038086e+00
2.420298814773559570e+00
1.839248180389404297e+00
2.335398912429809570e+00
2.032427787780761719e+00
2.164330005645751953e+00
1.776935338973999023e+00
1.241049885749816895e+00
4.213016986846923828e+00
3.930757522583007812e+00
4.024368762969970703e+00
1.451964616775512695e+00
2.903630495071411133e+00
3.387018442153930664e+00
3.330914676189422607e-01
5.990595817565917969e-01
1.057295322418212891e+00
8.517025113105773926e-01
1.105345487594604492e+00
1.983158707618713379e+00
2.116083145141601562e+00
1.615837574005126953e+00
7.144228219985961914e-01
1.113997340202331543e+00
1.131319880485534668e+00
1.637218236923217773e+00
2.212866306304931641e+00
2.420806884765625000e+00
2.804049015045166016e+00
2.442973613739013672e+00
2.762258768081665039e+00
2.017348289489746094e+00
2.074680805206298828e+00
1.496703147888183594e+00
2.029417753219604492e+00
1.873187303543090820e+00
1.879314422607421875e+00
1.447399616241455078e+00
7.171934247016906738e-01
3.678100824356079102e+00
3.306779384613037109e+00
3.404676437377929688e+00
1.627622008323669434e+00
2.830219745635986328e+00
3.265915632247924805e+00
1.325356960296630859e-01
9.524948000907897949e-01
1.279083728790283203e+00
1.689636826515197754e+00
2.469321966171264648e+00
2.635644674301147461e+00
2.108562707901000977e+00
4.369730949401855469e-01
9.817169904708862305e-01
1.029248595237731934e+00
1.811110377311706543e+00
2.598948478698730469e+00
2.750916242599487305e+00
3.262843608856201172e+00
2.831604480743408203e+00
2.867207765579223633e+00
2.435082912445068359e+00
2.267803430557250977e+00
1.754510045051574707e+00
2.110056161880493164e+00
1.743009209632873535e+00
1.830004692077636719e+00
1.524512648582458496e+00
1.400561094284057617e+00
4.393584728240966797e+00
4.166351318359375000e+00
4.252656936645507812e+00
1.556402444839477539e+00
2.820400714874267578e+00
3.294847965240478516e+00
7.394045591354370117e-01
1.592903971672058105e+00
2.012384176254272461e+00
2.806004762649536133e+00
2.942742824554443359e+00
2.410601854324340820e+00
3.274001181125640869e-01
9.493272900581359863e-01
1.138023018836975098e+00
2.017656803131103516e+00
2.849693536758422852e+00
3.009416818618774414e+00
3.524256229400634766e+00
3.072362661361694336e+00
3.028438806533813477e+00
2.572107553482055664e+00
2.288726568222045898e+00
1.724721431732177734e+00
2.072042703628540039e+00
1.684419631958007812e+00
1.665796399116516113e+00
1.442706465721130371e+00
1.626424551010131836e+00
4.507058143615722656e+00
4.425509452819824219e+00
4.530229091644287109e+00
1.749748468399047852e+00
2.928618192672729492e+00
3.404275655746459961e+00
1.656241416931152344e+00
2.012804031372070312e+00
2.853829860687255859e+00
2.739545106887817383e+00
2.239219903945922852e+00
3.158130049705505371e-01
3.461646735668182373e-01
7.901000380516052246e-01
1.676055788993835449e+00
2.446911096572875977e+00
2.691202640533447266e+00
3.056983232498168945e+00
2.544100999832153320e+00
2.412544012069702148e+00
1.853300809860229492e+00
1.434325933456420898e+00
1.041606545448303223e+00
1.170617103576660156e+00
7.784388065338134766e-01
7.023687362670898438e-01
5.547742247581481934e-01
1.668142318725585938e+00
4.446506500244140625e+00
4.260290145874023438e+00
4.304741382598876953e+00
1.557632923126220703e+00
2.248942136764526367e+00
2.653228759765625000e+00
1.319248825311660767e-01
9.959743618965148926e-01
1.036796212196350098e+00
4.796988368034362793e-01
1.200440764427185059e+00
1.453070163726806641e+00
8.183251619338989258e-01
6.164109706878662109e-01
1.051184415817260742e+00
1.261329889297485352e+00
1.668243646621704102e+00
1.340273380279541016e+00
1.789109349250793457e+00
1.360952496528625488e+00
1.553711533546447754e+00
1.350647926330566406e+00
1.757135987281799316e+00
1.820077061653137207e+00
1.978779435157775879e+00
1.530424118041992188e+00
9.542093276977539062e-01
3.970651149749755859e+00
3.147828817367553711e+00
3.120405912399291992e+00
7.411984205245971680e-01
1.961987376213073730e+00
2.351124286651611328e+00
8.271145820617675781e-01
8.449889421463012695e-01
3.867204189300537109e-01
1.533062577247619629e+00
1.814978837966918945e+00
1.168352961540222168e+00
5.998978614807128906e-01
1.032868742942810059e+00
1.186740279197692871e+00
1.591050744056701660e+00
1.386639952659606934e+00
1.860601782798767090e+00
1.457724571228027344e+00
1.806259393692016602e+00
1.677822828292846680e+00
2.060971736907958984e+00
2.173274993896484375e+00
2.264715194702148438e+00
1.878528118133544922e+00
9.692522883415222168e-01
3.871807336807250977e+00
2.844285726547241211e+00
2.794870138168334961e+00
1.144397616386413574e+00
2.012447118759155273e+00
2.416967391967773438e+00
2.756087779998779297e-01
6.494367718696594238e-01
2.319315195083618164e+00
2.544924736022949219e+00
1.837495446205139160e+00
8.907011151313781738e-01
9.147593975067138672e-01
8.762722015380859375e-01
1.320843577384948730e+00
1.379071354866027832e+00
1.904654145240783691e+00
2.084914207458496094e+00
2.476080656051635742e+00
2.559979915618896484e+00
2.751317501068115234e+00
2.685286521911621094e+00
2.859071016311645508e+00
2.685396909713745117e+00
1.905669093132019043e+00
4.467939376831054688e+00
3.198413848876953125e+00
3.102898359298706055e+00
1.354907155036926270e+00
2.044527292251586914e+00
2.285844564437866211e+00
3.014177978038787842e-01
2.289045095443725586e+00
2.509489059448242188e+00
1.836499333381652832e+00
7.731770277023315430e-01
3.203786015510559082e-01
3.498935997486114502e-01
6.725552082061767578e-01
7.614647746086120605e-01
1.333501577377319336e+00
1.570930600166320801e+00
1.961525917053222656e+00
2.177361726760864258e+00
2.316212654113769531e+00
2.571985244750976562e+00
2.629005670547485352e+00
2.382888317108154297e+00
1.800262212753295898e+00
4.514863967895507812e+00
3.220573663711547852e+00
3.023527383804321289e+00
1.572928905487060547e+00
1.529103636741638184e+00
1.611485838890075684e+00
1.768941521644592285e+00
1.998892426490783691e+00
1.331797003746032715e+00
3.147312402725219727e-01
3.892161846160888672e-01
4.214142858982086182e-01
9.267634749412536621e-01
7.965829372406005859e-01
1.168124675750732422e+00
1.383542060852050781e+00
1.713603258132934570e+00
1.801181077957153320e+00
1.959336876869201660e+00
2.045258045196533203e+00
2.138758659362792969e+00
1.957314848899841309e+00
1.395218133926391602e+00
4.298051357269287109e+00
3.181897878646850586e+00
3.022124290466308594e+00
1.253580212593078613e+00
1.325550198554992676e+00
1.677992224693298340e+00
1.340233832597732544e-01
4.892395138740539551e-01
1.209553599357604980e+00
2.041722536087036133e+00
2.245088100433349609e+00
2.694142818450927734e+00
2.228389501571655273e+00
2.115908145904541016e+00
1.767380237579345703e+00
1.500907421112060547e+00
1.180714726448059082e+00
1.193381905555725098e+00
8.275296092033386230e-01
8.184680938720703125e-01
6.419466137886047363e-01
1.503718852996826172e+00
4.515572071075439453e+00
4.117406845092773438e+00
4.138850688934326172e+00
1.219216585159301758e+00
2.027983903884887695e+00
2.471548318862915039e+00
3.466837406158447266e-01
1.306358933448791504e+00
2.190883874893188477e+00
2.375051021575927734e+00
2.816999673843383789e+00
2.380130052566528320e+00
2.031365156173706055e+00
1.931842207908630371e+00
1.549486875534057617e+00
1.320889472961425781e+00
1.123522639274597168e+00
3.400968313217163086e-01
3.605967760086059570e-01
7.377133369445800781e-01
1.829417228698730469e+00
4.834218502044677734e+00
4.456592559814453125e+00
4.475223541259765625e+00
1.128775238990783691e+00
1.793289065361022949e+00
2.230294704437255859e+00
6.924824118614196777e-01
1.602276563644409180e+00
1.749898433685302734e+00
2.272106647491455078e+00
1.864792466163635254e+00
1.704082727432250977e+00
1.705216884613037109e+00
1.568943977355957031e+00
1.411128282546997070e+00
1.329561829566955566e+00
5.175195336341857910e-01
8.560673594474792480e-01
1.017883419990539551e+00
1.715690493583679199e+00
4.747915744781494141e+00
4.109179973602294922e+00
4.079266071319580078e+00
6.235027313232421875e-01
1.593980669975280762e+00
2.098565340042114258e+00
6.854012012481689453e-01
7.208380699157714844e-01
1.330808877944946289e+00
1.000206828117370605e+00
8.938705325126647949e-01
1.282378196716308594e+00
1.346168875694274902e+00
1.431019306182861328e+00
1.409642100334167480e+00
1.353003501892089844e+00
1.464406132698059082e+00
1.434237480163574219e+00
1.807364463806152344e+00
4.726926326751708984e+00
3.741645574569702148e+00
3.616008996963500977e+00
8.448322415351867676e-01
1.031846880912780762e+00
1.477727293968200684e+00
1.324294060468673706e-01
4.239894151687622070e-01
3.262968659400939941e-01
9.564264416694641113e-01
1.136991620063781738e+00
1.558089733123779297e+00
1.814884424209594727e+00
1.886992573738098145e+00
2.176505565643310547e+00
2.206936836242675781e+00
2.024354696273803711e+00
1.747814893722534180e+00
4.291918277740478516e+00
2.971410512924194336e+00
2.720632553100585938e+00
1.671361088752746582e+00
1.193282961845397949e+00
1.383471727371215820e+00
1.329340487718582153e-01
2.976745367050170898e-01
8.226514458656311035e-01
1.198834061622619629e+00
1.651030778884887695e+00
1.992844462394714355e+00
1.959340214729309082e+00
2.298526763916015625e+00
2.385924816131591797e+00
2.256175756454467773e+00
2.120217561721801758e+00
4.730132102966308594e+00
3.452800035476684570e+00
3.150420188903808594e+00
1.506652355194091797e+00
1.038024425506591797e+00
1.132589221000671387e+00
3.542194664478302002e-01
7.938551902770996094e-01
1.260753989219665527e+00
1.834636926651000977e+00
2.232648849487304688e+00
2.114502906799316406e+00
2.710420370101928711e+00
2.733668327331542969e+00
2.560710191726684570e+00
2.217771053314208984e+00
4.600060939788818359e+00
3.215683937072753906e+00
2.895507097244262695e+00
2.283300638198852539e+00
1.295130848884582520e+00
9.861710071563720703e-01
9.415622949600219727e-01
6.471094489097595215e-01
1.257437825202941895e+00
1.672012090682983398e+00
1.633661866188049316e+00
2.336247205734252930e+00
2.291552782058715820e+00
2.012347459793090820e+00
1.947203755378723145e+00
4.422355651855468750e+00
3.214373588562011719e+00
2.907057523727416992e+00
2.055812597274780273e+00
1.321670413017272949e+00
1.160587191581726074e+00
1.416923761367797852e+00
1.365225553512573242e+00
1.800336360931396484e+00
1.342523097991943359e+00
1.684812188148498535e+00
1.794636845588684082e+00
1.902874469757080078e+00
2.634339332580566406e+00
5.334420204162597656e+00
4.274488449096679688e+00
4.009469985961914062e+00
1.687805891036987305e+00
3.136177957057952881e-01
3.210854530334472656e-01
3.175202012062072754e-01
7.237123847007751465e-01
9.597311019897460938e-01
1.982397556304931641e+00
1.728537797927856445e+00
1.220585346221923828e+00
1.383942246437072754e+00
3.680637598037719727e+00
2.841030597686767578e+00
2.641810178756713867e+00
2.249458789825439453e+00
1.686972618103027344e+00
1.614864587783813477e+00
2.982748150825500488e-01
3.540862202644348145e-01
1.589745521545410156e+00
1.222596645355224609e+00
6.706212162971496582e-01
1.710263848304748535e+00
3.954588890075683594e+00
3.332081079483032227e+00
3.200771093368530273e+00
2.158072233200073242e+00
1.368993043899536133e+00
1.460336446762084961e+00
3.589332103729248047e-01
1.490266680717468262e+00
1.040864706039428711e+00
3.474666178226470947e-01
1.099604964256286621e+00
3.483452558517456055e+00
3.166482448577880859e+00
3.182396411895751953e+00
2.057522535324096680e+00
1.814043521881103516e+00
2.002014398574829102e+00
1.152346968650817871e+00
7.602992057800292969e-01
3.615615963935852051e-01
2.066722869873046875e+00
4.399584770202636719e+00
3.961300611495971680e+00
3.853172063827514648e+00
1.933477997779846191e+00
1.217221260070800781e+00
1.362449526786804199e+00
3.404128253459930420e-01
9.039421677589416504e-01
2.446777343750000000e+00
5.348069667816162109e+00
4.859757900238037109e+00
4.801401615142822266e+00
1.004772424697875977e+00
1.298156380653381348e+00
1.734712839126586914e+00
4.635001122951507568e-01
2.308796405792236328e+00
5.034305572509765625e+00
4.640032768249511719e+00
4.583679199218750000e+00
1.512656927108764648e+00
1.501178383827209473e+00
1.868154406547546387e+00
1.672079801559448242e+00
4.360950469970703125e+00
3.975369453430175781e+00
3.941049337387084961e+00
1.744999527931213379e+00
1.794667124748229980e+00
2.059732437133789062e+00
2.887696266174316406e+00
2.347304344177246094e+00
2.404231786727905273e+00
2.321990013122558594e+00
2.900307655334472656e+00
3.124162673950195312e+00
1.598547101020812988e+00
2.135919570922851562e+00
5.353338718414306641e+00
5.597949504852294922e+00
5.659541606903076172e+00
3.516860008239746094e-01
4.491786479949951172e+00
4.574030399322509766e+00
4.530792236328125000e+00
4.436495304107666016e+00
4.332783222198486328e+00
4.220670700073242188e+00
1.594139218330383301e+00
2.141146183013916016e+00
3.489022850990295410e-01
