5.237169861793518066e-01
4.248908042907714844e+00
4.512044429779052734e+00
4.609555244445800781e+00
4.134793758392333984e+00
4.075196266174316406e+00
1.690938234329223633e+00
2.168335199356079102e+00
2.704490661621093750e+00
4.286537647247314453e+00
4.892304420471191406e+00
5.265547752380371094e+00
5.625535964965820312e+00
6.189722061157226562e+00
6.806158542633056641e+00
7.183370590209960938e+00
7.354894161224365234e+00
7.254986286163330078e+00
7.434356212615966797e+00
7.627106666564941406e+00
7.867724895477294922e+00
7.515769958496093750e+00
7.627383232116699219e+00
6.531540393829345703e+00
6.893235683441162109e+00
7.012510776519775391e+00
6.524348735809326172e+00
6.456777572631835938e+00
6.160212993621826172e+00
6.510803699493408203e+00
6.820079803466796875e+00
6.506141662597656250e+00
6.608454704284667969e+00
6.313397884368896484e+00
6.045036315917968750e+00
6.274663925170898438e+00
5.686691761016845703e+00
5.585435867309570312e+00
5.463816642761230469e+00
6.401895046234130859e+00
5.485707759857177734e+00
5.604665279388427734e+00
6.003286838531494141e+00
6.415616989135742188e+00
5.618547916412353516e+00
6.457687377929687500e+00
6.761085033416748047e+00
6.089249610900878906e+00
6.834272384643554688e+00
7.299445629119873047e+00
7.391158103942871094e+00
8.148484230041503906e+00
8.212394714355468750e+00
7.348953247070312500e+00
7.715390205383300781e+00
7.381342411041259766e+00
7.032725334167480469e+00
7.138178825378417969e+00
7.241095542907714844e+00
3.333913564682006836e+00
2.624182224273681641e+00
4.767489910125732422e+00
4.619884014129638672e+00
4.223464965820312500e+00
4.105481147766113281e+00
1.938273549079895020e+00
3.807047605514526367e+00
4.191544532775878906e+00
4.688342571258544922e+00
4.702982902526855469e+00
4.138211727142333984e+00
4.385845661163330078e+00
4.337452888488769531e+00
3.818892002105712891e+00
3.722066879272460938e+00
1.428365945816040039e+00
1.795835733413696289e+00
2.073738813400268555e+00
3.852916002273559570e+00
4.369370460510253906e+00
4.714614391326904297e+00
5.024838447570800781e+00
5.625852108001708984e+00
6.236743927001953125e+00
6.599753856658935547e+00
6.826798439025878906e+00
6.665604591369628906e+00
6.755398273468017578e+00
6.927735805511474609e+00
7.171028137207031250e+00
6.841743946075439453e+00
6.968290805816650391e+00
5.846523284912109375e+00
6.184075355529785156e+00
6.244426250457763672e+00
5.770203113555908203e+00
5.691532135009765625e+00
5.404427528381347656e+00
5.749870300292968750e+00
6.172475337982177734e+00
5.844999790191650391e+00
5.924583435058593750e+00
5.701465129852294922e+00
5.336777210235595703e+00
5.635846614837646484e+00
5.068335056304931641e+00
4.945919513702392578e+00
4.891471385955810547e+00
5.956567287445068359e+00
5.051360607147216797e+00
5.185279846191406250e+00
5.601468563079833984e+00
5.978497505187988281e+00
5.165775775909423828e+00
5.898953437805175781e+00
6.426672935485839844e+00
5.766402244567871094e+00
6.520380496978759766e+00
6.965896129608154297e+00
7.093432426452636719e+00
7.729485034942626953e+00
7.745417594909667969e+00
6.795598506927490234e+00
7.262796401977539062e+00
6.915807723999023438e+00
6.673201560974121094e+00
6.710130691528320312e+00
6.744764804840087891e+00
2.632320642471313477e+00
1.978297352790832520e+00
4.154960632324218750e+00
4.056735515594482422e+00
3.787076473236083984e+00
3.610039949417114258e+00
1.080687403678894043e+00
3.510006427764892578e+00
4.101699352264404297e+00
4.620397567749023438e+00
4.514882564544677734e+00
1.329902857542037964e-01
4.100573062896728516e-01
3.260301649570465088e-01
9.303646683692932129e-01
3.626740932464599609e+00
3.568805456161499023e+00
3.111643314361572266e+00
1.241080164909362793e+00
1.336251020431518555e+00
2.310620069503784180e+00
2.782627820968627930e+00
2.963719606399536133e+00
3.399778366088867188e+00
3.815761566162109375e+00
3.827355861663818359e+00
4.177842140197753906e+00
4.645324230194091797e+00
4.968695640563964844e+00
5.336138725280761719e+00
5.102597236633300781e+00
5.321817398071289062e+00
4.220193862915039062e+00
5.089101791381835938e+00
5.148355960845947266e+00
4.724819660186767578e+00
4.674884319305419922e+00
4.426317691802978516e+00
4.603654861450195312e+00
3.714190959930419922e+00
3.695296287536621094e+00
4.007093429565429688e+00
3.268629312515258789e+00
3.719533443450927734e+00
3.700978994369506836e+00
3.118648767471313477e+00
3.422299623489379883e+00
3.496501922607421875e+00
3.642276048660278320e+00
3.008833169937133789e+00
2.447259187698364258e+00
2.272041559219360352e+00
2.562245607376098633e+00
2.425474882125854492e+00
3.954481840133666992e+00
3.344327449798583984e+00
2.392035961151123047e+00
3.061341762542724609e+00
3.256736755371093750e+00
3.571985960006713867e+00
4.478989601135253906e+00
4.796583652496337891e+00
4.034012794494628906e+00
3.847849130630493164e+00
3.575399160385131836e+00
2.974098920822143555e+00
2.979694843292236328e+00
3.362908601760864258e+00
4.076062679290771484e+00
4.113422393798828125e+00
2.569861173629760742e+00
2.309746026992797852e+00
1.246866106986999512e+00
2.006118297576904297e+00
3.760239124298095703e+00
9.892061948776245117e-01
1.330572247505187988e+00
1.482748389244079590e+00
1.427231907844543457e+00
3.323387205600738525e-01
5.342493057250976562e-01
1.157356500625610352e+00
4.043656349182128906e+00
4.033123493194580078e+00
3.406585216522216797e+00
1.434122681617736816e+00
1.521726965904235840e+00
2.432785749435424805e+00
2.784225463867187500e+00
2.972064495086669922e+00
3.374482154846191406e+00
3.771004676818847656e+00
3.683959484100341797e+00
4.077866554260253906e+00
4.626112461090087891e+00
4.989591121673583984e+00
5.291297912597656250e+00
5.050671577453613281e+00
5.243595600128173828e+00
4.231975555419921875e+00
5.086112022399902344e+00
5.237772941589355469e+00
4.807791709899902344e+00
4.801300525665283203e+00
4.548380851745605469e+00
4.727684974670410156e+00
3.748808383941650391e+00
3.770463943481445312e+00
4.082715988159179688e+00
3.307236194610595703e+00
3.775609016418457031e+00
3.670266151428222656e+00
3.123964548110961914e+00
3.359282493591308594e+00
3.438652753829956055e+00
3.418773174285888672e+00
2.854002237319946289e+00
2.247537851333618164e+00
2.064209699630737305e+00
2.300332784652709961e+00
2.272530555725097656e+00
3.841708183288574219e+00
3.028847455978393555e+00
2.076742410659790039e+00
2.722835302352905273e+00
2.909026861190795898e+00
3.231901168823242188e+00
4.176573753356933594e+00
4.537733554840087891e+00
3.843452453613281250e+00
3.620892047882080078e+00
3.375515460968017578e+00
2.684718370437622070e+00
2.796542882919311523e+00
3.280863523483276367e+00
4.435901641845703125e+00
4.511898040771484375e+00
2.682267904281616211e+00
2.364867210388183594e+00
1.400013089179992676e+00
2.080332517623901367e+00
3.997574329376220703e+00
1.132007241249084473e+00
1.173743009567260742e+00
1.252239823341369629e+00
1.144327640533447266e+00
4.167921543121337891e-01
8.532018065452575684e-01
4.059626579284667969e+00
4.117503166198730469e+00
3.221165418624877930e+00
8.789412975311279297e-01
7.805348634719848633e-01
1.716807961463928223e+00
2.171157598495483398e+00
2.344705820083618164e+00
2.781155109405517578e+00
3.200947761535644531e+00
3.253624200820922852e+00
3.593353271484375000e+00
4.026763916015625000e+00
4.349153995513916016e+00
4.739343643188476562e+00
4.525201320648193359e+00
4.769279003143310547e+00
3.634425401687622070e+00
4.549397945404052734e+00
4.564394474029541016e+00
4.152424335479736328e+00
4.106312274932861328e+00
3.869842529296875000e+00
4.009044170379638672e+00
3.092655181884765625e+00
3.078929662704467773e+00
3.394342422485351562e+00
2.648989439010620117e+00
3.122947454452514648e+00
3.133459091186523438e+00
2.568104505538940430e+00
2.908661603927612305e+00
3.023429393768310547e+00
3.204206228256225586e+00
2.599340438842773438e+00
2.010634899139404297e+00
1.781101107597351074e+00
1.995763897895812988e+00
1.937059879302978516e+00
3.443138360977172852e+00
2.843989372253417969e+00
1.886363506317138672e+00
2.490115642547607422e+00
2.718071937561035156e+00
2.958930492401123047e+00
3.896947383880615234e+00
4.259433746337890625e+00
3.491552829742431641e+00
3.276921749114990234e+00
3.035255670547485352e+00
2.358932018280029297e+00
2.412353992462158203e+00
2.783020257949829102e+00
4.238020896911621094e+00
4.394916534423828125e+00
2.059302806854248047e+00
1.861231446266174316e+00
8.488503694534301758e-01
1.608926177024841309e+00
3.798415422439575195e+00
7.286021113395690918e-01
1.257893681526184082e+00
1.375639319419860840e+00
1.213818788528442383e+00
1.328953653573989868e-01
3.322130680084228516e+00
3.330319404602050781e+00
2.390595436096191406e+00
6.895538568496704102e-01
7.177289724349975586e-01
1.683892607688903809e+00
2.357360839843750000e+00
2.516519784927368164e+00
2.997878313064575195e+00
3.433977842330932617e+00
3.613532066345214844e+00
3.874938011169433594e+00
4.187492847442626953e+00
4.447346687316894531e+00
4.917953014373779297e+00
4.709179401397705078e+00
4.980326652526855469e+00
3.736858367919921875e+00
4.645905971527099609e+00
4.537025928497314453e+00
4.134892940521240234e+00
4.022910118103027344e+00
3.791141748428344727e+00
3.945387125015258789e+00
3.205978631973266602e+00
3.123254776000976562e+00
3.422442436218261719e+00
2.759631156921386719e+00
3.162987232208251953e+00
3.311040878295898438e+00
2.703114032745361328e+00
3.105796098709106445e+00
3.242332935333251953e+00
3.656081914901733398e+00
2.958966732025146484e+00
2.479225873947143555e+00
2.269662618637084961e+00
2.550667285919189453e+00
2.302399635314941406e+00
3.732041120529174805e+00
3.458557605743408203e+00
2.491284370422363281e+00
3.147516965866088867e+00
3.345400571823120117e+00
3.612037420272827148e+00
4.477706432342529297e+00
4.786966323852539062e+00
3.856410264968872070e+00
3.754931449890136719e+00
3.475078344345092773e+00
2.942334890365600586e+00
2.806680917739868164e+00
3.092595815658569336e+00
3.402977466583251953e+00
3.545254707336425781e+00
2.029629230499267578e+00
1.936717629432678223e+00
8.495685458183288574e-01
1.669170379638671875e+00
3.152505397796630859e+00
7.313696742057800293e-01
1.634308099746704102e+00
1.829033851623535156e+00
1.669607877731323242e+00
3.151036024093627930e+00
3.099549293518066406e+00
2.103054761886596680e+00
8.799313902854919434e-01
7.990801334381103516e-01
1.741012334823608398e+00
2.506560564041137695e+00
2.590293407440185547e+00
3.052038908004760742e+00
3.481397867202758789e+00
3.746846437454223633e+00
4.042724132537841797e+00
4.273065567016601562e+00
4.517354965209960938e+00
5.068154811859130859e+00
4.899662971496582031e+00
5.192446708679199219e+00
3.901634693145751953e+00
4.813474655151367188e+00
4.600889682769775391e+00
4.215754508972167969e+00
4.050847530364990234e+00
3.830785989761352539e+00
3.967926740646362305e+00
3.223180055618286133e+00
3.138672590255737305e+00
3.479070663452148438e+00
2.846201896667480469e+00
3.281499147415161133e+00
3.518561124801635742e+00
2.908113718032836914e+00
3.284983396530151367e+00
3.469171762466430664e+00
3.927013635635375977e+00
3.214443206787109375e+00
2.754827022552490234e+00
2.508130073547363281e+00
2.846320867538452148e+00
2.564387559890747070e+00
3.972692489624023438e+00
3.822645664215087891e+00
2.866041898727416992e+00
3.546091079711914062e+00
3.678407430648803711e+00
3.993353843688964844e+00
4.745977401733398438e+00
4.987493991851806641e+00
4.028850555419921875e+00
3.930557966232299805e+00
3.615311861038208008e+00
3.260451078414916992e+00
2.965053081512451172e+00
3.090178966522216797e+00
3.089295625686645508e+00
3.261547803878784180e+00
2.173402309417724609e+00
2.112231969833374023e+00
1.063285231590270996e+00
1.870089888572692871e+00
2.971050024032592773e+00
9.451426267623901367e-01
2.101333141326904297e+00
2.330912351608276367e+00
2.127867221832275391e+00
2.703723311424255371e-01
1.283802986145019531e+00
3.626223325729370117e+00
4.108568668365478516e+00
4.510682582855224609e+00
5.173623561859130859e+00
5.571156024932861328e+00
6.113348007202148438e+00
6.564233303070068359e+00
6.882575035095214844e+00
6.861618518829345703e+00
6.828476428985595703e+00
6.985569477081298828e+00
7.466033935546875000e+00
7.235696315765380859e+00
7.460956096649169922e+00
6.137855052947998047e+00
6.733895778656005859e+00
6.470293521881103516e+00
6.120260238647460938e+00
5.854776859283447266e+00
5.633532524108886719e+00
5.801919460296630859e+00
6.095387935638427734e+00
5.804303169250488281e+00
5.928899288177490234e+00
5.643287181854248047e+00
5.397465229034423828e+00
5.909960746765136719e+00
5.311419963836669922e+00
5.356678009033203125e+00
5.455370903015136719e+00
6.461043357849121094e+00
5.511853218078613281e+00
5.507938861846923828e+00
5.643826484680175781e+00
6.010747909545898438e+00
5.340984344482421875e+00
6.360202789306640625e+00
6.682344436645507812e+00
5.859598159790039062e+00
6.631134510040283203e+00
7.001182556152343750e+00
7.210843563079833984e+00
7.907854080200195312e+00
8.005029678344726562e+00
6.971427440643310547e+00
7.265480041503906250e+00
6.914308547973632812e+00
6.625933647155761719e+00
6.505231857299804688e+00
6.487010955810546875e+00
1.741339564323425293e+00
1.066271662712097168e+00
4.321824550628662109e+00
4.333879470825195312e+00
3.782274246215820312e+00
3.910617828369140625e+00
1.554130077362060547e+00
3.536643505096435547e+00
4.290820121765136719e+00
4.733700752258300781e+00
4.673437118530273438e+00
1.047870874404907227e+00
3.550364971160888672e+00
3.983049631118774414e+00
4.353699207305908203e+00
5.089738845825195312e+00
5.440812110900878906e+00
5.949976444244384766e+00
6.407669067382812500e+00
6.801949977874755859e+00
6.773935794830322266e+00
6.647389888763427734e+00
6.787416934967041016e+00
7.308639049530029297e+00
7.128645420074462891e+00
7.398000717163085938e+00
6.005237102508544922e+00
6.650826454162597656e+00
6.268754005432128906e+00
5.946373939514160156e+00
5.647709846496582031e+00
5.450240612030029297e+00
5.572581291198730469e+00
5.907408237457275391e+00
5.592714786529541016e+00
5.716637611389160156e+00
5.489725589752197266e+00
5.204961299896240234e+00
5.818442821502685547e+00
5.242237567901611328e+00
5.325680255889892578e+00
5.531909465789794922e+00
6.602795600891113281e+00
5.669135570526123047e+00
5.630608081817626953e+00
5.679899692535400391e+00
6.018587589263916016e+00
5.399027347564697266e+00
6.397435188293457031e+00
6.834608078002929688e+00
5.985791683197021484e+00
6.755987167358398438e+00
7.080668449401855469e+00
7.304673194885253906e+00
7.952174663543701172e+00
8.017374992370605469e+00
6.909080982208251953e+00
7.229449748992919922e+00
6.869946479797363281e+00
6.661915302276611328e+00
6.432686805725097656e+00
6.345832824707031250e+00
1.315351843833923340e+00
6.883075237274169922e-01
4.258455276489257812e+00
4.359723567962646484e+00
3.845600605010986328e+00
4.021837234497070312e+00
1.617163419723510742e+00
3.674809932708740234e+00
4.500815868377685547e+00
4.894431591033935547e+00
4.877500057220458984e+00
2.283160209655761719e+00
2.678848028182983398e+00
3.017194986343383789e+00
3.760928153991699219e+00
4.097440242767333984e+00
4.593010425567626953e+00
5.053275585174560547e+00
5.482602596282958984e+00
5.432863235473632812e+00
5.266841888427734375e+00
5.406958103179931641e+00
5.943445682525634766e+00
5.788907527923583984e+00
6.084831237792968750e+00
4.655336856842041016e+00
5.360320568084716797e+00
4.928087234497070312e+00
4.605546951293945312e+00
4.304045200347900391e+00
4.109925746917724609e+00
4.221811771392822266e+00
4.540042877197265625e+00
4.218295574188232422e+00
4.336310863494873047e+00
4.126537799835205078e+00
3.832737445831298828e+00
4.481790065765380859e+00
3.921809434890747070e+00
4.043273448944091797e+00
4.344069004058837891e+00
5.445390701293945312e+00
4.557750225067138672e+00
4.490066528320312500e+00
4.476425647735595703e+00
4.787152767181396484e+00
4.196794509887695312e+00
5.147655963897705078e+00
5.726696968078613281e+00
4.889303207397460938e+00
5.648513317108154297e+00
5.935063362121582031e+00
6.162702560424804688e+00
6.722684860229492188e+00
6.741680145263671875e+00
5.585438728332519531e+00
5.961892604827880859e+00
5.594881057739257812e+00
5.489788055419921875e+00
5.205229759216308594e+00
5.048633098602294922e+00
3.057594895362854004e-01
5.564358830451965332e-01
2.955677986145019531e+00
3.129820823669433594e+00
2.747197389602661133e+00
2.908088445663452148e+00
1.212086915969848633e+00
2.691881418228149414e+00
3.886085748672485352e+00
4.252883434295654297e+00
4.059558391571044922e+00
3.510164022445678711e-01
7.179536819458007812e-01
1.483347535133361816e+00
1.688778877258300781e+00
2.268127679824829102e+00
2.705152034759521484e+00
2.969859123229980469e+00
3.066530942916870117e+00
3.246505737304687500e+00
3.492931127548217773e+00
3.966424703598022461e+00
3.758259534835815430e+00
4.056134700775146484e+00
2.722309350967407227e+00
3.640948057174682617e+00
3.477506637573242188e+00
3.069742679595947266e+00
2.958219051361083984e+00
2.717681884765625000e+00
2.915436506271362305e+00
2.386289596557617188e+00
2.241081953048706055e+00
2.454607486724853516e+00
1.865315675735473633e+00
2.151648044586181641e+00
2.362182378768920898e+00
1.773917555809020996e+00
2.141747474670410156e+00
2.464596509933471680e+00
3.145930051803588867e+00
2.365126848220825195e+00
2.036136150360107422e+00
1.920764565467834473e+00
2.204275608062744141e+00
1.756296396255493164e+00
2.949326515197753906e+00
3.205728769302368164e+00
2.355313301086425781e+00
3.064012289047241211e+00
3.356133937835693359e+00
3.584167957305908203e+00
4.154465198516845703e+00
4.227198600769042969e+00
3.132957935333251953e+00
3.375654935836791992e+00
3.013373136520385742e+00
2.919915914535522461e+00
2.658423900604248047e+00
2.616388082504272461e+00
3.106973409652709961e+00
3.514761924743652344e+00
1.025935888290405273e+00
1.051982164382934570e+00
3.170918822288513184e-01
9.336138367652893066e-01
3.011549234390258789e+00
6.305099725723266602e-01
1.769919753074645996e+00
2.007825136184692383e+00
1.722310304641723633e+00
3.399899899959564209e-01
1.104526638984680176e+00
1.230817914009094238e+00
1.774525046348571777e+00
2.213552713394165039e+00
2.528527021408081055e+00
2.668236255645751953e+00
2.836579322814941406e+00
3.090244293212890625e+00
3.598993301391601562e+00
3.435568332672119141e+00
3.764668941497802734e+00
2.433651685714721680e+00
3.431272983551025391e+00
3.214478731155395508e+00
2.833337783813476562e+00
2.731920957565307617e+00
2.522645950317382812e+00
2.628865957260131836e+00
1.912263154983520508e+00
1.802199125289916992e+00
2.066424608230590820e+00
1.419846892356872559e+00
1.809308290481567383e+00
2.074187040328979492e+00
1.550991773605346680e+00
2.021161556243896484e+00
2.390491485595703125e+00
2.981343507766723633e+00
2.422852754592895508e+00
2.026789188385009766e+00
1.651754736900329590e+00
1.866196870803833008e+00
1.589329242706298828e+00
2.737856388092041016e+00
3.091081857681274414e+00
2.251853704452514648e+00
2.820994138717651367e+00
2.969118833541870117e+00
3.229590177536010742e+00
3.799719333648681641e+00
3.858424901962280273e+00
2.730364561080932617e+00
2.953003644943237305e+00
2.587976932525634766e+00
2.465502262115478516e+00
2.141538143157958984e+00
2.117574453353881836e+00
3.411243200302124023e+00
3.897503376007080078e+00
9.053266644477844238e-01
1.104085803031921387e+00
9.028198122978210449e-01
1.305945992469787598e+00
3.400990009307861328e+00
1.159425377845764160e+00
2.184485197067260742e+00
2.261077880859375000e+00
1.946040987968444824e+00
6.910084486007690430e-01
7.274804711341857910e-01
1.279345273971557617e+00
1.714082837104797363e+00
2.106478929519653320e+00
2.230605125427246094e+00
2.344440460205078125e+00
2.589689016342163086e+00
3.135058879852294922e+00
3.018426418304443359e+00
3.380503892898559570e+00
2.034133911132812500e+00
3.105658531188964844e+00
2.768632888793945312e+00
2.448261022567749023e+00
2.274400711059570312e+00
2.122056484222412109e+00
2.027834415435791016e+00
1.405241489410400391e+00
1.210758924484252930e+00
1.536778569221496582e+00
9.172896146774291992e-01
1.379498004913330078e+00
1.715592265129089355e+00
1.314558863639831543e+00
1.798554420471191406e+00
2.266793966293334961e+00
2.837214946746826172e+00
2.357136487960815430e+00
2.036392688751220703e+00
1.545275807380676270e+00
1.656498193740844727e+00
1.540846228599548340e+00
2.490695714950561523e+00
3.020647764205932617e+00
2.302517652511596680e+00
2.854701519012451172e+00
2.932616949081420898e+00
3.167999505996704102e+00
3.506064176559448242e+00
3.505924701690673828e+00
2.315834045410156250e+00
2.609511137008666992e+00
2.239533901214599609e+00
2.392572402954101562e+00
1.899793624877929688e+00
1.714252114295959473e+00
3.620624065399169922e+00
4.204613685607910156e+00
5.811088085174560547e-01
1.074063062667846680e+00
1.315988779067993164e+00
1.439535975456237793e+00
3.742885351181030273e+00
1.806247830390930176e+00
2.797270059585571289e+00
2.848032474517822266e+00
2.501945972442626953e+00
1.328991949558258057e-01
5.326532721519470215e-01
9.182631373405456543e-01
1.269560933113098145e+00
1.285419702529907227e+00
1.524010300636291504e+00
1.874757528305053711e+00
2.261687278747558594e+00
2.139029741287231445e+00
2.511232137680053711e+00
1.255069494247436523e+00
2.279954910278320312e+00
2.259766101837158203e+00
1.803636431694030762e+00
1.906946778297424316e+00
1.634356141090393066e+00
1.856400966644287109e+00
9.400173425674438477e-01
9.363791346549987793e-01
1.124992728233337402e+00
3.961412608623504639e-01
8.067518472671508789e-01
8.391604423522949219e-01
3.540682196617126465e-01
9.310150742530822754e-01
1.390377879142761230e+00
2.163625955581665039e+00
1.764898896217346191e+00
1.543034553527832031e+00
1.160975933074951172e+00
1.180566549301147461e+00
1.046388506889343262e+00
1.639782905578613281e+00
2.491341829299926758e+00
1.993417501449584961e+00
2.439589738845825195e+00
2.495228052139282227e+00
2.694060087203979492e+00
2.813496828079223633e+00
2.678719043731689453e+00
1.409254550933837891e+00
1.951345443725585938e+00
1.600830554962158203e+00
1.927512526512145996e+00
1.537119030952453613e+00
1.336939215660095215e+00
4.319311618804931641e+00
4.936820507049560547e+00
5.861944556236267090e-01
8.683075308799743652e-01
1.621490120887756348e+00
1.482783913612365723e+00
4.127560138702392578e+00
2.276429414749145508e+00
2.923625469207763672e+00
2.898922443389892578e+00
2.566542863845825195e+00
3.163865804672241211e-01
7.223016023635864258e-01
1.114130139350891113e+00
1.245258569717407227e+00
1.473572015762329102e+00
1.779776573181152344e+00
2.314118623733520508e+00
2.241408586502075195e+00
2.639237880706787109e+00
1.488579154014587402e+00
2.611429929733276367e+00
2.362959861755371094e+00
2.114507913589477539e+00
2.095235824584960938e+00
2.013720750808715820e+00
1.641267299652099609e+00
4.278717935085296631e-01
5.706678628921508789e-01
9.767004847526550293e-01
3.269346952438354492e-01
8.868497014045715332e-01
1.198967576026916504e+00
1.037255287170410156e+00
1.610872507095336914e+00
2.037853479385375977e+00
2.443144798278808594e+00
2.109405279159545898e+00
1.906732201576232910e+00
1.351592063903808594e+00
1.282240390777587891e+00
1.194452762603759766e+00
1.995541572570800781e+00
2.631607770919799805e+00
2.190937757492065430e+00
2.519222259521484375e+00
2.498409032821655273e+00
2.699845552444458008e+00
2.765208482742309570e+00
2.651593208312988281e+00
1.415697336196899414e+00
1.805024981498718262e+00
1.409052610397338867e+00
1.882606267929077148e+00
1.315045714378356934e+00
1.000877022743225098e+00
4.666315555572509766e+00
5.280148506164550781e+00
1.037377595901489258e+00
1.554204702377319336e+00
2.013916969299316406e+00
2.007375001907348633e+00
4.682233810424804688e+00
2.588819742202758789e+00
3.219931602478027344e+00
3.134210586547851562e+00
2.804090499877929688e+00
2.599639296531677246e-01
5.117492675781250000e-01
7.083007097244262695e-01
1.188565731048583984e+00
1.581694960594177246e+00
1.996270537376403809e+00
1.971454620361328125e+00
2.341556787490844727e+00
1.368190169334411621e+00
2.514906167984008789e+00
2.318306684494018555e+00
2.126094579696655273e+00
2.126014709472656250e+00
2.117538452148437500e+00
1.720587134361267090e+00
4.555565118789672852e-01
7.573286294937133789e-01
9.723993539810180664e-01
5.348137021064758301e-01
9.595670700073242188e-01
1.215929985046386719e+00
1.305512070655822754e+00
1.803018808364868164e+00
2.275499343872070312e+00
2.439654350280761719e+00
2.279805660247802734e+00
2.103687286376953125e+00
1.539078950881958008e+00
1.345250964164733887e+00
1.238417029380798340e+00
1.984024167060852051e+00
2.523646116256713867e+00
2.356220483779907227e+00
2.393722534179687500e+00
2.329872846603393555e+00
2.472689628601074219e+00
2.357660531997680664e+00
2.169162273406982422e+00
1.005162000656127930e+00
1.349241495132446289e+00
8.397489786148071289e-01
1.696325421333312988e+00
1.143497705459594727e+00
7.113198041915893555e-01
5.087783336639404297e+00
5.748149871826171875e+00
1.601820707321166992e+00
2.119812488555908203e+00
2.585781335830688477e+00
2.568496942520141602e+00
5.252895832061767578e+00
3.157872676849365234e+00
3.661248445510864258e+00
3.501946926116943359e+00
3.194472312927246094e+00
3.551293611526489258e-01
4.422346353530883789e-01
7.532385587692260742e-01
1.214618802070617676e+00
1.575453281402587891e+00
1.616737484931945801e+00
1.976690769195556641e+00
1.132844448089599609e+00
2.279274225234985352e+00
2.160268068313598633e+00
2.048044681549072266e+00
2.054611444473266602e+00
2.148101091384887695e+00
1.564210891723632812e+00
4.401022791862487793e-01
8.383029103279113770e-01
1.046339273452758789e+00
8.381525874137878418e-01
1.100450158119201660e+00
1.149964809417724609e+00
1.416071653366088867e+00
1.865589022636413574e+00
2.344381332397460938e+00
2.410697221755981445e+00
2.328121900558471680e+00
2.239831686019897461e+00
1.768467545509338379e+00
1.514983654022216797e+00
1.347308874130249023e+00
1.802977800369262695e+00
2.553226232528686523e+00
2.547892093658447266e+00
2.514425992965698242e+00
2.477066993713378906e+00
2.552537679672241211e+00
2.349867105484008789e+00
2.042125225067138672e+00
8.251495957374572754e-01
1.426118612289428711e+00
8.031077980995178223e-01
1.862769722938537598e+00
1.289761781692504883e+00
6.011335849761962891e-01
5.502276897430419922e+00
6.194671630859375000e+00
1.972368478775024414e+00
2.366952896118164062e+00
2.956331014633178711e+00
2.914451122283935547e+00
5.658897399902343750e+00
3.563816308975219727e+00
3.991472482681274414e+00
3.798120260238647461e+00
3.505996704101562500e+00
1.328990310430526733e-01
1.094848275184631348e+00
1.619333028793334961e+00
1.526001572608947754e+00
1.495040535926818848e+00
1.773865222930908203e+00
1.297167420387268066e+00
2.319714069366455078e+00
2.499351263046264648e+00
2.422042846679687500e+00
2.513838291168212891e+00
2.604256391525268555e+00
2.232973098754882812e+00
1.211198687553405762e+00
1.555788040161132812e+00
1.654226779937744141e+00
1.365246415138244629e+00
1.595818042755126953e+00
1.391621351242065430e+00
1.636059284210205078e+00
1.896077990531921387e+00
2.235196590423583984e+00
2.022229194641113281e+00
2.039365053176879883e+00
1.961736202239990234e+00
1.508372902870178223e+00
1.122943282127380371e+00
1.097552657127380371e+00
1.583469867706298828e+00
2.016902685165405273e+00
2.075030326843261719e+00
1.912381291389465332e+00
1.857769012451171875e+00
1.899232625961303711e+00
1.686602592468261719e+00
1.450860619544982910e+00
3.652411997318267822e-01
7.807810306549072266e-01
2.948209941387176514e-01
1.279580593109130859e+00
1.035027503967285156e+00
8.742038011550903320e-01
6.044114589691162109e+00
6.686244964599609375e+00
2.368286132812500000e+00
2.589530467987060547e+00
2.960798740386962891e+00
2.993443012237548828e+00
5.973653316497802734e+00
3.570205688476562500e+00
3.789126396179199219e+00
3.515802145004272461e+00
3.262637376785278320e+00
7.530671954154968262e-01
1.221842050552368164e+00
1.129359841346740723e+00
1.096223115921020508e+00
1.376292228698730469e+00
8.719684481620788574e-01
1.815931558609008789e+00
2.123838663101196289e+00
2.035348653793334961e+00
2.194976568222045898e+00
2.240761041641235352e+00
2.028831958770751953e+00
1.237304449081420898e+00
1.513690471649169922e+00
1.504771947860717773e+00
1.283270239830017090e+00
1.449861168861389160e+00
8.744857311248779297e-01
1.274130582809448242e+00
1.552860140800476074e+00
1.938758134841918945e+00
1.963438630104064941e+00
1.950175762176513672e+00
2.047159433364868164e+00
1.818996787071228027e+00
1.452702283859252930e+00
1.239680647850036621e+00
1.129225015640258789e+00
2.188306331634521484e+00
2.509340286254882812e+00
2.368285417556762695e+00
2.365516185760498047e+00
2.295709848403930664e+00
1.919565677642822266e+00
1.432695865631103516e+00
3.111716210842132568e-01
1.180413603782653809e+00
6.353129744529724121e-01
1.828652501106262207e+00
1.512498259544372559e+00
1.142749190330505371e+00
5.935156822204589844e+00
6.601058959960937500e+00
2.238822937011718750e+00
2.288477659225463867e+00
3.049437761306762695e+00
2.971295595169067383e+00
5.803425312042236328e+00
3.725505352020263672e+00
4.031046867370605469e+00
3.836070060729980469e+00
3.504455804824829102e+00
3.215959966182708740e-01
7.490818500518798828e-01
9.334398508071899414e-01
1.371520757675170898e+00
7.973933219909667969e-01
1.650010466575622559e+00
1.279190778732299805e+00
1.343325138092041016e+00
1.313110470771789551e+00
1.529771685600280762e+00
1.063614964485168457e+00
7.680051922798156738e-01
9.580830335617065430e-01
8.245568871498107910e-01
8.703303337097167969e-01
1.079221248626708984e+00
1.164970159530639648e+00
1.782586812973022461e+00
2.120294809341430664e+00
2.712368726730346680e+00
3.012131690979003906e+00
2.929362058639526367e+00
2.960779905319213867e+00
2.607822895050048828e+00
2.354210138320922852e+00
2.121515512466430664e+00
2.165900707244873047e+00
3.285395145416259766e+00
3.405384540557861328e+00
3.359253168106079102e+00
3.337641239166259766e+00
3.342085599899291992e+00
2.990983724594116211e+00
2.439313888549804688e+00
1.340176105499267578e+00
2.151505947113037109e+00
1.525628328323364258e+00
2.749657869338989258e+00
2.269672155380249023e+00
1.600018978118896484e+00
5.554739475250244141e+00
6.337978839874267578e+00
2.221181631088256836e+00
2.608836889266967773e+00
3.587824344635009766e+00
3.442003488540649414e+00
5.680546760559082031e+00
4.221537113189697266e+00
4.766138076782226562e+00
4.622424602508544922e+00
4.317689418792724609e+00
6.763413548469543457e-01
9.521506428718566895e-01
1.436119437217712402e+00
8.457057476043701172e-01
1.464375615119934082e+00
8.994752168655395508e-01
1.221120834350585938e+00
1.111704707145690918e+00
1.439007759094238281e+00
9.711206555366516113e-01
8.883841037750244141e-01
1.120153903961181641e+00
9.243404269218444824e-01
1.127465605735778809e+00
1.314891219139099121e+00
1.332721829414367676e+00
2.039163112640380859e+00
2.278594017028808594e+00
2.896650075912475586e+00
3.336762905120849609e+00
3.253212928771972656e+00
3.344622373580932617e+00
3.068629980087280273e+00
2.829562187194824219e+00
2.561774492263793945e+00
2.424145221710205078e+00
3.704918622970581055e+00
3.873916864395141602e+00
3.857132911682128906e+00
3.853727817535400391e+00
3.830828428268432617e+00
3.427962541580200195e+00
2.852025508880615234e+00
1.783594608306884766e+00
2.667866706848144531e+00
2.064800977706909180e+00
3.284935474395751953e+00
2.767134428024291992e+00
2.041934013366699219e+00
5.621347427368164062e+00
6.443242073059082031e+00
2.441177129745483398e+00
2.837056398391723633e+00
3.872196674346923828e+00
3.723140239715576172e+00
5.785549163818359375e+00
4.506320476531982422e+00
5.136598587036132812e+00
5.042913913726806641e+00
4.726144790649414062e+00
1.328361928462982178e-01
5.762618780136108398e-01
8.415500521659851074e-01
9.303493499755859375e-01
1.095319509506225586e+00
1.347563982009887695e+00
1.575507640838623047e+00
1.795902371406555176e+00
1.782058954238891602e+00
1.723659753799438477e+00
1.893083095550537109e+00
1.602074980735778809e+00
1.689323425292968750e+00
1.787249088287353516e+00
1.268625736236572266e+00
2.067466497421264648e+00
2.197750329971313477e+00
2.610176324844360352e+00
2.954257726669311523e+00
2.956925153732299805e+00
3.199899196624755859e+00
3.093625545501708984e+00
2.751253843307495117e+00
2.501871824264526367e+00
1.957190036773681641e+00
3.370400905609130859e+00
3.787821054458618164e+00
3.636117458343505859e+00
3.614712715148925781e+00
3.524254083633422852e+00
2.961862325668334961e+00
2.325209379196166992e+00
1.505271434783935547e+00
2.452526330947875977e+00
1.997585415840148926e+00
3.185578346252441406e+00
2.974716663360595703e+00
2.415640115737915039e+00
6.181285381317138672e+00
6.991088867187500000e+00
2.913553237915039062e+00
2.916769504547119141e+00
4.073525905609130859e+00
3.872352123260498047e+00
6.174676895141601562e+00
4.762138843536376953e+00
5.157467842102050781e+00
5.064249038696289062e+00
4.676001548767089844e+00
3.048908710479736328e-01
7.203763127326965332e-01
7.461956739425659180e-01
1.358813643455505371e+00
1.348792076110839844e+00
1.732654690742492676e+00
1.870702624320983887e+00
2.014724731445312500e+00
1.866334676742553711e+00
2.003431797027587891e+00
1.693097591400146484e+00
1.739405632019042969e+00
1.713348031044006348e+00
1.064682841300964355e+00
1.748543858528137207e+00
1.789091706275939941e+00
2.129573345184326172e+00
2.537736177444458008e+00
2.545192956924438477e+00
2.840280532836914062e+00
2.845783948898315430e+00
2.508717775344848633e+00
2.241223812103271484e+00
1.555021286010742188e+00
3.059283971786499023e+00
3.513066291809082031e+00
3.394922256469726562e+00
3.418991804122924805e+00
3.299973726272583008e+00
2.774033308029174805e+00
2.166093587875366211e+00
1.365550994873046875e+00
2.351733922958374023e+00
1.982123851776123047e+00
3.006224632263183594e+00
2.921980142593383789e+00
2.475268602371215820e+00
6.106631278991699219e+00
6.863352298736572266e+00
2.736644744873046875e+00
2.555002927780151367e+00
3.752915143966674805e+00
3.497153997421264648e+00
5.974738121032714844e+00
4.459899425506591797e+00
4.789885044097900391e+00
4.738458156585693359e+00
4.311131477355957031e+00
1.179044008255004883e+00
7.730876207351684570e-01
1.580547213554382324e+00
1.576818704605102539e+00
2.037009477615356445e+00
2.157257318496704102e+00
2.442550420761108398e+00
2.293639183044433594e+00
2.421619415283203125e+00
2.117604255676269531e+00
2.154411077499389648e+00
2.133642196655273438e+00
1.331141710281372070e+00
1.939987182617187500e+00
1.918180584907531738e+00
2.053519248962402344e+00
2.214196920394897461e+00
2.437776088714599609e+00
2.855902194976806641e+00
3.003985166549682617e+00
2.634071826934814453e+00
2.390566110610961914e+00
1.376344680786132812e+00
2.879651546478271484e+00
3.469177961349487305e+00
3.364326953887939453e+00
3.421070337295532227e+00
3.229681730270385742e+00
2.633616447448730469e+00
1.954818248748779297e+00
1.608797311782836914e+00
2.538502693176269531e+00
2.242945432662963867e+00
3.142750978469848633e+00
3.231677532196044922e+00
2.817658662796020508e+00
6.424213886260986328e+00
7.158454895019531250e+00
3.026929140090942383e+00
2.721333265304565430e+00
3.913319349288940430e+00
3.607161998748779297e+00
6.178304195404052734e+00
4.636322975158691406e+00
4.841132640838623047e+00
4.797443866729736328e+00
4.321634769439697266e+00
9.294196367263793945e-01
1.030702114105224609e+00
7.020143270492553711e-01
9.538513422012329102e-01
9.162332415580749512e-01
1.317929148674011230e+00
1.068153142929077148e+00
1.077124357223510742e+00
7.616785168647766113e-01
7.945635914802551270e-01
6.378668546676635742e-01
2.749803066253662109e-01
9.472462534904479980e-01
1.044361472129821777e+00
1.739107251167297363e+00
2.453648328781127930e+00
2.292811632156372070e+00
2.336518526077270508e+00
2.269823074340820312e+00
2.103692054748535156e+00
1.776334524154663086e+00
1.500275611877441406e+00
2.914563894271850586e+00
3.057045936584472656e+00
3.173058986663818359e+00
3.245149850845336914e+00
3.193582534790039062e+00
2.895098209381103516e+00
2.391885280609130859e+00
1.266297578811645508e+00
2.252135992050170898e+00
1.804846763610839844e+00
2.700083732604980469e+00
2.505644798278808594e+00
2.116067886352539062e+00
4.983644008636474609e+00
5.733665466308593750e+00
1.645647048950195312e+00
1.628044962882995605e+00
2.852224349975585938e+00
2.635186910629272461e+00
4.901372909545898438e+00
3.551615715026855469e+00
4.094281196594238281e+00
4.104340553283691406e+00
3.736587762832641602e+00
9.588755965232849121e-01
6.809980869293212891e-01
1.314333319664001465e+00
1.251346111297607422e+00
1.766485810279846191e+00
2.154932737350463867e+00
2.115068197250366211e+00
1.744433522224426270e+00
1.949610233306884766e+00
1.738129734992980957e+00
1.215698003768920898e+00
1.653733611106872559e+00
1.403076767921447754e+00
1.807438373565673828e+00
2.603092908859252930e+00
2.586432456970214844e+00
2.814726114273071289e+00
3.080451726913452148e+00
2.878413200378417969e+00
2.537844181060791016e+00
1.662871479988098145e+00
3.332271099090576172e+00
3.769645690917968750e+00
3.836702108383178711e+00
3.987639665603637695e+00
3.821627616882324219e+00
3.419569492340087891e+00
2.845744371414184570e+00
2.140721559524536133e+00
3.131401538848876953e+00
2.812671899795532227e+00
3.567200422286987305e+00
3.581631183624267578e+00
3.258122682571411133e+00
5.604229927062988281e+00
6.365408420562744141e+00
2.574219465255737305e+00
2.175743818283081055e+00
3.560537338256835938e+00
3.174683570861816406e+00
5.325223922729492188e+00
4.280993938446044922e+00
4.630192279815673828e+00
4.741291522979736328e+00
4.261312961578369141e+00
3.404680192470550537e-01
3.073583543300628662e-01
5.241443514823913574e-01
6.156339645385742188e-01
1.595533132553100586e+00
1.546054959297180176e+00
1.083361148834228516e+00
1.563221931457519531e+00
1.265958547592163086e+00
1.532566547393798828e+00
2.114877462387084961e+00
2.083345174789428711e+00
2.824356079101562500e+00
3.625883579254150391e+00
3.498306035995483398e+00
3.562756061553955078e+00
3.496647357940673828e+00
3.371335268020629883e+00
3.037515878677368164e+00
2.610884904861450195e+00
4.182636737823486328e+00
4.310093879699707031e+00
4.481538772583007812e+00
4.555928230285644531e+00
4.510603427886962891e+00
4.158347606658935547e+00
3.594427585601806641e+00
2.553543329238891602e+00
3.520950078964233398e+00
2.990753889083862305e+00
3.996201038360595703e+00
3.663627386093139648e+00
3.086249351501464844e+00
4.946951389312744141e+00
5.853738307952880859e+00
2.355123519897460938e+00
2.555541276931762695e+00
3.796705484390258789e+00
3.579380035400390625e+00
5.013397216796875000e+00
4.476968765258789062e+00
5.174052715301513672e+00
5.263052940368652344e+00
4.916515350341796875e+00
3.376426100730895996e-01
3.462996780872344971e-01
7.930869460105895996e-01
1.520401954650878906e+00
1.351522326469421387e+00
1.006500601768493652e+00
1.320433020591735840e+00
9.666867256164550781e-01
1.142310976982116699e+00
1.630162715911865234e+00
1.450004816055297852e+00
2.131806373596191406e+00
3.094325780868530273e+00
2.961110591888427734e+00
3.036390304565429688e+00
3.080851793289184570e+00
2.997814655303955078e+00
2.644830465316772461e+00
2.156124114990234375e+00
3.805244207382202148e+00
3.876255989074707031e+00
4.162446975708007812e+00
4.256466865539550781e+00
4.262691497802734375e+00
4.013897418975830078e+00
3.501500368118286133e+00
2.420690774917602539e+00
3.399245500564575195e+00
2.914302587509155273e+00
3.699446439743041992e+00
3.403806447982788086e+00
3.001126050949096680e+00
4.727077007293701172e+00
5.577705860137939453e+00
1.962945342063903809e+00
1.991494178771972656e+00
3.313960552215576172e+00
3.067818880081176758e+00
4.695575237274169922e+00
4.006847381591796875e+00
4.654532909393310547e+00
4.785444259643554688e+00
4.403501033782958984e+00
1.328592151403427124e-01
3.235633373260498047e-01
1.423461675643920898e+00
1.292501211166381836e+00
8.578460216522216797e-01
1.356562376022338867e+00
7.501736283302307129e-01
1.397680401802062988e+00
1.807476162910461426e+00
1.853125452995300293e+00
2.610959291458129883e+00
3.565998315811157227e+00
3.371462821960449219e+00
3.339570760726928711e+00
3.272524356842041016e+00
3.199799776077270508e+00
2.858330726623535156e+00
2.581727981567382812e+00
4.115992069244384766e+00
4.089863777160644531e+00
4.371594429016113281e+00
4.440909862518310547e+00
4.466810703277587891e+00
4.249712944030761719e+00
3.748704910278320312e+00
2.583691596984863281e+00
3.528482913970947266e+00
2.992320060729980469e+00
3.861893653869628906e+00
3.485333204269409180e+00
2.991355419158935547e+00
4.343787670135498047e+00
5.236032962799072266e+00
1.853071331977844238e+00
2.175759792327880859e+00
3.339107275009155273e+00
3.139215946197509766e+00
4.434634208679199219e+00
3.988296508789062500e+00
4.783349037170410156e+00
4.914522171020507812e+00
4.576327323913574219e+00
5.436499714851379395e-01
1.523185849189758301e+00
1.274629592895507812e+00
1.006471991539001465e+00
1.288046002388000488e+00
6.364459991455078125e-01
1.297805547714233398e+00
1.508344411849975586e+00
1.513774752616882324e+00
2.279257535934448242e+00
3.373821973800659180e+00
3.051781654357910156e+00
3.031501293182373047e+00
3.035789251327514648e+00
3.027678966522216797e+00
2.684207916259765625e+00
2.427575349807739258e+00
3.959429979324340820e+00
3.831138372421264648e+00
4.234459400177001953e+00
4.327389717102050781e+00
4.379169940948486328e+00
4.265501022338867188e+00
3.818987131118774414e+00
2.611069202423095703e+00
3.565645694732666016e+00
3.079932212829589844e+00
3.765403509140014648e+00
3.425312757492065430e+00
3.051486253738403320e+00
4.222640514373779297e+00
5.072942256927490234e+00
1.627806782722473145e+00
1.818762302398681641e+00
3.025414466857910156e+00
2.801133871078491211e+00
4.223231315612792969e+00
3.697114467620849609e+00
4.453456401824951172e+00
4.613922595977783203e+00
4.278773307800292969e+00
7.830465435981750488e-01
8.468608260154724121e-01
2.618385553359985352e-01
1.069969534873962402e+00
7.292116284370422363e-01
1.702630639076232910e+00
1.946808576583862305e+00
2.082549333572387695e+00
2.875198602676391602e+00
3.815009355545043945e+00
3.585279941558837891e+00
3.498474359512329102e+00
3.194398880004882812e+00
3.117969751358032227e+00
2.846136331558227539e+00
2.928774118423461914e+00
4.205134868621826172e+00
4.099857807159423828e+00
4.285966396331787109e+00
4.280959606170654297e+00
4.378194808959960938e+00
4.182576179504394531e+00
3.739702939987182617e+00
2.545103549957275391e+00
3.304366827011108398e+00
2.744812011718750000e+00
3.657664299011230469e+00
3.079398632049560547e+00
2.411914587020874023e+00
4.239658355712890625e+00
5.144230365753173828e+00
1.826047420501708984e+00
2.314334630966186523e+00
3.396251678466796875e+00
3.226699590682983398e+00
4.433958530426025391e+00
3.993087053298950195e+00
4.874252319335937500e+00
4.982765197753906250e+00
4.639127254486083984e+00
1.329693943262100220e-01
3.343988358974456787e-01
2.998976111412048340e-01
5.233362913131713867e-01
1.247393727302551270e+00
1.489512920379638672e+00
1.905063748359680176e+00
2.530926942825317383e+00
3.042634010314941406e+00
2.853459835052490234e+00
2.727785587310791016e+00
2.187380790710449219e+00
2.043696641921997070e+00
1.943545937538146973e+00
2.316536664962768555e+00
3.319870233535766602e+00
3.118835210800170898e+00
3.213288068771362305e+00
3.145744800567626953e+00
3.324707746505737305e+00
3.195801258087158203e+00
2.907414197921752930e+00
1.683679580688476562e+00
2.183736324310302734e+00
1.618437647819519043e+00
2.509918928146362305e+00
1.803075432777404785e+00
1.172883987426757812e+00
4.910722255706787109e+00
5.654233932495117188e+00
1.508072733879089355e+00
2.162895679473876953e+00
2.859974622726440430e+00
2.844091176986694336e+00
5.115606307983398438e+00
3.449241399765014648e+00
4.122422218322753906e+00
4.025459766387939453e+00
3.700397014617919922e+00
1.328551173210144043e-01
3.108263611793518066e-01
3.032538592815399170e-01
1.155718326568603516e+00
1.296026110649108887e+00
1.704138994216918945e+00
2.400738239288330078e+00
3.054734230041503906e+00
2.817981481552124023e+00
2.677456140518188477e+00
2.279545545578002930e+00
2.225427150726318359e+00
1.987815976142883301e+00
2.301203250885009766e+00
3.392932176589965820e+00
3.131840467453002930e+00
3.439480781555175781e+00
3.412868738174438477e+00
3.574757337570190430e+00
3.511211395263671875e+00
3.191445350646972656e+00
1.902341723442077637e+00
2.560504674911499023e+00
2.010434389114379883e+00
2.782424926757812500e+00
2.105229377746582031e+00
1.546235203742980957e+00
4.548513412475585938e+00
5.290898323059082031e+00
1.221071124076843262e+00
1.902748703956604004e+00
2.738275289535522461e+00
2.626188516616821289e+00
4.767691612243652344e+00
3.312069892883300781e+00
4.101654529571533203e+00
4.067630290985107422e+00
3.729793310165405273e+00
3.253903985023498535e-01
3.380845785140991211e-01
9.561841487884521484e-01
1.282854080200195312e+00
1.589149355888366699e+00
2.305939197540283203e+00
3.004871845245361328e+00
2.797586202621459961e+00
2.713507175445556641e+00
2.420727014541625977e+00
2.345430850982666016e+00
2.049876928329467773e+00
2.160593271255493164e+00
3.410789012908935547e+00
3.267790555953979492e+00
3.535008430480957031e+00
3.562014341354370117e+00
3.648281335830688477e+00
3.521464109420776367e+00
3.135629177093505859e+00
1.856763243675231934e+00
2.677560329437255859e+00
2.133767604827880859e+00
2.949392318725585938e+00
2.422497510910034180e+00
1.909513115882873535e+00
4.522023200988769531e+00
5.346577167510986328e+00
1.412169098854064941e+00
1.924393534660339355e+00
2.899739503860473633e+00
2.750764846801757812e+00
4.782119750976562500e+00
3.525281667709350586e+00
4.259646415710449219e+00
4.243337154388427734e+00
3.909514904022216797e+00
1.328723132610321045e-01
7.075351476669311523e-01
8.684147000312805176e-01
1.292750239372253418e+00
1.931860566139221191e+00
2.577263593673706055e+00
2.337783575057983398e+00
2.217232704162597656e+00
1.720940947532653809e+00
1.666994810104370117e+00
1.506127834320068359e+00
1.829435110092163086e+00
2.945700645446777344e+00
2.675498962402343750e+00
2.917636156082153320e+00
2.915545463562011719e+00
3.091274023056030273e+00
3.144485235214233398e+00
2.872117042541503906e+00
1.564195156097412109e+00
2.227843523025512695e+00
1.807571649551391602e+00
2.303566932678222656e+00
1.764806389808654785e+00
1.404416561126708984e+00
4.621465206146240234e+00
5.285452365875244141e+00
1.046443223953247070e+00
1.570038080215454102e+00
2.292774677276611328e+00
2.241693258285522461e+00
4.718431472778320312e+00
2.876553773880004883e+00
3.568538665771484375e+00
3.504624366760253906e+00
3.170522689819335938e+00
6.086578965187072754e-01
7.598836421966552734e-01
1.084381580352783203e+00
1.815334677696228027e+00
2.613853693008422852e+00
2.357473373413085938e+00
2.246086120605468750e+00
2.068506240844726562e+00
2.040396213531494141e+00
1.720394611358642578e+00
1.791258573532104492e+00
3.076325416564941406e+00
2.895524263381958008e+00
3.261056423187255859e+00
3.313090324401855469e+00
3.413355112075805664e+00
3.369793653488159180e+00
3.055151939392089844e+00
1.747933745384216309e+00
2.538736104965209961e+00
2.075754642486572266e+00
2.711185455322265625e+00
2.266419649124145508e+00
1.881429910659790039e+00
4.065563678741455078e+00
4.862812995910644531e+00
1.041031479835510254e+00
1.410865664482116699e+00
2.435213804244995117e+00
2.262999534606933594e+00
4.209782123565673828e+00
3.102570772171020508e+00
3.783845663070678711e+00
3.810174465179443359e+00
3.477172374725341797e+00
3.406659066677093506e-01
7.003844380378723145e-01
1.136212706565856934e+00
1.715360760688781738e+00
1.530729174613952637e+00
1.581428289413452148e+00
1.601255655288696289e+00
1.453641057014465332e+00
1.091013669967651367e+00
8.614744544029235840e-01
2.248151540756225586e+00
2.332005500793457031e+00
2.582233190536499023e+00
2.720206260681152344e+00
2.707430362701416016e+00
2.665829420089721680e+00
2.339139461517333984e+00
1.206509351730346680e+00
2.144091844558715820e+00
1.861315011978149414e+00
2.229159832000732422e+00
2.212411642074584961e+00
2.112543344497680664e+00
4.927700042724609375e+00
5.613292694091796875e+00
1.370738267898559570e+00
1.283177018165588379e+00
2.347563743591308594e+00
2.154152154922485352e+00
4.753063201904296875e+00
3.046452283859252930e+00
3.430277109146118164e+00
3.407264947891235352e+00
3.010837316513061523e+00
3.089361488819122314e-01
6.936644911766052246e-01
1.592852115631103516e+00
1.263292908668518066e+00
1.250955581665039062e+00
1.386916399002075195e+00
1.424066185951232910e+00
1.057897806167602539e+00
8.660932779312133789e-01
2.211483955383300781e+00
2.126160860061645508e+00
2.572683572769165039e+00
2.731520175933837891e+00
2.769777536392211914e+00
2.842333316802978516e+00
2.595861911773681641e+00
1.454733133316040039e+00
2.299770832061767578e+00
1.998025894165039062e+00
2.239418745040893555e+00
2.198057889938354492e+00
2.172846794128417969e+00
4.441490650177001953e+00
5.076695919036865234e+00
7.533160448074340820e-01
7.493849992752075195e-01
1.713885784149169922e+00
1.514984726905822754e+00
4.196157455444335938e+00
2.408059120178222656e+00
2.921726703643798828e+00
2.971870422363281250e+00
2.620958328247070312e+00
2.798512578010559082e-01
1.057275891304016113e+00
7.868170738220214844e-01
9.865099787712097168e-01
1.432895302772521973e+00
1.396595239639282227e+00
1.069252848625183105e+00
5.478954315185546875e-01
1.870822787284851074e+00
1.995215058326721191e+00
2.367155313491821289e+00
2.620292901992797852e+00
2.595599174499511719e+00
2.729929924011230469e+00
2.505810022354125977e+00
1.640437483787536621e+00
2.416280984878540039e+00
2.156389713287353516e+00
2.243752717971801758e+00
2.449996709823608398e+00
2.565180063247680664e+00
4.516336441040039062e+00
5.155070781707763672e+00
1.051471948623657227e+00
6.106811165809631348e-01
1.927516579627990723e+00
1.560273408889770508e+00
4.138261318206787109e+00
2.652040004730224609e+00
2.840816020965576172e+00
2.923351764678955078e+00
2.409621953964233398e+00
6.513289213180541992e-01
5.359045863151550293e-01
8.727632761001586914e-01
1.622697830200195312e+00
1.562360286712646484e+00
1.261392831802368164e+00
5.603001117706298828e-01
1.637022137641906738e+00
1.926499366760253906e+00
2.235059976577758789e+00
2.576875686645507812e+00
2.474942922592163086e+00
2.595568418502807617e+00
2.421414852142333984e+00
1.942425012588500977e+00
2.588555574417114258e+00
2.395092248916625977e+00
2.341052055358886719e+00
2.763684749603271484e+00
2.975899934768676758e+00
4.910975933074951172e+00
5.447932720184326172e+00
1.482578396797180176e+00
9.215815067291259766e-01
1.920805096626281738e+00
1.438746571540832520e+00
4.262123107910156250e+00
2.604728221893310547e+00
2.719589948654174805e+00
2.792156457901000977e+00
2.245465278625488281e+00
3.668846786022186279e-01
8.806293010711669922e-01
1.440197944641113281e+00
1.245718359947204590e+00
1.239790081977844238e+00
6.740981936454772949e-01
7.296303510665893555e-01
1.314664006233215332e+00
1.444959759712219238e+00
1.797040462493896484e+00
1.601312041282653809e+00
1.856723427772521973e+00
1.735324621200561523e+00
1.795630097389221191e+00
2.064522504806518555e+00
1.971149325370788574e+00
1.741656064987182617e+00
2.447109937667846680e+00
2.789035797119140625e+00
6.158154010772705078e+00
6.622169494628906250e+00
2.400622606277465820e+00
2.158025264739990234e+00
2.424388647079467773e+00
2.091649770736694336e+00
5.446703433990478516e+00
3.057174444198608398e+00
2.766036272048950195e+00
2.596107482910156250e+00
2.092120409011840820e+00
3.098307549953460693e-01
1.055328130722045898e+00
1.104831099510192871e+00
7.137601375579833984e-01
8.407067656517028809e-01
1.047486662864685059e+00
1.138695955276489258e+00
1.488341808319091797e+00
1.905626773834228516e+00
1.869551062583923340e+00
2.186439037322998047e+00
2.116419315338134766e+00
1.824322223663330078e+00
2.229083776473999023e+00
2.035747051239013672e+00
1.767049074172973633e+00
2.329072475433349609e+00
2.706400394439697266e+00
5.313917636871337891e+00
5.719129085540771484e+00
1.780466198921203613e+00
1.343985319137573242e+00
1.585839152336120605e+00
1.164645075798034668e+00
4.545090675354003906e+00
2.189878702163696289e+00
2.015670061111450195e+00
2.102342844009399414e+00
1.535435676574707031e+00
6.318305730819702148e-01
9.047742486000061035e-01
3.191830217838287354e-01
1.296384453773498535e+00
1.139877200126647949e+00
6.950894594192504883e-01
1.282089591026306152e+00
1.713038206100463867e+00
1.792356967926025391e+00
2.287500381469726562e+00
2.360596656799316406e+00
1.902333855628967285e+00
2.105094432830810547e+00
1.865016579627990723e+00
1.563417911529541016e+00
2.065141201019287109e+00
2.489784717559814453e+00
5.266305923461914062e+00
5.685809612274169922e+00
1.598428726196289062e+00
1.247849106788635254e+00
1.342935085296630859e+00
1.197880864143371582e+00
4.608635902404785156e+00
1.934352755546569824e+00
1.793133020401000977e+00
1.608606457710266113e+00
1.209913849830627441e+00
2.659650146961212158e-01
3.116309046745300293e-01
1.681149959564208984e+00
1.268270611763000488e+00
5.870380401611328125e-01
1.020154833793640137e+00
1.173795223236083984e+00
1.402414560317993164e+00
2.074842214584350586e+00
2.360999345779418945e+00
1.634282350540161133e+00
1.496288418769836426e+00
1.210252285003662109e+00
7.887223958969116211e-01
1.091880083084106445e+00
1.620365619659423828e+00
5.283683776855468750e+00
5.712452411651611328e+00
1.623785853385925293e+00
1.561835050582885742e+00
1.521286487579345703e+00
1.716703057289123535e+00
4.893194675445556641e+00
2.055349588394165039e+00
2.089735984802246094e+00
1.823096632957458496e+00
1.561427831649780273e+00
1.329611688852310181e-01
1.389594554901123047e+00
1.121540904045104980e+00
6.935929656028747559e-01
7.675063014030456543e-01
7.526556253433227539e-01
1.015533924102783203e+00
1.707811832427978516e+00
1.870962977409362793e+00
1.222439765930175781e+00
1.210369825363159180e+00
9.450662732124328613e-01
3.058428466320037842e-01
1.032859444618225098e+00
1.481321215629577637e+00
5.556962966918945312e+00
6.022494316101074219e+00
1.845432281494140625e+00
1.859601736068725586e+00
1.928521871566772461e+00
2.083501338958740234e+00
5.237914562225341797e+00
2.489073038101196289e+00
2.370967626571655273e+00
2.009254217147827148e+00
1.809728384017944336e+00
1.156709671020507812e+00
1.374507308006286621e+00
9.210796952247619629e-01
1.329705834388732910e+00
1.451882958412170410e+00
1.600986838340759277e+00
1.963420033454895020e+00
1.952835917472839355e+00
1.097684621810913086e+00
1.415174961090087891e+00
1.106841802597045898e+00
9.949213862419128418e-01
1.262531280517578125e+00
1.628417134284973145e+00
4.975833892822265625e+00
5.418209552764892578e+00
1.243076920509338379e+00
1.067041635513305664e+00
1.201853394508361816e+00
1.243361830711364746e+00
4.481776714324951172e+00
1.877738356590270996e+00
1.934995889663696289e+00
1.800308704376220703e+00
1.442107439041137695e+00
1.275169253349304199e+00
1.911519885063171387e+00
1.906669259071350098e+00
2.126340150833129883e+00
1.882475018501281738e+00
1.723299980163574219e+00
1.491786241531372070e+00
1.138075828552246094e+00
1.830903649330139160e+00
1.816023111343383789e+00
1.944709420204162598e+00
2.439249277114868164e+00
2.515393733978271484e+00
5.711681365966796875e+00
6.298816204071044922e+00
1.970371484756469727e+00
1.651560068130493164e+00
2.516105175018310547e+00
2.188641786575317383e+00
5.218473434448242188e+00
3.238355875015258789e+00
3.261187076568603516e+00
3.233921289443969727e+00
2.716389179229736328e+00
5.124217271804809570e-01
5.040981769561767578e-01
1.040494561195373535e+00
7.783576846122741699e-01
1.163579583168029785e+00
1.577097058296203613e+00
1.862061262130737305e+00
1.786085009574890137e+00
1.753029227256774902e+00
1.282022237777709961e+00
2.190320968627929688e+00
2.662268400192260742e+00
6.572374343872070312e+00
6.943299770355224609e+00
2.837893009185791016e+00
2.600445270538330078e+00
2.553463459014892578e+00
2.459040641784667969e+00
5.925957202911376953e+00
3.054767370223999023e+00
2.575384140014648438e+00
2.161415815353393555e+00
1.819653153419494629e+00
1.329108178615570068e-01
5.946557521820068359e-01
7.330005168914794922e-01
1.608109116554260254e+00
2.109027385711669922e+00
1.950919508934020996e+00
1.672549843788146973e+00
1.619633078575134277e+00
7.589629292488098145e-01
1.691354036331176758e+00
2.364085435867309570e+00
5.784874439239501953e+00
6.114041328430175781e+00
2.271620988845825195e+00
1.982785463333129883e+00
1.760681986808776855e+00
1.918990492820739746e+00
5.210894107818603516e+00
2.198973178863525391e+00
1.791690587997436523e+00
1.374627113342285156e+00
1.199153065681457520e+00
3.501750230789184570e-01
2.556423544883728027e-01
1.087247014045715332e+00
1.726231098175048828e+00
1.691447615623474121e+00
1.403373122215270996e+00
1.428176522254943848e+00
7.279651761054992676e-01
1.677310228347778320e+00
2.287231683731079102e+00
6.526494026184082031e+00
6.877340316772460938e+00
2.897049665451049805e+00
2.679925918579101562e+00
2.528085231781005859e+00
2.607311964035034180e+00
5.975265026092529297e+00
2.968249559402465820e+00
2.490596532821655273e+00
2.026102781295776367e+00
1.850546121597290039e+00
1.328409165143966675e-01
8.596733808517456055e-01
1.531481027603149414e+00
1.528660178184509277e+00
1.158157467842102051e+00
1.303668379783630371e+00
3.405588269233703613e-01
1.287660717964172363e+00
2.044712781906127930e+00
6.786364555358886719e+00
7.171660900115966797e+00
3.132998228073120117e+00
3.032167673110961914e+00
2.908743858337402344e+00
3.065398931503295898e+00
6.354947090148925781e+00
3.347487688064575195e+00
2.942906141281127930e+00
2.463081121444702148e+00
2.384461879730224609e+00
6.883025765419006348e-01
1.322688698768615723e+00
1.567677140235900879e+00
1.290713548660278320e+00
1.423336267471313477e+00
6.018602252006530762e-01
1.692793726921081543e+00
2.304540872573852539e+00
7.010457992553710938e+00
7.398367404937744141e+00
3.298200845718383789e+00
3.185201883316040039e+00
3.096879243850708008e+00
3.187891244888305664e+00
6.543053150177001953e+00
3.550231456756591797e+00
3.013023376464843750e+00
2.520194053649902344e+00
2.336532115936279297e+00
3.897653222084045410e-01
1.222360134124755859e+00
1.000261187553405762e+00
1.222779154777526855e+00
1.073828220367431641e+00
1.963335990905761719e+00
2.287074089050292969e+00
7.451818466186523438e+00
7.953218936920166016e+00
3.612729072570800781e+00
3.620145082473754883e+00
3.739430904388427734e+00
3.737873077392578125e+00
7.069510936737060547e+00
4.311358928680419922e+00
3.957937955856323242e+00
3.482595682144165039e+00
3.257455825805664062e+00
1.056535243988037109e+00
1.033988356590270996e+00
1.297430753707885742e+00
1.631942868232727051e+00
2.174209117889404297e+00
2.301194190979003906e+00
7.377055168151855469e+00
7.951707363128662109e+00
3.526835203170776367e+00
3.492429494857788086e+00
3.869158506393432617e+00
3.778517007827758789e+00
7.039930820465087891e+00
4.500600814819335938e+00
4.310667037963867188e+00
3.925897359848022461e+00
3.589705705642700195e+00
3.132711350917816162e-01
3.009847700595855713e-01
1.119418382644653320e+00
1.091830492019653320e+00
1.170953631401062012e+00
6.148105144500732422e+00
6.775965690612792969e+00
2.393324136734008789e+00
2.449491024017333984e+00
3.034270763397216797e+00
3.009410142898559570e+00
5.968135356903076172e+00
3.698473930358886719e+00
3.908647060394287109e+00
3.585418224334716797e+00
3.340551376342773438e+00
1.331113874912261963e-01
7.511839270591735840e-01
8.588998913764953613e-01
1.167140364646911621e+00
6.662301540374755859e+00
7.188627719879150391e+00
2.965889692306518555e+00
3.104590415954589844e+00
3.229778528213500977e+00
3.366331100463867188e+00
6.479782581329345703e+00
3.769655704498291016e+00
3.746683120727539062e+00
3.376323699951171875e+00
3.186321973800659180e+00
7.206285595893859863e-01
7.031418681144714355e-01
7.019971013069152832e-01
6.288438796997070312e+00
6.820015907287597656e+00
2.599041700363159180e+00
2.757041692733764648e+00
2.904532670974731445e+00
3.026899337768554688e+00
6.115975379943847656e+00
3.454849720001220703e+00
3.514956235885620117e+00
3.180589675903320312e+00
2.962705850601196289e+00
8.906648755073547363e-01
1.508810877799987793e+00
6.324983596801757812e+00
6.727111339569091797e+00
2.676222562789916992e+00
2.686467409133911133e+00
2.587535858154296875e+00
2.837412118911743164e+00
5.993213176727294922e+00
3.017150402069091797e+00
2.801975250244140625e+00
2.389749526977539062e+00
2.238201618194580078e+00
5.191354751586914062e-01
5.943202972412109375e+00
6.423076629638671875e+00
2.465664863586425781e+00
2.688360452651977539e+00
2.650459766387939453e+00
2.901427745819091797e+00
5.873099803924560547e+00
3.123453855514526367e+00
3.243614196777343750e+00
2.935221195220947266e+00
2.713869571685791016e+00
5.670799732208251953e+00
6.232305049896240234e+00
2.274123191833496094e+00
2.755370378494262695e+00
2.842570543289184570e+00
3.078147888183593750e+00
5.803483963012695312e+00
3.359431982040405273e+00
3.771997690200805664e+00
3.548100233078002930e+00
3.276005744934082031e+00
6.183511018753051758e-01
3.554097652435302734e+00
3.817399263381958008e+00
3.705446481704711914e+00
3.707174539566040039e+00
1.235502123832702637e+00
3.721548318862915039e+00
4.935111522674560547e+00
5.314079284667968750e+00
5.079924106597900391e+00
4.125599384307861328e+00
4.306149482727050781e+00
3.967473745346069336e+00
4.067680358886718750e+00
1.320933699607849121e+00
3.878111839294433594e+00
4.952532768249511719e+00
5.363232612609863281e+00
5.205226898193359375e+00
3.513098061084747314e-01
1.105882287025451660e+00
9.376140832901000977e-01
3.252815961837768555e+00
1.781497120857238770e+00
2.582610368728637695e+00
2.757179737091064453e+00
2.416077613830566406e+00
6.621714830398559570e-01
3.816090226173400879e-01
3.285688400268554688e+00
1.378286004066467285e+00
1.950898408889770508e+00
2.212760925292968750e+00
1.857759475708007812e+00
3.197281062602996826e-01
3.112709045410156250e+00
4.752256572246551514e-01
1.382830262184143066e+00
1.608298540115356445e+00
1.273038625717163086e+00
2.960864543914794922e+00
1.009497642517089844e+00
1.389705419540405273e+00
1.782467126846313477e+00
1.359229326248168945e+00
3.095081329345703125e+00
3.963551998138427734e+00
4.446554183959960938e+00
4.236222267150878906e+00
7.776860594749450684e-01
1.113400459289550781e+00
9.663032889366149902e-01
3.097275495529174805e-01
3.341772258281707764e-01
1.330107897520065308e-01
