7.599528431892395020e-01
4.738051593303680420e-01
1.155544757843017578e+00
2.303066730499267578e+00
1.505370259284973145e+00
1.244509816169738770e+00
1.298030734062194824e+00
1.730818033218383789e+00
1.673698663711547852e+00
1.868978023529052734e+00
2.198636531829833984e+00
2.316523790359497070e+00
2.282747983932495117e+00
1.718286991119384766e+00
1.272353887557983398e+00
1.574014782905578613e+00
1.884402394294738770e+00
1.172607779502868652e+00
7.994322180747985840e-01
1.871077895164489746e+00
2.168432712554931641e+00
2.437296628952026367e+00
2.800009489059448242e+00
1.024410367012023926e+00
1.786641836166381836e+00
5.840175747871398926e-01
2.285053253173828125e+00
1.309042572975158691e+00
3.351052761077880859e+00
9.181904196739196777e-01
1.496728658676147461e+00
2.088982105255126953e+00
2.338889122009277344e+00
2.668703317642211914e+00
3.426958322525024414e+00
3.891500711441040039e+00
2.733366012573242188e+00
3.899149894714355469e+00
3.936450242996215820e+00
3.363818168640136719e+00
3.169721603393554688e+00
2.812204599380493164e+00
1.884533405303955078e+00
2.144341945648193359e+00
3.074739456176757812e+00
3.383006572723388672e+00
3.260161161422729492e+00
3.835510015487670898e+00
3.223660469055175781e+00
2.770779132843017578e+00
2.838721036911010742e+00
2.940273761749267578e+00
2.584678173065185547e+00
3.076034784317016602e+00
3.588041543960571289e+00
3.545053720474243164e+00
3.985687494277954102e+00
2.796848773956298828e+00
3.110066175460815430e+00
3.360968589782714844e+00
3.533736228942871094e+00
3.768609285354614258e+00
4.187406063079833984e+00
3.854902029037475586e+00
3.262200593948364258e+00
2.113782405853271484e+00
2.692817449569702148e+00
2.606742620468139648e+00
3.090992212295532227e+00
3.209850311279296875e+00
3.471790552139282227e+00
3.516695499420166016e+00
3.718410253524780273e+00
3.850758552551269531e+00
3.928303480148315430e+00
3.718735218048095703e+00
3.664089202880859375e+00
4.013508319854736328e+00
3.805132150650024414e+00
3.941525697708129883e+00
5.582844257354736328e+00
3.052990436553955078e+00
2.501144647598266602e+00
3.539163827896118164e+00
4.384348869323730469e+00
4.135780811309814453e+00
3.898460626602172852e+00
1.040991067886352539e+00
2.200479745864868164e+00
3.044713973999023438e+00
2.217788934707641602e+00
1.350322484970092773e+00
1.471539855003356934e+00
1.987635135650634766e+00
1.859381437301635742e+00
2.295583248138427734e+00
2.630268573760986328e+00
2.283572196960449219e+00
2.168975591659545898e+00
1.469148516654968262e+00
9.981877207756042480e-01
2.430241346359252930e+00
2.748211860656738281e+00
1.008100271224975586e+00
8.300445675849914551e-01
2.713683605194091797e+00
2.961225986480712891e+00
3.296817302703857422e+00
3.536113739013671875e+00
5.670992732048034668e-01
1.927870631217956543e+00
1.259644389152526855e+00
3.020832538604736328e+00
1.127898931503295898e+00
4.180223464965820312e+00
1.412979960441589355e+00
2.190661430358886719e+00
2.751262903213500977e+00
2.934599876403808594e+00
3.266393899917602539e+00
3.699726819992065430e+00
4.223217487335205078e+00
2.785609483718872070e+00
4.624699592590332031e+00
4.623604774475097656e+00
3.659588813781738281e+00
3.659475326538085938e+00
3.395376443862915039e+00
2.673333644866943359e+00
2.961912155151367188e+00
3.814947605133056641e+00
4.151430606842041016e+00
4.116854190826416016e+00
4.262598991394042969e+00
4.013869762420654297e+00
3.599841833114624023e+00
3.592360258102416992e+00
3.254409790039062500e+00
3.133345842361450195e+00
3.634542703628540039e+00
4.228601932525634766e+00
4.232576847076416016e+00
4.611572742462158203e+00
2.836464166641235352e+00
3.620107889175415039e+00
3.834205150604248047e+00
3.765786409378051758e+00
3.853822469711303711e+00
4.159089088439941406e+00
3.820813655853271484e+00
3.098773241043090820e+00
2.733344793319702148e+00
3.453389644622802734e+00
3.471538305282592773e+00
3.849530696868896484e+00
2.970861196517944336e+00
3.185952425003051758e+00
3.239159107208251953e+00
3.542555809020996094e+00
3.608566761016845703e+00
3.746536016464233398e+00
3.980939149856567383e+00
4.161179065704345703e+00
4.481254100799560547e+00
4.123897075653076172e+00
3.838192939758300781e+00
6.335475921630859375e+00
3.317310810089111328e+00
3.053258895874023438e+00
4.062528610229492188e+00
4.834230422973632812e+00
4.499326229095458984e+00
4.129058837890625000e+00
1.024315237998962402e+00
1.765563249588012695e+00
1.279046535491943359e+00
1.369257330894470215e+00
1.727261662483215332e+00
2.149681568145751953e+00
1.612130522727966309e+00
1.392732977867126465e+00
1.448801755905151367e+00
2.008372306823730469e+00
2.131291389465332031e+00
1.268636107444763184e+00
9.168970584869384766e-01
8.439747691154479980e-01
1.147903442382812500e+00
1.497778296470642090e+00
1.130700349807739258e+00
1.693363785743713379e+00
1.928707242012023926e+00
2.174195051193237305e+00
2.530656099319458008e+00
1.739404916763305664e+00
2.599012613296508789e+00
1.435837745666503906e+00
3.026046276092529297e+00
2.147708415985107422e+00
3.949485778808593750e+00
1.616535305976867676e+00
2.044751167297363281e+00
2.682876348495483398e+00
2.985749959945678711e+00
3.323544263839721680e+00
4.220093727111816406e+00
4.619748115539550781e+00
2.512189626693725586e+00
4.257341384887695312e+00
4.247712135314941406e+00
3.377677202224731445e+00
3.015203952789306641e+00
2.711825370788574219e+00
2.354551553726196289e+00
2.304916381835937500e+00
2.977998495101928711e+00
3.341510295867919922e+00
3.594721078872680664e+00
3.820307731628417969e+00
3.670445919036865234e+00
3.192669868469238281e+00
3.237158536911010742e+00
2.680242776870727539e+00
3.078270673751831055e+00
3.542490959167480469e+00
4.121796131134033203e+00
4.174194335937500000e+00
4.670936107635498047e+00
3.533169031143188477e+00
3.808537721633911133e+00
4.095178127288818359e+00
4.411323547363281250e+00
4.664643764495849609e+00
5.080889701843261719e+00
4.756344318389892578e+00
4.153587818145751953e+00
2.745014190673828125e+00
3.345115184783935547e+00
3.170797109603881836e+00
3.702228307723999023e+00
4.048212051391601562e+00
4.305471420288085938e+00
4.378592967987060547e+00
4.562019824981689453e+00
4.701754570007324219e+00
4.813063144683837891e+00
4.572218894958496094e+00
4.404870510101318359e+00
4.774623870849609375e+00
4.633957386016845703e+00
4.771353721618652344e+00
4.838850975036621094e+00
2.472431182861328125e+00
2.082386255264282227e+00
3.185620784759521484e+00
3.883775949478149414e+00
3.743982553482055664e+00
3.159222126007080078e+00
1.059612154960632324e+00
1.009376406669616699e+00
1.579282164573669434e+00
2.029168128967285156e+00
2.287895202636718750e+00
1.762465238571166992e+00
1.422474026679992676e+00
1.608675599098205566e+00
2.373630046844482422e+00
2.559533357620239258e+00
1.984927535057067871e+00
1.810020685195922852e+00
7.971012592315673828e-01
1.004478096961975098e+00
2.249630451202392578e+00
1.865504980087280273e+00
7.143249511718750000e-01
1.196526646614074707e+00
1.123530507087707520e+00
1.774055123329162598e+00
2.540428638458251953e+00
2.961251497268676758e+00
1.844200491905212402e+00
2.848689556121826172e+00
2.857452154159545898e+00
3.473176956176757812e+00
1.827398896217346191e+00
1.897154808044433594e+00
2.448114156723022461e+00
2.866455316543579102e+00
3.179534912109375000e+00
4.292592048645019531e+00
4.565406322479248047e+00
2.701686143875122070e+00
3.656144380569458008e+00
3.605244636535644531e+00
3.238129854202270508e+00
2.586153030395507812e+00
2.163644790649414062e+00
2.028673887252807617e+00
1.500793695449829102e+00
2.113266944885253906e+00
2.477836132049560547e+00
2.804063081741333008e+00
3.429193973541259766e+00
2.974401712417602539e+00
2.569838762283325195e+00
2.727149724960327148e+00
2.546462297439575195e+00
2.933228731155395508e+00
3.236656904220581055e+00
3.760965108871459961e+00
3.781194686889648438e+00
4.357008934020996094e+00
3.690577745437622070e+00
3.749227762222290039e+00
4.075173377990722656e+00
4.593015670776367188e+00
4.906612396240234375e+00
5.355556964874267578e+00
5.116002559661865234e+00
4.619330406188964844e+00
2.678895711898803711e+00
2.951231241226196289e+00
2.611140489578247070e+00
3.202852249145507812e+00
4.468820095062255859e+00
4.743001937866210938e+00
4.850054740905761719e+00
4.915431022644042969e+00
5.227002620697021484e+00
5.199062347412109375e+00
4.690778255462646484e+00
4.282342910766601562e+00
4.655252933502197266e+00
4.599266052246093750e+00
5.023973941802978516e+00
4.362020969390869141e+00
2.524158477783203125e+00
1.775250196456909180e+00
2.684449195861816406e+00
3.525943994522094727e+00
3.457702636718750000e+00
3.294296979904174805e+00
7.017446756362915039e-01
1.765460252761840820e+00
2.407283306121826172e+00
2.525678396224975586e+00
1.735498666763305664e+00
8.136956691741943359e-01
7.806111574172973633e-01
1.896067619323730469e+00
2.162387132644653320e+00
1.813676595687866211e+00
2.049469709396362305e+00
1.105677962303161621e+00
1.058308124542236328e+00
2.663758993148803711e+00
2.451993703842163086e+00
3.564978539943695068e-01
3.668363690376281738e-01
2.830209732055664062e-01
7.713680267333984375e-01
3.668355703353881836e+00
4.029707908630371094e+00
2.890715122222900391e+00
3.613290548324584961e+00
3.894933700561523438e+00
4.339710235595703125e+00
2.966916799545288086e+00
2.984911918640136719e+00
3.472922563552856445e+00
3.896830558776855469e+00
4.182893276214599609e+00
5.243720531463623047e+00
5.539629936218261719e+00
2.093112707138061523e+00
3.559070348739624023e+00
3.219631433486938477e+00
2.681453466415405273e+00
1.764248132705688477e+00
1.458099365234375000e+00
2.422461509704589844e+00
1.652437567710876465e+00
1.276711821556091309e+00
1.651849031448364258e+00
2.783488273620605469e+00
2.808617591857910156e+00
3.138536453247070312e+00
2.803131580352783203e+00
2.848857164382934570e+00
1.625856637954711914e+00
3.013857364654541016e+00
3.402745485305786133e+00
3.958742856979370117e+00
4.163459777832031250e+00
4.739002704620361328e+00
4.791388511657714844e+00
4.234492778778076172e+00
4.574596881866455078e+00
5.340308189392089844e+00
5.749592781066894531e+00
6.258637428283691406e+00
5.975598335266113281e+00
5.586460590362548828e+00
3.214307546615600586e+00
3.413692951202392578e+00
3.227537870407104492e+00
3.644179821014404297e+00
5.552851200103759766e+00
5.831768512725830078e+00
5.882172107696533203e+00
5.956822395324707031e+00
6.302047729492187500e+00
6.182250499725341797e+00
5.434554576873779297e+00
4.809661388397216797e+00
5.069319248199462891e+00
5.365969657897949219e+00
5.998874664306640625e+00
3.180629968643188477e+00
1.369243621826171875e+00
6.828322410583496094e-01
1.398925781250000000e+00
2.199737548828125000e+00
2.251871347427368164e+00
2.058855295181274414e+00
7.817399501800537109e-01
1.427681446075439453e+00
1.628425598144531250e+00
8.096317648887634277e-01
3.062943220138549805e-01
9.301257729530334473e-01
1.167197704315185547e+00
1.384723067283630371e+00
1.383643388748168945e+00
1.320695877075195312e+00
1.233078718185424805e+00
1.416593909263610840e+00
1.683973550796508789e+00
1.479221463203430176e+00
5.070781111717224121e-01
2.950205504894256592e-01
6.953049302101135254e-01
7.831745147705078125e-01
2.783550739288330078e+00
3.234145879745483398e+00
1.959322690963745117e+00
2.958143949508666992e+00
2.934326171875000000e+00
4.030001640319824219e+00
2.294250965118408203e+00
2.545385837554931641e+00
3.101273298263549805e+00
3.445401668548583984e+00
3.753694772720336914e+00
4.616627216339111328e+00
5.052369594573974609e+00
1.309936046600341797e+00
3.212495565414428711e+00
2.980382442474365234e+00
1.956611871719360352e+00
1.259838938713073730e+00
1.027284502983093262e+00
1.771429181098937988e+00
1.337045669555664062e+00
1.377016663551330566e+00
1.789376497268676758e+00
2.654943943023681641e+00
2.236055135726928711e+00
2.863312005996704102e+00
2.417457818984985352e+00
2.384934902191162109e+00
9.668267965316772461e-01
2.269050121307373047e+00
2.759042739868164062e+00
3.391066074371337891e+00
3.607813358306884766e+00
4.164353847503662109e+00
4.169529438018798828e+00
3.422070980072021484e+00
3.747905254364013672e+00
4.453202724456787109e+00
4.868095874786376953e+00
5.395972251892089844e+00
5.023414611816406250e+00
4.621534824371337891e+00
2.358442068099975586e+00
2.832971572875976562e+00
2.776361465454101562e+00
3.167439222335815430e+00
4.708738327026367188e+00
4.985678195953369141e+00
4.967535495758056641e+00
5.134457111358642578e+00
5.353878974914550781e+00
5.299737453460693359e+00
4.621899127960205078e+00
4.058532238006591797e+00
4.345775127410888672e+00
4.669213771820068359e+00
5.242010116577148438e+00
3.900964498519897461e+00
1.138215780258178711e+00
3.987167477607727051e-01
1.394326925277709961e+00
2.236736774444580078e+00
1.999766349792480469e+00
2.052665710449218750e+00
3.790218234062194824e-01
6.784523725509643555e-01
2.832938730716705322e-01
1.039702177047729492e+00
1.687652945518493652e+00
1.230142593383789062e+00
1.057273149490356445e+00
9.776449799537658691e-01
7.115787863731384277e-01
1.953495621681213379e+00
2.228666067123413086e+00
3.085445165634155273e-01
3.863860964775085449e-01
1.236878871917724609e+00
1.416964650154113770e+00
1.735071420669555664e+00
1.874859452247619629e+00
2.098081827163696289e+00
2.663736343383789062e+00
1.462165951728820801e+00
2.474189043045043945e+00
2.078202486038208008e+00
3.890576124191284180e+00
2.008553266525268555e+00
2.560090303421020508e+00
3.022458314895629883e+00
3.252168655395507812e+00
3.543512344360351562e+00
4.134555816650390625e+00
4.695799827575683594e+00
1.457084298133850098e+00
2.920915842056274414e+00
2.845865249633789062e+00
1.867003917694091797e+00
1.855587244033813477e+00
1.514693498611450195e+00
1.337130069732666016e+00
1.348422050476074219e+00
2.011172056198120117e+00
2.349095582962036133e+00
2.561118602752685547e+00
2.384492874145507812e+00
2.514498949050903320e+00
2.139195680618286133e+00
1.997378587722778320e+00
1.646812200546264648e+00
1.615923404693603516e+00
2.149496078491210938e+00
2.791673898696899414e+00
3.020191669464111328e+00
3.484922409057617188e+00
3.787459850311279297e+00
2.631017446517944336e+00
2.904041767120361328e+00
3.635705232620239258e+00
4.074785232543945312e+00
4.609661102294921875e+00
4.107264041900634766e+00
3.701968193054199219e+00
1.643453001976013184e+00
2.339629650115966797e+00
2.520243644714355469e+00
2.758787155151367188e+00
3.986304998397827148e+00
4.245373725891113281e+00
4.117625236511230469e+00
4.423493862152099609e+00
4.467751026153564453e+00
4.472686290740966797e+00
3.859985351562500000e+00
3.316998481750488281e+00
3.569087028503417969e+00
4.029827594757080078e+00
4.612324714660644531e+00
5.103810310363769531e+00
2.040205955505371094e+00
1.563815712928771973e+00
2.356034278869628906e+00
3.279439449310302734e+00
2.911224603652954102e+00
3.007115364074707031e+00
2.881613373756408691e-01
4.987054169178009033e-01
1.686859250068664551e+00
2.335241317749023438e+00
1.522909879684448242e+00
1.225276231765747070e+00
1.375820279121398926e+00
1.054029345512390137e+00
2.520154714584350586e+00
2.808533191680908203e+00
3.433594107627868652e-01
5.501611828804016113e-01
1.796143412590026855e+00
2.013399839401245117e+00
2.320242166519165039e+00
2.421532869338989258e+00
1.941106796264648438e+00
2.275223493576049805e+00
1.126754164695739746e+00
2.070077180862426758e+00
1.729001045227050781e+00
3.647679567337036133e+00
1.797293782234191895e+00
2.500996589660644531e+00
2.863491296768188477e+00
2.986137151718139648e+00
3.273334503173828125e+00
3.678838729858398438e+00
4.302978992462158203e+00
1.707806468009948730e+00
2.771464109420776367e+00
2.734509468078613281e+00
2.088905096054077148e+00
2.235263824462890625e+00
1.823491811752319336e+00
1.133996963500976562e+00
1.527094006538391113e+00
2.371419429779052734e+00
2.653378009796142578e+00
2.492226123809814453e+00
2.604095935821533203e+00
2.301897287368774414e+00
1.977951526641845703e+00
1.823719143867492676e+00
2.116961717605590820e+00
1.280462384223937988e+00
1.800905704498291016e+00
2.426213264465332031e+00
2.600918054580688477e+00
2.999513387680053711e+00
3.410682201385498047e+00
2.071186065673828125e+00
2.319878578186035156e+00
3.014053106307983398e+00
3.461710929870605469e+00
4.026642322540283203e+00
3.533274412155151367e+00
3.157330989837646484e+00
1.138257622718811035e+00
1.911226153373718262e+00
2.200339317321777344e+00
2.405028581619262695e+00
3.565160036087036133e+00
3.827480077743530273e+00
3.653958320617675781e+00
3.942869901657104492e+00
4.037817001342773438e+00
3.961411952972412109e+00
3.255618810653686523e+00
2.755118370056152344e+00
3.029012680053710938e+00
3.483745813369750977e+00
4.078245162963867188e+00
5.741091728210449219e+00
2.613975048065185547e+00
2.196461439132690430e+00
2.839216947555541992e+00
3.813156604766845703e+00
3.387434959411621094e+00
3.528055906295776367e+00
6.473616957664489746e-01
1.916050553321838379e+00
2.586255550384521484e+00
1.690708398818969727e+00
1.360926985740661621e+00
1.688835978507995605e+00
1.486545205116271973e+00
2.845133543014526367e+00
3.103787183761596680e+00
8.194295763969421387e-01
1.034306764602661133e+00
1.862175107002258301e+00
2.027700662612915039e+00
2.315470933914184570e+00
2.333293199539184570e+00
2.390462875366210938e+00
2.475269317626953125e+00
1.328028082847595215e+00
2.074481725692749023e+00
2.082300424575805664e+00
3.674103736877441406e+00
2.096872329711914062e+00
2.659107685089111328e+00
3.037012100219726562e+00
3.145085573196411133e+00
3.416697740554809570e+00
3.750337123870849609e+00
4.390078067779541016e+00
1.745748162269592285e+00
2.425100803375244141e+00
2.369436502456665039e+00
1.717503786087036133e+00
2.010462522506713867e+00
1.512499451637268066e+00
9.824753999710083008e-01
1.295966625213623047e+00
2.080732107162475586e+00
2.336536884307861328e+00
2.200509548187255859e+00
2.227619647979736328e+00
2.018996953964233398e+00
1.720674395561218262e+00
1.516770958900451660e+00
2.036796569824218750e+00
1.013293385505676270e+00
1.532183766365051270e+00
2.157989978790283203e+00
2.390807628631591797e+00
2.787286520004272461e+00
3.583811998367309570e+00
1.879879355430603027e+00
2.104929208755493164e+00
2.917905807495117188e+00
3.417031764984130859e+00
4.013857841491699219e+00
3.463059663772583008e+00
3.107435464859008789e+00
1.029163837432861328e+00
1.760334491729736328e+00
2.029067993164062500e+00
2.232501745223999023e+00
3.709160327911376953e+00
3.966944694519042969e+00
3.733620643615722656e+00
4.040812492370605469e+00
4.102515220642089844e+00
4.012276649475097656e+00
3.150702476501464844e+00
2.578833818435668945e+00
2.815174102783203125e+00
3.415088176727294922e+00
4.132333278656005859e+00
5.760202884674072266e+00
2.682089805603027344e+00
2.269718647003173828e+00
2.683223009109497070e+00
3.711658716201782227e+00
3.247388601303100586e+00
3.571324586868286133e+00
9.492136240005493164e-01
1.621920585632324219e+00
9.126480221748352051e-01
6.749463677406311035e-01
9.757264256477355957e-01
1.009526371955871582e+00
2.047023534774780273e+00
2.311493873596191406e+00
7.260078191757202148e-01
8.639747500419616699e-01
1.283249735832214355e+00
1.350620627403259277e+00
1.686190962791442871e+00
1.717972993850708008e+00
2.536545753479003906e+00
2.986033439636230469e+00
1.815374374389648438e+00
2.682476520538330078e+00
2.453201055526733398e+00
4.112287998199462891e+00
2.391274213790893555e+00
2.866454124450683594e+00
3.334022760391235352e+00
3.571220636367797852e+00
3.852200269699096680e+00
4.424038410186767578e+00
4.989851474761962891e+00
1.044233202934265137e+00
2.802244901657104492e+00
2.699699163436889648e+00
1.592235565185546875e+00
1.568837523460388184e+00
1.284184336662292480e+00
1.416793704032897949e+00
1.301089525222778320e+00
1.834980607032775879e+00
2.172128677368164062e+00
2.495863914489746094e+00
2.116154909133911133e+00
2.471656799316406250e+00
2.120039224624633789e+00
1.942483425140380859e+00
1.313581228256225586e+00
1.521086931228637695e+00
2.093993186950683594e+00
2.750442266464233398e+00
3.025079250335693359e+00
3.493396282196044922e+00
4.133522510528564453e+00
2.689846515655517578e+00
2.952354431152343750e+00
3.753297567367553711e+00
4.212372303009033203e+00
4.781385898590087891e+00
4.247903347015380859e+00
3.879771232604980469e+00
1.745352625846862793e+00
2.397499322891235352e+00
2.565274953842163086e+00
2.798235654830932617e+00
4.288862705230712891e+00
4.547575473785400391e+00
4.376144886016845703e+00
4.691828727722167969e+00
4.738603591918945312e+00
4.700921535491943359e+00
4.013261318206787109e+00
3.382429838180541992e+00
3.596479177474975586e+00
4.213335990905761719e+00
4.851824760437011719e+00
4.998704910278320312e+00
1.793494105339050293e+00
1.426954030990600586e+00
2.077887773513793945e+00
3.007665634155273438e+00
2.595153570175170898e+00
2.770017862319946289e+00
4.121322333812713623e-01
9.218109250068664551e-01
1.208667039871215820e+00
9.390351772308349609e-01
1.155315518379211426e+00
1.181993246078491211e+00
1.378465175628662109e+00
1.770743012428283691e+00
1.591260433197021484e+00
9.320940971374511719e-01
4.881589710712432861e-01
9.596752524375915527e-01
9.252387881278991699e-01
3.111054658889770508e+00
3.720585584640502930e+00
2.411845445632934570e+00
3.540592193603515625e+00
3.277511358261108398e+00
4.656141757965087891e+00
2.825533151626586914e+00
3.147964715957641602e+00
3.706034183502197266e+00
4.049720764160156250e+00
4.363300800323486328e+00
5.189691543579101562e+00
5.656463623046875000e+00
1.146736621856689453e+00
3.532539367675781250e+00
3.188035488128662109e+00
2.060952425003051758e+00
1.361392617225646973e+00
1.208499550819396973e+00
2.306537151336669922e+00
1.805362462997436523e+00
1.623970866203308105e+00
1.964131712913513184e+00
2.958598136901855469e+00
2.330679178237915039e+00
3.303400039672851562e+00
2.900480031967163086e+00
2.821970701217651367e+00
8.755251169204711914e-01
2.631129264831542969e+00
3.164536237716674805e+00
3.804176092147827148e+00
4.078737735748291016e+00
4.614458560943603516e+00
4.722015380859375000e+00
3.843841791152954102e+00
4.146543502807617188e+00
4.896934509277343750e+00
5.323926925659179688e+00
5.861302852630615234e+00
5.430046558380126953e+00
5.024013996124267578e+00
2.821933746337890625e+00
3.365967035293579102e+00
3.371404170989990234e+00
3.711355447769165039e+00
5.165096759796142578e+00
5.436710834503173828e+00
5.393759727478027344e+00
5.611732482910156250e+00
5.760704994201660156e+00
5.744640350341796875e+00
5.099858283996582031e+00
4.514253616333007812e+00
4.758419990539550781e+00
5.209080696105957031e+00
5.760009288787841797e+00
3.837027549743652344e+00
7.134377360343933105e-01
3.062399327754974365e-01
1.328914403915405273e+00
2.084213495254516602e+00
1.840901613235473633e+00
1.635380387306213379e+00
1.201770067214965820e+00
1.506211400032043457e+00
1.047846436500549316e+00
1.487566709518432617e+00
1.041763544082641602e+00
1.115641832351684570e+00
2.352200746536254883e+00
2.099428653717041016e+00
1.284644007682800293e+00
1.028399467468261719e+00
1.309977531433105469e+00
1.411200404167175293e+00
3.492376327514648438e+00
4.184865951538085938e+00
2.884617805480957031e+00
4.075798511505126953e+00
3.756094932556152344e+00
5.068966865539550781e+00
3.191014051437377930e+00
3.490316152572631836e+00
4.058285236358642578e+00
4.425701618194580078e+00
4.746638774871826172e+00
5.667463302612304688e+00
6.080366611480712891e+00
1.472777247428894043e+00
4.204486846923828125e+00
3.901306867599487305e+00
2.635026931762695312e+00
1.887105941772460938e+00
1.894835114479064941e+00
2.872012138366699219e+00
2.356527328491210938e+00
2.251873970031738281e+00
2.537621974945068359e+00
3.600930452346801758e+00
2.899613857269287109e+00
3.892964839935302734e+00
3.464433670043945312e+00
3.421280622482299805e+00
1.296422958374023438e+00
3.266262054443359375e+00
3.786985635757446289e+00
4.425412654876708984e+00
4.675548553466796875e+00
5.233311653137207031e+00
5.132054805755615234e+00
4.486518383026123047e+00
4.806317329406738281e+00
5.518058776855468750e+00
5.921808242797851562e+00
6.438857078552246094e+00
6.037713527679443359e+00
5.591615676879882812e+00
3.446120262145996094e+00
3.936540126800537109e+00
3.879877805709838867e+00
4.264176368713378906e+00
5.649932861328125000e+00
5.920757293701171875e+00
5.926592826843261719e+00
6.117859363555908203e+00
6.283648014068603516e+00
6.293455600738525391e+00
5.713167667388916016e+00
5.144597053527832031e+00
5.399998188018798828e+00
5.782471656799316406e+00
6.276056289672851562e+00
3.570813655853271484e+00
5.531982779502868652e-01
3.041144311428070068e-01
1.621824145317077637e+00
2.070665359497070312e+00
1.934257268905639648e+00
1.138108611106872559e+00
1.335422545671463013e-01
6.779505610466003418e-01
9.413796067237854004e-01
2.236691951751708984e+00
2.483679294586181641e+00
1.510804414749145508e+00
1.352043986320495605e+00
1.896213531494140625e+00
1.500218749046325684e+00
1.974559903144836426e+00
1.822870850563049316e+00
3.273502826690673828e+00
3.961237430572509766e+00
2.714421749114990234e+00
3.856776237487792969e+00
3.350292444229125977e+00
5.236390590667724609e+00
3.244726419448852539e+00
3.804472208023071289e+00
4.307680606842041016e+00
4.571390151977539062e+00
4.878485202789306641e+00
5.498288154602050781e+00
6.062686920166015625e+00
3.423983454704284668e-01
3.723703622817993164e+00
3.397806406021118164e+00
1.693516254425048828e+00
1.625666975975036621e+00
1.717940092086791992e+00
2.620305299758911133e+00
2.321304798126220703e+00
2.281799077987670898e+00
2.613624572753906250e+00
3.367712259292602539e+00
2.162242412567138672e+00
3.574205875396728516e+00
3.255751132965087891e+00
3.046791076660156250e+00
8.830350041389465332e-01
2.547594547271728516e+00
3.175026893615722656e+00
3.832512378692626953e+00
4.141896724700927734e+00
4.618215560913085938e+00
5.090427875518798828e+00
3.822116136550903320e+00
3.977775335311889648e+00
4.846127033233642578e+00
5.301080703735351562e+00
5.861752986907958984e+00
5.297504901885986328e+00
4.937710285186767578e+00
2.934865474700927734e+00
3.605511426925659180e+00
3.770590543746948242e+00
4.003687858581542969e+00
5.297179698944091797e+00
5.549974918365478516e+00
5.394845962524414062e+00
5.735215187072753906e+00
5.726634502410888672e+00
5.746110916137695312e+00
5.119852542877197266e+00
4.528069019317626953e+00
4.691787242889404297e+00
5.368990898132324219e+00
5.923089027404785156e+00
4.639167785644531250e+00
1.039470911026000977e+00
9.668676853179931641e-01
1.779227614402770996e+00
2.405669212341308594e+00
1.940044045448303223e+00
1.748601913452148438e+00
7.220159173011779785e-01
9.578729271888732910e-01
2.477621316909790039e+00
2.733811855316162109e+00
1.231876373291015625e+00
1.172671556472778320e+00
2.077996730804443359e+00
1.780662655830383301e+00
2.239414930343627930e+00
2.120320320129394531e+00
3.084169149398803711e+00
3.763925313949584961e+00
2.608213901519775391e+00
3.715816259384155273e+00
3.079847335815429688e+00
5.202007770538330078e+00
3.142545461654663086e+00
3.831561088562011719e+00
4.296863555908203125e+00
4.517364025115966797e+00
4.815378665924072266e+00
5.303673744201660156e+00
5.922516822814941406e+00
5.376504659652709961e-01
3.580247879028320312e+00
3.364236354827880859e+00
1.636104822158813477e+00
1.811125397682189941e+00
1.882990121841430664e+00
2.505904197692871094e+00
2.318711757659912109e+00
2.426450967788696289e+00
2.823466062545776367e+00
3.333119153976440430e+00
2.230350494384765625e+00
3.428561210632324219e+00
3.140524864196777344e+00
2.896806478500366211e+00
1.229022502899169922e+00
2.292392492294311523e+00
2.930486202239990234e+00
3.579331874847412109e+00
3.883906126022338867e+00
4.312864303588867188e+00
4.930633544921875000e+00
3.521229743957519531e+00
3.639959812164306641e+00
4.504657268524169922e+00
4.961971282958984375e+00
5.525855541229248047e+00
4.937098026275634766e+00
4.583940029144287109e+00
2.720711469650268555e+00
3.395055055618286133e+00
3.612961053848266602e+00
3.824935913085937500e+00
5.016041755676269531e+00
5.263393402099609375e+00
5.075266361236572266e+00
5.440330028533935547e+00
5.403563976287841797e+00
5.418270111083984375e+00
4.793668270111083984e+00
4.229753971099853516e+00
4.364489078521728516e+00
5.101527690887451172e+00
5.636174201965332031e+00
5.012780189514160156e+00
1.433140277862548828e+00
1.317401647567749023e+00
2.150460481643676758e+00
2.856419801712036133e+00
2.392906427383422852e+00
2.147786140441894531e+00
1.333300024271011353e-01
1.616766571998596191e+00
1.898900628089904785e+00
1.162510395050048828e+00
8.109087944030761719e-01
1.972582817077636719e+00
1.799082159996032715e+00
2.205776214599609375e+00
2.267130613327026367e+00
2.560705900192260742e+00
3.476195812225341797e+00
2.252150058746337891e+00
3.726002931594848633e+00
2.769778728485107422e+00
5.057768821716308594e+00
2.727333307266235352e+00
3.382606267929077148e+00
3.956414461135864258e+00
4.196037292480468750e+00
4.518161296844482422e+00
5.145547389984130859e+00
5.699375152587890625e+00
1.294171094894409180e+00
4.214646339416503906e+00
4.084812164306640625e+00
2.524047851562500000e+00
2.473562955856323242e+00
2.388252735137939453e+00
2.715691804885864258e+00
2.580310106277465820e+00
2.881494283676147461e+00
3.279274702072143555e+00
3.885165691375732422e+00
3.102126121520996094e+00
3.891809463500976562e+00
3.511195182800292969e+00
3.367313861846923828e+00
1.819966316223144531e+00
2.873888969421386719e+00
3.469805240631103516e+00
4.117338180541992188e+00
4.377859115600585938e+00
4.781343936920166016e+00
4.588657379150390625e+00
3.878957748413085938e+00
4.050304412841796875e+00
4.707597732543945312e+00
5.071354389190673828e+00
5.571856498718261719e+00
5.066673755645751953e+00
4.590092182159423828e+00
2.968549489974975586e+00
3.713042736053466797e+00
3.863658905029296875e+00
4.147600650787353516e+00
4.786815166473388672e+00
5.036352157592773438e+00
4.963357448577880859e+00
5.278909683227539062e+00
5.269939899444580078e+00
5.362366676330566406e+00
4.982528686523437500e+00
4.574807643890380859e+00
4.803612709045410156e+00
5.214425563812255859e+00
5.517731189727783203e+00
4.755322933197021484e+00
1.554728865623474121e+00
1.279814124107360840e+00
2.549388170242309570e+00
3.153030157089233398e+00
2.874443292617797852e+00
2.262848138809204102e+00
1.739548087120056152e+00
2.066359043121337891e+00
6.792266964912414551e-01
3.654969930648803711e-01
1.933829069137573242e+00
1.996775746345520020e+00
2.346238613128662109e+00
2.490909576416015625e+00
2.045549392700195312e+00
3.019788503646850586e+00
1.868194699287414551e+00
3.428461551666259766e+00
2.206114053726196289e+00
4.691189765930175781e+00
2.319659709930419922e+00
2.943455219268798828e+00
3.541545629501342773e+00
3.785582065582275391e+00
4.112257957458496094e+00
4.725192070007324219e+00
5.313108921051025391e+00
1.498139619827270508e+00
4.175930976867675781e+00
4.084299087524414062e+00
2.656462192535400391e+00
2.564747333526611328e+00
2.451412916183471680e+00
2.511180877685546875e+00
2.455624341964721680e+00
2.932834148406982422e+00
3.337608575820922852e+00
3.780054807662963867e+00
3.226941823959350586e+00
3.764081954956054688e+00
3.368079423904418945e+00
3.253995656967163086e+00
1.987484097480773926e+00
2.823404788970947266e+00
3.358979701995849609e+00
4.003355503082275391e+00
4.205142498016357422e+00
4.568199157714843750e+00
4.144315242767333984e+00
3.624619722366333008e+00
3.732819795608520508e+00
4.203324317932128906e+00
4.527633666992187500e+00
5.005612373352050781e+00
4.475340366363525391e+00
3.979021310806274414e+00
2.718372583389282227e+00
3.486024618148803711e+00
3.596963405609130859e+00
3.932290315628051758e+00
4.223821640014648438e+00
4.460504531860351562e+00
4.357278347015380859e+00
4.717484474182128906e+00
4.713583946228027344e+00
4.765694141387939453e+00
4.501519203186035156e+00
4.260333061218261719e+00
4.529255867004394531e+00
4.780180454254150391e+00
4.973126888275146484e+00
5.241365432739257812e+00
1.962728500366210938e+00
1.725955247879028320e+00
2.829392194747924805e+00
3.524773836135864258e+00
3.173171997070312500e+00
2.776123762130737305e+00
1.336303502321243286e-01
2.545043945312500000e+00
2.207924604415893555e+00
1.096569538116455078e+00
1.466233849525451660e+00
1.350943088531494141e+00
1.965426683425903320e+00
2.976225137710571289e+00
3.652595996856689453e+00
2.521139383316040039e+00
3.765280246734619141e+00
3.413872480392456055e+00
4.384713172912597656e+00
2.520361900329589844e+00
2.727863788604736328e+00
3.286113262176513672e+00
3.694809675216674805e+00
4.017372131347656250e+00
5.109852790832519531e+00
5.395649909973144531e+00
2.657527446746826172e+00
4.448046684265136719e+00
4.283941745758056641e+00
3.533513307571411133e+00
2.834915637969970703e+00
2.523477792739868164e+00
2.877799034118652344e+00
2.342880249023437500e+00
2.521585941314697266e+00
2.916694879531860352e+00
3.657826185226440430e+00
3.815838813781738281e+00
3.870594739913940430e+00
3.454536199569702148e+00
3.558874130249023438e+00
2.506836414337158203e+00
3.608433008193969727e+00
4.024452209472656250e+00
4.607624530792236328e+00
4.695267677307128906e+00
5.271316528320312500e+00
4.426629066467285156e+00
4.560904979705810547e+00
4.880790710449218750e+00
5.392060279846191406e+00
5.704812526702880859e+00
6.150181770324707031e+00
5.866213321685791016e+00
5.330258846282958984e+00
3.467908859252929688e+00
3.867230892181396484e+00
3.573815345764160156e+00
4.140343666076660156e+00
5.135179042816162109e+00
5.399586677551269531e+00
5.525962829589843750e+00
5.628204345703125000e+00
5.882709503173828125e+00
5.931061267852783203e+00
5.529499053955078125e+00
5.156915187835693359e+00
5.505375862121582031e+00
5.503653049468994141e+00
5.792118549346923828e+00
3.924622535705566406e+00
2.128192663192749023e+00
1.660644412040710449e+00
2.639627456665039062e+00
3.351113557815551758e+00
3.328892946243286133e+00
2.763779878616333008e+00
2.866976022720336914e+00
2.531000852584838867e+00
1.102215528488159180e+00
1.476787686347961426e+00
1.294827222824096680e+00
1.929419517517089844e+00
3.301691532135009766e+00
3.936578989028930664e+00
2.796163320541381836e+00
3.973857879638671875e+00
3.714248895645141602e+00
4.476864814758300781e+00
2.800385713577270508e+00
2.878966093063354492e+00
3.433085680007934570e+00
3.865372896194458008e+00
4.171772956848144531e+00
5.328591346740722656e+00
5.563663959503173828e+00
2.874248981475830078e+00
4.568015098571777344e+00
4.361726284027099609e+00
3.710446834564208984e+00
2.896098375320434570e+00
2.578634023666381836e+00
3.076334714889526367e+00
2.404771566390991211e+00
2.504997968673706055e+00
2.906340122222900391e+00
3.745596885681152344e+00
3.917464256286621094e+00
3.959195613861083984e+00
3.594109058380126953e+00
3.721744060516357422e+00
2.647028446197509766e+00
3.815864086151123047e+00
4.213700294494628906e+00
4.787482738494873047e+00
4.870654582977294922e+00
5.456230640411376953e+00
4.651966571807861328e+00
4.789168834686279297e+00
5.113842010498046875e+00
5.643539428710937500e+00
5.956908226013183594e+00
6.400257587432861328e+00
6.136121749877929688e+00
5.605268478393554688e+00
3.699136495590209961e+00
4.047872066497802734e+00
3.714173078536987305e+00
4.293641567230224609e+00
5.430083751678466797e+00
5.697494506835937500e+00
5.818783760070800781e+00
5.910752773284912109e+00
6.179298400878906250e+00
6.206197261810302734e+00
5.765841007232666016e+00
5.372440338134765625e+00
5.719797611236572266e+00
5.718693733215332031e+00
6.057754039764404297e+00
3.568960666656494141e+00
2.110020399093627930e+00
1.720366358757019043e+00
2.497717857360839844e+00
3.139865398406982422e+00
3.270688772201538086e+00
2.672204017639160156e+00
1.330896466970443726e-01
2.201411008834838867e+00
2.390295028686523438e+00
2.713706254959106445e+00
2.829385519027709961e+00
1.675189614295959473e+00
2.457619428634643555e+00
1.444705605506896973e+00
2.767812728881835938e+00
1.643298268318176270e+00
4.267789363861083984e+00
1.937234520912170410e+00
2.779433488845825195e+00
3.266055822372436523e+00
3.409082651138305664e+00
3.725828647613525391e+00
4.119721889495849609e+00
4.758330821990966797e+00
1.836632013320922852e+00
3.636116266250610352e+00
3.569295644760131836e+00
2.500981092453002930e+00
2.681156873703002930e+00
2.400014877319335938e+00
1.965265870094299316e+00
2.205669879913330078e+00
2.947101593017578125e+00
3.270313978195190430e+00
3.341475248336791992e+00
3.127766370773315430e+00
3.194451570510864258e+00
2.847136259078979492e+00
2.704914808273315430e+00
2.354904651641845703e+00
2.139613389968872070e+00
2.642625570297241211e+00
3.306446552276611328e+00
3.481067180633544922e+00
3.834112167358398438e+00
3.609637022018432617e+00
2.859930038452148438e+00
3.029368400573730469e+00
3.524202585220336914e+00
3.851307868957519531e+00
4.339548110961914062e+00
3.805586338043212891e+00
3.331991195678710938e+00
1.991719841957092285e+00
2.782285213470458984e+00
3.046595096588134766e+00
3.265741586685180664e+00
3.635844945907592773e+00
3.875365734100341797e+00
3.735048055648803711e+00
4.102824687957763672e+00
4.037821292877197266e+00
4.125605583190917969e+00
3.824885845184326172e+00
3.529470682144165039e+00
3.807590961456298828e+00
4.110536575317382812e+00
4.347242832183837891e+00
5.976010799407958984e+00
2.677245140075683594e+00
2.434992313385009766e+00
3.192449331283569336e+00
4.071687221527099609e+00
3.640681505203247070e+00
3.579256534576416016e+00
1.972225189208984375e+00
2.209469318389892578e+00
2.541097164154052734e+00
2.744377136230468750e+00
1.640990376472473145e+00
2.332450866699218750e+00
1.137095808982849121e+00
2.620546579360961914e+00
1.674663782119750977e+00
4.009526252746582031e+00
1.644693255424499512e+00
2.416432142257690430e+00
2.933430194854736328e+00
3.125393867492675781e+00
3.433486938476562500e+00
3.977088928222656250e+00
4.554271697998046875e+00
1.784413933753967285e+00
3.689588785171508789e+00
3.651059865951538086e+00
2.654402732849121094e+00
2.732210874557495117e+00
2.420654773712158203e+00
1.862238049507141113e+00
2.077845573425292969e+00
2.896089076995849609e+00
3.212720155715942383e+00
3.270431518554687500e+00
3.278174161911010742e+00
3.172712326049804688e+00
2.777331113815307617e+00
2.698580741882324219e+00
2.310334205627441406e+00
2.251422882080078125e+00
2.767293930053710938e+00
3.387840747833251953e+00
3.514925003051757812e+00
3.914634704589843750e+00
3.472748279571533203e+00
2.934293508529663086e+00
3.149335145950317383e+00
3.567105531692504883e+00
3.903792142868041992e+00
4.396978378295898438e+00
3.923326492309570312e+00
3.438646078109741211e+00
1.991617918014526367e+00
2.758513212203979492e+00
2.898739814758300781e+00
3.209576129913330078e+00
3.646685361862182617e+00
3.902178525924682617e+00
3.813737869262695312e+00
4.117011547088623047e+00
4.144782066345214844e+00
4.199055671691894531e+00
3.827919244766235352e+00
3.583025455474853516e+00
3.896772623062133789e+00
4.053879261016845703e+00
4.340222358703613281e+00
5.794550418853759766e+00
2.502594709396362305e+00
2.275044679641723633e+00
3.165930747985839844e+00
3.978058338165283203e+00
3.577951192855834961e+00
3.388217687606811523e+00
1.330263167619705200e-01
3.326622843742370605e-01
6.796793937683105469e-01
3.147568702697753906e+00
3.409755706787109375e+00
2.249525547027587891e+00
2.952878236770629883e+00
3.286940813064575195e+00
3.757775306701660156e+00
2.460165262222290039e+00
2.455605745315551758e+00
2.956190347671508789e+00
3.381830215454101562e+00
3.654356002807617188e+00
4.666539669036865234e+00
4.999073028564453125e+00
2.000527620315551758e+00
2.961450815200805664e+00
2.719141960144042969e+00
2.245268106460571289e+00
1.455832839012145996e+00
1.041769266128540039e+00
1.695724844932556152e+00
1.057341694831848145e+00
1.070851802825927734e+00
1.473257541656494141e+00
2.274315595626831055e+00
2.350672245025634766e+00
2.582977533340454102e+00
2.175909280776977539e+00
2.204191446304321289e+00
1.561855673789978027e+00
2.332428932189941406e+00
2.706786632537841797e+00
3.281406879425048828e+00
3.497798681259155273e+00
4.070465087890625000e+00
4.224816322326660156e+00
3.475383758544921875e+00
3.812862396240234375e+00
4.587676048278808594e+00
5.019124031066894531e+00
5.550985336303710938e+00
5.224932193756103516e+00
4.843990325927734375e+00
2.438818454742431641e+00
2.732175111770629883e+00
2.602208852767944336e+00
3.012789726257324219e+00
4.925214767456054688e+00
5.205193519592285156e+00
5.200636386871337891e+00
5.316735744476318359e+00
5.606412887573242188e+00
5.501627445220947266e+00
4.702566146850585938e+00
4.071458816528320312e+00
4.350882530212402344e+00
4.690963745117187500e+00
5.363032817840576172e+00
3.724095582962036133e+00
1.727409124374389648e+00
8.687617778778076172e-01
1.582543730735778809e+00
2.517498016357421875e+00
2.390689373016357422e+00
2.552325725555419922e+00
1.332362890243530273e-01
3.164823949337005615e-01
3.462235689163208008e+00
3.753651618957519531e+00
2.579583406448364258e+00
3.262861251831054688e+00
3.603374958038330078e+00
4.164960384368896484e+00
2.806012153625488281e+00
2.833122014999389648e+00
3.400743246078491211e+00
3.783883333206176758e+00
4.069975852966308594e+00
5.003569126129150391e+00
5.381126880645751953e+00
1.604354977607727051e+00
3.070042610168457031e+00
2.717697620391845703e+00
1.996614694595336914e+00
1.033660531044006348e+00
7.746644020080566406e-01
1.926627159118652344e+00
1.264354705810546875e+00
1.011523842811584473e+00
1.339249491691589355e+00
2.391262054443359375e+00
2.093130588531494141e+00
2.800070762634277344e+00
2.391216039657592773e+00
2.393780231475830078e+00
1.011648654937744141e+00
2.411547660827636719e+00
2.846514463424682617e+00
3.445071458816528320e+00
3.701510429382324219e+00
4.273360252380371094e+00
4.570429325103759766e+00
3.704757928848266602e+00
4.041560173034667969e+00
4.874911785125732422e+00
5.324625968933105469e+00
5.867446899414062500e+00
5.524736881256103516e+00
5.144778728485107422e+00
2.696506023406982422e+00
2.967102050781250000e+00
2.867299556732177734e+00
3.237399101257324219e+00
5.265913486480712891e+00
5.545766830444335938e+00
5.530168533325195312e+00
5.655562400817871094e+00
5.936146736145019531e+00
5.828740119934082031e+00
4.987114906311035156e+00
4.307592868804931641e+00
4.545609951019287109e+00
4.989347934722900391e+00
5.698241233825683594e+00
3.520639657974243164e+00
1.149690151214599609e+00
2.987854182720184326e-01
9.701985716819763184e-01
1.843078017234802246e+00
1.694680690765380859e+00
1.945888042449951172e+00
3.137027919292449951e-01
3.755395650863647461e+00
3.902036190032958984e+00
2.871519565582275391e+00
3.343850374221801758e+00
3.939971446990966797e+00
3.985239505767822266e+00
2.904119729995727539e+00
2.803006649017333984e+00
3.261074781417846680e+00
3.685385227203369141e+00
3.949628591537475586e+00
5.006937980651855469e+00
5.280656337738037109e+00
2.057557106018066406e+00
3.160485506057739258e+00
2.794420957565307617e+00
2.325751304626464844e+00
1.320633053779602051e+00
9.998785853385925293e-01
2.087827205657958984e+00
1.297318577766418457e+00
8.501649498939514160e-01
1.218758702278137207e+00
2.367612838745117188e+00
2.349078655242919922e+00
2.739955425262451172e+00
2.424667119979858398e+00
2.483163356781005859e+00
1.464117050170898438e+00
2.628943204879760742e+00
3.016579866409301758e+00
3.585745096206665039e+00
3.831420183181762695e+00
4.405339241027832031e+00
4.603638648986816406e+00
3.905212402343750000e+00
4.243759632110595703e+00
5.122894763946533203e+00
5.544090270996093750e+00
6.056992053985595703e+00
5.803973197937011719e+00
5.427077770233154297e+00
2.933754205703735352e+00
3.086022138595581055e+00
2.913502693176269531e+00
3.277454376220703125e+00
5.434656620025634766e+00
5.713988304138183594e+00
5.752757072448730469e+00
5.801394462585449219e+00
6.144649028778076172e+00
5.993319511413574219e+00
5.176966190338134766e+00
4.496003150939941406e+00
4.720983505249023438e+00
5.077322483062744141e+00
5.792993068695068359e+00
3.154157400131225586e+00
1.442896604537963867e+00
6.148331761360168457e-01
9.965911507606506348e-01
1.874804019927978516e+00
1.900180816650390625e+00
2.091748952865600586e+00
4.067286968231201172e+00
4.260407447814941406e+00
3.143267631530761719e+00
3.597766637802124023e+00
4.159619808197021484e+00
4.477424144744873047e+00
3.380372047424316406e+00
3.320500850677490234e+00
3.872652769088745117e+00
4.253843784332275391e+00
4.518475055694580078e+00
5.423336982727050781e+00
5.794670581817626953e+00
1.719855666160583496e+00
2.900879144668579102e+00
2.392039775848388672e+00
1.819382429122924805e+00
6.962331533432006836e-01
4.723996520042419434e-01
2.146399497985839844e+00
1.353903174400329590e+00
6.309693455696105957e-01
8.927887678146362305e-01
2.187770605087280273e+00
1.754415392875671387e+00
2.773354053497314453e+00
2.455626249313354492e+00
2.413039922714233398e+00
1.015645861625671387e+00
2.447544574737548828e+00
2.862401247024536133e+00
3.426370143890380859e+00
3.719245910644531250e+00
4.312866210937500000e+00
5.050450801849365234e+00
3.873440980911254883e+00
4.202250480651855469e+00
5.190001487731933594e+00
5.684213161468505859e+00
6.252235412597656250e+00
5.896100044250488281e+00
5.523706436157226562e+00
2.978827476501464844e+00
3.132335186004638672e+00
3.087564468383789062e+00
3.360822439193725586e+00
5.770119667053222656e+00
6.049841403961181641e+00
6.000540256500244141e+00
6.126391410827636719e+00
6.419060707092285156e+00
6.267744064331054688e+00
5.270167827606201172e+00
4.473180294036865234e+00
4.619606971740722656e+00
5.284013271331787109e+00
6.125808715820312500e+00
3.281715154647827148e+00
1.317184686660766602e+00
4.779409170150756836e-01
6.422783732414245605e-01
1.649548411369323730e+00
1.514686107635498047e+00
2.004942655563354492e+00
1.132162928581237793e+00
8.754816651344299316e-01
2.397835969924926758e+00
5.602441430091857910e-01
3.443669557571411133e+00
7.445397377014160156e-01
1.566959619522094727e+00
2.034899473190307617e+00
2.160428285598754883e+00
2.498746633529663086e+00
2.907667875289916992e+00
3.428577899932861328e+00
3.669431686401367188e+00
4.560965061187744141e+00
4.629714488983154297e+00
4.228507995605468750e+00
4.251641750335693359e+00
3.805057048797607422e+00
2.612733364105224609e+00
3.123534917831420898e+00
4.191666126251220703e+00
4.426972389221191406e+00
4.022262096405029297e+00
4.730762481689453125e+00
3.845763444900512695e+00
3.467454433441162109e+00
3.529804944992065430e+00
4.059326648712158203e+00
3.060618162155151367e+00
3.497213363647460938e+00
4.011747837066650391e+00
3.852690696716308594e+00
4.140359401702880859e+00
2.071754693984985352e+00
3.206131458282470703e+00
3.417121887207031250e+00
3.147194623947143555e+00
3.212419033050537109e+00
3.503722906112670898e+00
3.252270698547363281e+00
2.521342515945434570e+00
2.516789436340332031e+00
3.006952285766601562e+00
3.050759553909301758e+00
3.416985034942626953e+00
2.297969579696655273e+00
2.537603139877319336e+00
2.627039909362792969e+00
2.858009576797485352e+00
2.929931879043579102e+00
3.115931510925292969e+00
3.320926427841186523e+00
3.633417367935180664e+00
3.955991744995117188e+00
3.413553953170776367e+00
3.143087387084960938e+00
7.000424385070800781e+00
4.254708290100097656e+00
3.784463167190551758e+00
4.745247840881347656e+00
5.638979434967041016e+00
5.321326255798339844e+00
5.122194290161132812e+00
1.048107504844665527e+00
1.311815857887268066e+00
9.544534087181091309e-01
2.279427289962768555e+00
8.806988596916198730e-01
1.262646317481994629e+00
1.260003685951232910e+00
1.063743352890014648e+00
1.412455201148986816e+00
1.519249200820922852e+00
2.172950506210327148e+00
4.208590507507324219e+00
3.959431171417236328e+00
4.112867832183837891e+00
4.287466526031494141e+00
4.407317638397216797e+00
3.815436601638793945e+00
2.278892755508422852e+00
2.979658842086791992e+00
4.111293315887451172e+00
4.266149997711181641e+00
3.425479173660278320e+00
4.691530227661132812e+00
3.171057939529418945e+00
2.882177352905273438e+00
2.996743679046630859e+00
4.465761184692382812e+00
2.669368505477905273e+00
2.967251062393188477e+00
3.294344186782836914e+00
2.920812368392944336e+00
3.128528118133544922e+00
1.020442485809326172e+00
2.362963914871215820e+00
2.496099710464477539e+00
1.840392589569091797e+00
1.830558776855468750e+00
2.067312240600585938e+00
1.946682214736938477e+00
1.246528506278991699e+00
1.919478535652160645e+00
2.078233957290649414e+00
2.154751062393188477e+00
2.459830284118652344e+00
1.025490164756774902e+00
1.300970554351806641e+00
1.339353561401367188e+00
1.479434967041015625e+00
1.724573850631713867e+00
1.731338620185852051e+00
2.005767345428466797e+00
2.635377645492553711e+00
2.916977882385253906e+00
2.002020359039306641e+00
1.726507663726806641e+00
7.424834728240966797e+00
4.861495018005371094e+00
4.250236034393310547e+00
4.955436229705810547e+00
6.010859012603759766e+00
5.680394649505615234e+00
5.796576976776123047e+00
1.297869920730590820e+00
8.295512795448303223e-01
2.679622888565063477e+00
5.029245615005493164e-01
1.328737139701843262e+00
1.728916525840759277e+00
1.762992024421691895e+00
2.078541040420532227e+00
2.518460035324096680e+00
3.105286598205566406e+00
3.007744312286376953e+00
3.242345094680786133e+00
3.320850610733032227e+00
3.188725471496582031e+00
3.321551799774169922e+00
2.777008771896362305e+00
1.392280459403991699e+00
2.078524589538574219e+00
3.176021575927734375e+00
3.378731489181518555e+00
2.787948608398437500e+00
3.630306720733642578e+00
2.543359041213989258e+00
2.207505941390991211e+00
2.237795352935791016e+00
3.244689464569091797e+00
1.760803103446960449e+00
2.184405565261840820e+00
2.676583051681518555e+00
2.556225061416625977e+00
2.900054216384887695e+00
2.145092487335205078e+00
2.009094953536987305e+00
2.214587688446044922e+00
2.360276460647583008e+00
2.660397768020629883e+00
3.148171424865722656e+00
2.801905632019042969e+00
2.349339246749877930e+00
1.180747866630554199e+00
1.777255177497863770e+00
1.847413182258605957e+00
2.163366556167602539e+00
2.469775676727294922e+00
2.747018337249755859e+00
2.699511528015136719e+00
2.870984554290771484e+00
3.108443021774291992e+00
3.021614789962768555e+00
2.540083408355712891e+00
2.478438377380371094e+00
2.826804876327514648e+00
2.681837558746337891e+00
3.005505323410034180e+00
6.270068645477294922e+00
3.565655231475830078e+00
2.984460592269897461e+00
3.828296899795532227e+00
4.804484367370605469e+00
4.485065460205078125e+00
4.489112854003906250e+00
2.128302335739135742e+00
1.520583748817443848e+00
1.583827257156372070e+00
1.611437320709228516e+00
1.550359487533569336e+00
1.344192504882812500e+00
1.526739001274108887e+00
1.810330152511596680e+00
2.344526052474975586e+00
3.900300502777099609e+00
2.220531225204467773e+00
2.475984811782836914e+00
3.326824903488159180e+00
3.594671249389648438e+00
2.913619995117187500e+00
1.282114505767822266e+00
2.087021589279174805e+00
3.073363065719604492e+00
3.130813598632812500e+00
1.851769685745239258e+00
3.587276220321655273e+00
1.461216092109680176e+00
1.272269845008850098e+00
1.462698698043823242e+00
3.950664043426513672e+00
1.590433478355407715e+00
1.568678259849548340e+00
1.605164289474487305e+00
1.020344376564025879e+00
1.398541688919067383e+00
1.853429436683654785e+00
1.263384342193603516e+00
1.465808629989624023e+00
1.779018282890319824e+00
2.169635772705078125e+00
2.676748991012573242e+00
2.557975530624389648e+00
2.257111549377441406e+00
7.298741340637207031e-01
3.109327256679534912e-01
5.797208547592163086e-01
5.474218726158142090e-01
2.477051496505737305e+00
2.729139804840087891e+00
2.616473674774169922e+00
2.632983446121215820e+00
2.934085845947265625e+00
2.677425861358642578e+00
1.640584349632263184e+00
1.355784416198730469e+00
1.726614832878112793e+00
1.466663479804992676e+00
2.477044343948364258e+00
6.879569530487060547e+00
4.537886619567871094e+00
3.828422307968139648e+00
4.171540737152099609e+00
5.323562622070312500e+00
4.984783649444580078e+00
5.488378047943115234e+00
3.386409044265747070e+00
9.487096667289733887e-01
1.823740959167480469e+00
2.158479452133178711e+00
2.158761739730834961e+00
2.509001016616821289e+00
2.653130769729614258e+00
3.290056228637695312e+00
3.663597583770751953e+00
4.246436595916748047e+00
4.343501567840576172e+00
4.036969184875488281e+00
4.203912258148193359e+00
3.722755670547485352e+00
2.461248874664306641e+00
3.077553272247314453e+00
4.158763408660888672e+00
4.383780002593994141e+00
3.862958669662475586e+00
4.560030937194824219e+00
3.592774391174316406e+00
3.280231714248657227e+00
3.298139810562133789e+00
4.061761379241943359e+00
2.687254190444946289e+00
3.070880174636840820e+00
3.616154909133911133e+00
3.456880092620849609e+00
3.674023628234863281e+00
1.997895359992980957e+00
2.627825736999511719e+00
2.795369863510131836e+00
2.450171470642089844e+00
2.532297134399414062e+00
2.869091510772705078e+00
2.485416412353515625e+00
1.801911473274230957e+00
2.181618452072143555e+00
2.705852270126342773e+00
2.858533620834350586e+00
3.093108415603637695e+00
1.935678720474243164e+00
2.163923025131225586e+00
2.081316232681274414e+00
2.434277534484863281e+00
2.367054462432861328e+00
2.520336627960205078e+00
2.694220542907714844e+00
3.056883573532104492e+00
3.332007169723510742e+00
2.868715047836303711e+00
2.704311132431030273e+00
7.284003734588623047e+00
4.381677627563476562e+00
3.923851013183593750e+00
4.762537002563476562e+00
5.716248035430908203e+00
5.342243671417236328e+00
5.299567222595214844e+00
2.289984941482543945e+00
1.772615313529968262e+00
1.394158959388732910e+00
1.098167419433593750e+00
8.776069879531860352e-01
1.210265517234802246e+00
1.418628692626953125e+00
5.340435981750488281e+00
3.479252576828002930e+00
3.765800237655639648e+00
4.813652992248535156e+00
4.830896854400634766e+00
4.157623767852783203e+00
2.526990890502929688e+00
2.895806312561035156e+00
4.123973369598388672e+00
4.102499485015869141e+00
2.861159801483154297e+00
4.976407527923583984e+00
2.543921232223510742e+00
2.425846815109252930e+00
2.737598896026611328e+00
5.214191913604736328e+00
3.272355556488037109e+00
3.182335853576660156e+00
3.094065904617309570e+00
2.335915803909301758e+00
2.674093723297119141e+00
1.535868525505065918e+00
2.901267290115356445e+00
3.024649381637573242e+00
2.901968717575073242e+00
3.015514850616455078e+00
3.298876047134399414e+00
3.547379255294799805e+00
3.357180356979370117e+00
2.449938058853149414e+00
1.927933096885681152e+00
1.684094309806823730e+00
1.898590564727783203e+00
2.841619253158569336e+00
3.164046287536621094e+00
3.187840461730957031e+00
2.809223413467407227e+00
3.265166521072387695e+00
3.005151033401489258e+00
2.701847076416015625e+00
2.808037757873535156e+00
3.117457866668701172e+00
1.955093741416931152e+00
2.484477758407592773e+00
7.320888519287109375e+00
5.689400672912597656e+00
4.864329338073730469e+00
5.256677627563476562e+00
6.346776485443115234e+00
6.151464939117431641e+00
6.571898460388183594e+00
4.991500079631805420e-01
9.448442459106445312e-01
1.186814308166503906e+00
1.519088268280029297e+00
2.410573005676269531e+00
2.789093732833862305e+00
3.578710317611694336e+00
3.833421230316162109e+00
3.965184211730957031e+00
3.871008872985839844e+00
3.763447284698486328e+00
3.252737760543823242e+00
1.924983024597167969e+00
2.381129741668701172e+00
3.472554206848144531e+00
3.654273748397827148e+00
3.093431472778320312e+00
4.269706726074218750e+00
3.026026725769042969e+00
2.609152317047119141e+00
2.792062520980834961e+00
3.743940830230712891e+00
2.585310935974121094e+00
2.992324113845825195e+00
3.404001951217651367e+00
3.128881216049194336e+00
3.531287908554077148e+00
1.732094287872314453e+00
2.776210069656372070e+00
2.993926525115966797e+00
2.912037611007690430e+00
3.050955295562744141e+00
3.405719518661499023e+00
3.223873853683471680e+00
2.597676992416381836e+00
1.957591056823730469e+00
2.191756963729858398e+00
2.045929670333862305e+00
2.598976373672485352e+00
2.356542110443115234e+00
2.624711513519287109e+00
2.744002103805541992e+00
2.854331493377685547e+00
3.114619731903076172e+00
3.148169994354248047e+00
3.000180244445800781e+00
3.160395622253417969e+00
3.523706912994384766e+00
3.001909017562866211e+00
3.022182464599609375e+00
6.335244178771972656e+00
4.006302356719970703e+00
3.326660156250000000e+00
4.188759803771972656e+00
5.164846420288085938e+00
4.918840408325195312e+00
4.888092517852783203e+00
4.449656605720520020e-01
7.840740680694580078e-01
1.110666871070861816e+00
2.223650932312011719e+00
2.423343658447265625e+00
4.111158370971679688e+00
3.677897691726684570e+00
3.847777128219604492e+00
4.072018146514892578e+00
3.836737155914306641e+00
3.276352405548095703e+00
1.978893518447875977e+00
2.135564088821411133e+00
3.335366487503051758e+00
3.433191537857055664e+00
2.807034969329833984e+00
4.331276893615722656e+00
2.722236156463623047e+00
2.372097969055175781e+00
2.633234024047851562e+00
3.985162734985351562e+00
2.844248056411743164e+00
3.092075109481811523e+00
3.399662494659423828e+00
2.993407726287841797e+00
3.488679647445678711e+00
1.434186220169067383e+00
3.091840267181396484e+00
3.315502405166625977e+00
3.260192632675170898e+00
3.317120552062988281e+00
3.595918416976928711e+00
3.638029098510742188e+00
3.058172941207885742e+00
2.266943454742431641e+00
2.150733470916748047e+00
1.800960898399353027e+00
2.465839147567749023e+00
2.496651411056518555e+00
2.782222032546997070e+00
2.954547405242919922e+00
2.859650135040283203e+00
3.283994913101196289e+00
3.237488269805908203e+00
3.254754304885864258e+00
3.366798877716064453e+00
3.752094507217407227e+00
3.063305854797363281e+00
3.002835988998413086e+00
6.167983055114746094e+00
4.276161670684814453e+00
3.489524364471435547e+00
4.262533187866210938e+00
5.213066101074218750e+00
5.033462047576904297e+00
5.144945621490478516e+00
1.330038309097290039e-01
4.303587079048156738e-01
1.616749405860900879e+00
1.755445241928100586e+00
4.530823707580566406e+00
3.921572208404541016e+00
4.122202873229980469e+00
4.495290756225585938e+00
4.341434001922607422e+00
3.752438068389892578e+00
2.339907884597778320e+00
2.578438520431518555e+00
3.814395427703857422e+00
3.895838975906372070e+00
3.095028638839721680e+00
4.762412071228027344e+00
2.943840026855468750e+00
2.636899232864379883e+00
2.895607709884643555e+00
4.513369083404541016e+00
3.103211164474487305e+00
3.304457664489746094e+00
3.544826030731201172e+00
3.013510704040527344e+00
3.448337078094482422e+00
8.454606533050537109e-01
3.104729652404785156e+00
3.304978847503662109e+00
2.937409400939941406e+00
2.944800615310668945e+00
3.201916933059692383e+00
3.368607282638549805e+00
2.861278057098388672e+00
2.424215555191040039e+00
2.169489860534667969e+00
1.883934497833251953e+00
2.507112026214599609e+00
2.140132665634155273e+00
2.472249031066894531e+00
2.642179489135742188e+00
2.400605916976928711e+00
2.880786895751953125e+00
2.794189453125000000e+00
2.891518592834472656e+00
3.250190496444702148e+00
3.606304407119750977e+00
2.598337411880493164e+00
2.511624574661254883e+00
6.717314720153808594e+00
4.838360309600830078e+00
4.055940628051757812e+00
4.732295036315917969e+00
5.768293380737304688e+00
5.574731349945068359e+00
5.715642929077148438e+00
1.331421732902526855e-01
1.175328493118286133e+00
1.359940409660339355e+00
4.786868095397949219e+00
3.935713768005371094e+00
4.164083003997802734e+00
4.707266330718994141e+00
4.646258831024169922e+00
4.037457466125488281e+00
2.535368204116821289e+00
2.938035726547241211e+00
4.135253429412841797e+00
4.217819213867187500e+00
3.216604948043823242e+00
4.986830711364746094e+00
3.002352952957153320e+00
2.742351770401000977e+00
2.967708587646484375e+00
4.819884777069091797e+00
3.136053800582885742e+00
3.276902198791503906e+00
3.436199665069580078e+00
2.799199581146240234e+00
3.140584945678710938e+00
4.363442659378051758e-01
2.861300706863403320e+00
3.042476415634155273e+00
2.535339355468750000e+00
2.500036001205444336e+00
2.749406576156616211e+00
2.950430393218994141e+00
2.479542493820190430e+00
2.345121622085571289e+00
2.037924289703369141e+00
1.872646808624267578e+00
2.303379535675048828e+00
1.735126376152038574e+00
2.076104879379272461e+00
2.246051073074340820e+00
1.975550532341003418e+00
2.463707208633422852e+00
2.362131595611572266e+00
2.491873979568481445e+00
2.946451425552368164e+00
3.292793035507202148e+00
2.191326618194580078e+00
2.070032835006713867e+00
7.167396068572998047e+00
5.186385631561279297e+00
4.420412063598632812e+00
5.080275058746337891e+00
6.137576103210449219e+00
5.913432121276855469e+00
6.079449176788330078e+00
9.592841267585754395e-01
1.135298967361450195e+00
5.076084613800048828e+00
4.099267005920410156e+00
4.346564769744873047e+00
4.929392337799072266e+00
4.895923614501953125e+00
4.272723674774169922e+00
2.756162166595458984e+00
3.149978399276733398e+00
4.353121280670166016e+00
4.420172214508056641e+00
3.405307769775390625e+00
5.208106040954589844e+00
3.172710180282592773e+00
2.936865806579589844e+00
3.174988269805908203e+00
5.101338386535644531e+00
3.361051797866821289e+00
3.472992658615112305e+00
3.569836378097534180e+00
2.896918058395385742e+00
3.195452213287353516e+00
5.592690706253051758e-01
2.974478483200073242e+00
3.128733634948730469e+00
2.593059301376342773e+00
2.530937194824218750e+00
2.746337890625000000e+00
3.048725605010986328e+00
2.654536485671997070e+00
2.548293352127075195e+00
2.205775737762451172e+00
2.064657688140869141e+00
2.409720420837402344e+00
1.938466548919677734e+00
2.270347595214843750e+00
2.366751194000244141e+00
2.044600486755371094e+00
2.525125741958618164e+00
2.361230134963989258e+00
2.512414693832397461e+00
3.001976251602172852e+00
3.328263044357299805e+00
2.124083280563354492e+00
1.991670250892639160e+00
7.425538063049316406e+00
5.491253852844238281e+00
4.717000007629394531e+00
5.335842609405517578e+00
6.406323432922363281e+00
6.181338310241699219e+00
6.386950492858886719e+00
1.329141855239868164e-01
5.639958381652832031e+00
4.357756137847900391e+00
4.635709762573242188e+00
5.344969272613525391e+00
5.563609123229980469e+00
4.905858516693115234e+00
3.283354043960571289e+00
3.977205038070678711e+00
5.087724685668945312e+00
5.162358760833740234e+00
3.961176872253417969e+00
5.673029899597167969e+00
3.627712249755859375e+00
3.423861742019653320e+00
3.615129709243774414e+00
5.784276485443115234e+00
3.496253013610839844e+00
3.608012199401855469e+00
3.617408990859985352e+00
2.973824262619018555e+00
3.022293090820312500e+00
7.841379046440124512e-01
2.731721639633178711e+00
2.775572538375854492e+00
1.836428761482238770e+00
1.575682401657104492e+00
1.675399422645568848e+00
2.181155204772949219e+00
1.845422625541687012e+00
2.678601264953613281e+00
2.467175722122192383e+00
2.559117794036865234e+00
2.572561502456665039e+00
1.190704941749572754e+00
1.461295366287231445e+00
1.430626034736633301e+00
9.944198131561279297e-01
1.426076173782348633e+00
1.193552374839782715e+00
1.768052935600280762e+00
2.573739290237426758e+00
2.883901357650756836e+00
1.372971296310424805e+00
7.543579339981079102e-01
8.521203041076660156e+00
6.289824485778808594e+00
5.586598396301269531e+00
6.115505218505859375e+00
7.233667850494384766e+00
6.917373180389404297e+00
7.235054492950439453e+00
6.221176147460937500e+00
4.798357486724853516e+00
5.091566562652587891e+00
5.917813301086425781e+00
6.050254821777343750e+00
5.392335414886474609e+00
3.765632390975952148e+00
4.321406841278076172e+00
5.493758201599121094e+00
5.538679599761962891e+00
4.325177192687988281e+00
6.203373432159423828e+00
4.028826713562011719e+00
3.838233470916748047e+00
4.054053783416748047e+00
6.300508499145507812e+00
4.131706714630126953e+00
4.199085235595703125e+00
4.142854690551757812e+00
3.428900480270385742e+00
3.528356790542602539e+00
1.013377428054809570e+00
3.418103218078613281e+00
3.451329708099365234e+00
2.574349164962768555e+00
2.246251106262207031e+00
2.125305652618408203e+00
2.883163213729858398e+00
2.591778993606567383e+00
3.289381504058837891e+00
2.962989330291748047e+00
2.946516752243041992e+00
3.012455463409423828e+00
1.712656736373901367e+00
2.044551610946655273e+00
2.086587429046630859e+00
1.451478838920593262e+00
1.950486183166503906e+00
1.753400802612304688e+00
2.469309329986572266e+00
3.202712059020996094e+00
3.513384342193603516e+00
1.950522780418395996e+00
1.066746830940246582e+00
8.767455101013183594e+00
6.770900726318359375e+00
6.014358043670654297e+00
6.548428535461425781e+00
7.657479763031005859e+00
7.391330718994140625e+00
7.689164161682128906e+00
3.176182746887207031e+00
2.764827728271484375e+00
9.410491585731506348e-01
1.160509943962097168e+00
1.419091820716857910e+00
2.527460575103759766e+00
2.201838016510009766e+00
1.920864343643188477e+00
2.223300933837890625e+00
2.881068229675292969e+00
1.422547936439514160e+00
3.224049091339111328e+00
3.007260084152221680e+00
2.723575830459594727e+00
6.691585779190063477e-01
2.140426158905029297e+00
2.760514974594116211e+00
3.377882242202758789e+00
3.710406303405761719e+00
4.198480129241943359e+00
5.330465316772460938e+00
3.580837965011596680e+00
3.713979959487915039e+00
4.855250358581542969e+00
5.364007472991943359e+00
5.957391262054443359e+00
5.391471385955810547e+00
5.034555435180664062e+00
2.872529745101928711e+00
3.429321050643920898e+00
3.587451457977294922e+00
3.780786991119384766e+00
5.525867462158203125e+00
5.783985137939453125e+00
5.598506450653076172e+00
5.922859668731689453e+00
6.040410995483398438e+00
5.911642074584960938e+00
5.072312831878662109e+00
4.266457080841064453e+00
4.310883045196533203e+00
5.355087757110595703e+00
6.065964221954345703e+00
4.661088943481445312e+00
1.127929210662841797e+00
1.150770187377929688e+00
1.462602138519287109e+00
2.222533464431762695e+00
1.660152792930603027e+00
1.670456171035766602e+00
1.330118775367736816e-01
2.034348249435424805e+00
2.465629816055297852e+00
1.978111863136291504e+00
1.464962482452392578e+00
1.849825978279113770e+00
1.987580537796020508e+00
1.914037108421325684e+00
8.090935349464416504e-01
1.963246583938598633e+00
6.576719284057617188e-01
1.151086926460266113e+00
7.230889201164245605e-01
3.160550117492675781e+00
1.186987638473510742e+00
7.771439552307128906e-01
7.507038116455078125e-01
9.694989919662475586e-01
1.452602028846740723e+00
4.579073905944824219e+00
1.745479106903076172e+00
1.918796181678771973e+00
3.304864406585693359e+00
3.944088220596313477e+00
4.571289539337158203e+00
4.085013389587402344e+00
3.934721469879150391e+00
1.867779493331909180e+00
1.483747005462646484e+00
1.456482410430908203e+00
1.377274751663208008e+00
5.024219512939453125e+00
5.245938301086425781e+00
4.919601440429687500e+00
5.077661514282226562e+00
5.210686206817626953e+00
4.887641906738281250e+00
3.166393995285034180e+00
2.038743972778320312e+00
1.742285609245300293e+00
3.351760149002075195e+00
4.778021335601806641e+00
6.037772178649902344e+00
4.032174587249755859e+00
3.415120124816894531e+00
3.029457807540893555e+00
4.034378528594970703e+00
3.729662179946899414e+00
4.697245597839355469e+00
1.611575603485107422e+00
1.864620089530944824e+00
1.627294778823852539e+00
1.614444971084594727e+00
1.791243791580200195e+00
1.531789064407348633e+00
1.338639497756958008e+00
5.853441357612609863e-01
1.256795644760131836e+00
8.772544860839843750e-01
1.360250473022460938e+00
8.939567804336547852e-01
2.607722997665405273e+00
1.201833128929138184e+00
9.884088039398193359e-01
1.135898828506469727e+00
1.359508752822875977e+00
1.901214957237243652e+00
4.816635131835937500e+00
2.123815774917602539e+00
2.264122486114501953e+00
3.685437917709350586e+00
4.322531700134277344e+00
4.950929164886474609e+00
4.435894489288330078e+00
4.288897991180419922e+00
2.041954278945922852e+00
1.700012207031250000e+00
1.731205940246582031e+00
1.674784660339355469e+00
5.272080898284912109e+00
5.509582519531250000e+00
5.211093425750732422e+00
5.373851776123046875e+00
5.550065040588378906e+00
5.232870578765869141e+00
3.561535835266113281e+00
2.465357542037963867e+00
2.249243974685668945e+00
3.691535472869873047e+00
5.083748340606689453e+00
5.343121528625488281e+00
3.531000375747680664e+00
2.968762159347534180e+00
2.352151393890380859e+00
3.219501256942749023e+00
2.916273117065429688e+00
4.044658184051513672e+00
1.020112752914428711e+00
1.018507957458496094e+00
2.016716241836547852e+00
1.722008109092712402e+00
1.475685119628906250e+00
1.624078631401062012e+00
1.862347602844238281e+00
3.930700123310089111e-01
2.272110700607299805e+00
2.213405132293701172e+00
1.857380628585815430e+00
1.244890809059143066e+00
1.343425869941711426e+00
1.835426568984985352e+00
2.371625661849975586e+00
2.712189912796020508e+00
3.246134281158447266e+00
5.306143283843994141e+00
2.851947069168090820e+00
3.009658098220825195e+00
4.324069976806640625e+00
4.937720298767089844e+00
5.583281517028808594e+00
4.972251415252685547e+00
4.718135356903076172e+00
2.386869907379150391e+00
2.637477397918701172e+00
2.804319620132446289e+00
2.908015966415405273e+00
5.551873207092285156e+00
5.806366920471191406e+00
5.527006149291992188e+00
5.810819149017333984e+00
5.943764686584472656e+00
5.726627349853515625e+00
4.441218852996826172e+00
3.465364933013916016e+00
3.397860765457153320e+00
4.715045452117919922e+00
5.790333271026611328e+00
5.054879188537597656e+00
2.176102638244628906e+00
2.055117130279541016e+00
1.601377248764038086e+00
2.515222311019897461e+00
1.947734236717224121e+00
2.620946884155273438e+00
4.192463457584381104e-01
2.080333232879638672e+00
1.455305218696594238e+00
6.933007240295410156e-01
8.267615437507629395e-01
1.912785291671752930e+00
9.461088776588439941e-01
2.555434465408325195e+00
2.348468542098999023e+00
2.144856214523315430e+00
5.855688452720642090e-01
1.951395869255065918e+00
2.428147077560424805e+00
2.995021343231201172e+00
3.315412759780883789e+00
3.929347038269042969e+00
5.353875160217285156e+00
3.479130029678344727e+00
3.752417802810668945e+00
4.902909278869628906e+00
5.468865871429443359e+00
6.087193965911865234e+00
5.584428310394287109e+00
5.265459537506103516e+00
2.743898630142211914e+00
2.980624914169311523e+00
3.040086507797241211e+00
3.235675096511840820e+00
5.820861816406250000e+00
6.091911792755126953e+00
5.924337387084960938e+00
6.139842987060546875e+00
6.340097427368164062e+00
6.163519859313964844e+00
5.009823799133300781e+00
4.100193023681640625e+00
4.167453289031982422e+00
5.165000915527343750e+00
6.138105392456054688e+00
3.686039209365844727e+00
1.313752651214599609e+00
1.056506991386413574e+00
2.538299262523651123e-01
1.304637432098388672e+00
9.241577386856079102e-01
1.876688480377197266e+00
1.409496784210205078e+00
7.963630557060241699e-01
3.655080795288085938e-01
7.816053628921508789e-01
1.443129301071166992e+00
1.052718281745910645e+00
1.921158552169799805e+00
1.673565983772277832e+00
1.489964604377746582e+00
8.920798301696777344e-01
1.381144046783447266e+00
1.818060755729675293e+00
2.406791925430297852e+00
2.717301130294799805e+00
3.319869518280029297e+00
4.730886459350585938e+00
2.857246637344360352e+00
3.175118684768676758e+00
4.277465343475341797e+00
4.839770793914794922e+00
5.454502105712890625e+00
4.983829021453857422e+00
4.665616989135742188e+00
2.104339122772216797e+00
2.301134586334228516e+00
2.360202074050903320e+00
2.565010070800781250e+00
5.225872516632080078e+00
5.496539115905761719e+00
5.329899787902832031e+00
5.520555496215820312e+00
5.756482601165771484e+00
5.550337791442871094e+00
4.362235069274902344e+00
3.466806173324584961e+00
3.576031684875488281e+00
4.493682861328125000e+00
5.490972042083740234e+00
3.912059307098388672e+00
1.594726324081420898e+00
1.000976324081420898e+00
7.422862052917480469e-01
1.893172144889831543e+00
1.600263953208923340e+00
2.361133337020874023e+00
6.303713917732238770e-01
1.597466826438903809e+00
1.615694642066955566e+00
6.132844686508178711e-01
2.278053522109985352e+00
7.339997887611389160e-01
2.813363075256347656e-01
4.934598505496978760e-01
2.451795578002929688e+00
9.162589907646179199e-01
1.120962142944335938e+00
1.510731339454650879e+00
1.536240100860595703e+00
2.127170324325561523e+00
3.163995265960693359e+00
1.668067574501037598e+00
2.006552457809448242e+00
2.848252058029174805e+00
3.347488164901733398e+00
3.927792549133300781e+00
3.585160017013549805e+00
3.236059427261352539e+00
7.016032934188842773e-01
7.761795520782470703e-01
7.615621685981750488e-01
1.018296241760253906e+00
3.685538530349731445e+00
3.956711530685424805e+00
3.824152469635009766e+00
3.949780702590942383e+00
4.248310089111328125e+00
4.001948356628417969e+00
2.916030883789062500e+00
2.216891765594482422e+00
2.513120174407958984e+00
2.939619779586791992e+00
3.886162281036376953e+00
5.463939666748046875e+00
3.112043857574462891e+00
2.418292999267578125e+00
2.654399394989013672e+00
3.798692226409912109e+00
3.459222316741943359e+00
4.043575286865234375e+00
8.901165127754211426e-01
1.057583212852478027e+00
1.110191345214843750e+00
1.841862320899963379e+00
1.335883378982543945e+00
9.973194599151611328e-01
1.060263037681579590e+00
1.944560170173645020e+00
1.368520975112915039e+00
1.607895135879516602e+00
2.143200635910034180e+00
2.343286514282226562e+00
2.922095060348510742e+00
3.729812860488891602e+00
2.468110799789428711e+00
2.808910846710205078e+00
3.722920894622802734e+00
4.219518184661865234e+00
4.792026996612548828e+00
4.454246520996093750e+00
4.096711158752441406e+00
1.539316654205322266e+00
1.617578983306884766e+00
1.494966506958007812e+00
1.821642994880676270e+00
4.448918819427490234e+00
4.724692821502685547e+00
4.632729053497314453e+00
4.746675491333007812e+00
5.059765815734863281e+00
4.841364860534667969e+00
3.778048038482666016e+00
3.027248382568359375e+00
3.282652378082275391e+00
3.757952451705932617e+00
4.694159507751464844e+00
4.635137557983398438e+00
2.557048559188842773e+00
1.778104186058044434e+00
1.928234100341796875e+00
3.066083192825317383e+00
2.796471357345581055e+00
3.420229196548461914e+00
2.931475937366485596e-01
1.245549917221069336e+00
1.244138836860656738e+00
1.937306284904479980e+00
1.691832065582275391e+00
1.558697342872619629e+00
1.401689291000366211e+00
1.845251679420471191e+00
2.112659215927124023e+00
2.601027965545654297e+00
2.881222486495971680e+00
3.475841999053955078e+00
4.884972572326660156e+00
3.201761484146118164e+00
3.524141073226928711e+00
4.634264945983886719e+00
5.187262058258056641e+00
5.787346839904785156e+00
5.383359432220458984e+00
5.071393013000488281e+00
2.480762481689453125e+00
2.446394443511962891e+00
2.434947490692138672e+00
2.634756565093994141e+00
5.562742233276367188e+00
5.835997104644775391e+00
5.709402084350585938e+00
5.837056636810302734e+00
6.139198303222656250e+00
5.889532566070556641e+00
4.646647930145263672e+00
3.737465620040893555e+00
3.851179838180541992e+00
4.704991340637207031e+00
5.756186008453369141e+00
3.587570428848266602e+00
2.097326517105102539e+00
1.320278882980346680e+00
9.859479665756225586e-01
2.098545312881469727e+00
1.844012975692749023e+00
2.811503410339355469e+00
1.094151854515075684e+00
1.256394863128662109e+00
1.860061287879943848e+00
1.619899392127990723e+00
1.527289509773254395e+00
1.571927666664123535e+00
2.010075807571411133e+00
2.194103717803955078e+00
2.619121789932250977e+00
2.882987022399902344e+00
3.468631267547607422e+00
4.975939750671386719e+00
3.299762010574340820e+00
3.616805076599121094e+00
4.744202613830566406e+00
5.299358844757080078e+00
5.895539760589599609e+00
5.511037826538085938e+00
5.212737560272216797e+00
2.636995077133178711e+00
2.482837200164794922e+00
2.448731899261474609e+00
2.631986379623413086e+00
5.712765693664550781e+00
5.984528064727783203e+00
5.862104415893554688e+00
5.965706348419189453e+00
6.266305923461914062e+00
6.011025905609130859e+00
4.718303680419921875e+00
3.792619228363037109e+00
3.885908365249633789e+00
4.750254631042480469e+00
5.853495121002197266e+00
3.604578495025634766e+00
2.140475273132324219e+00
1.544079542160034180e+00
8.792735934257507324e-01
1.782614111900329590e+00
1.566945791244506836e+00
2.749242067337036133e+00
1.666626811027526855e+00
3.636617064476013184e-01
2.603469789028167725e-01
2.904267609119415283e-01
2.661544084548950195e+00
1.356626272201538086e+00
1.198910832405090332e+00
1.336714625358581543e+00
1.448374986648559570e+00
2.025053739547729492e+00
3.959582805633544922e+00
2.156603813171386719e+00
2.423350811004638672e+00
3.552464962005615234e+00
4.106787204742431641e+00
4.679472923278808594e+00
4.375520706176757812e+00
4.131832599639892578e+00
1.724584221839904785e+00
1.193051099777221680e+00
1.089215397834777832e+00
1.216143488883972168e+00
4.726792335510253906e+00
4.980171203613281250e+00
4.821150779724121094e+00
4.867255687713623047e+00
5.142285346984863281e+00
4.837325572967529297e+00
3.404980182647705078e+00
2.469662427902221680e+00
2.564569711685180664e+00
3.343296289443969727e+00
4.611613750457763672e+00
5.143326759338378906e+00
3.488650798797607422e+00
2.758744716644287109e+00
2.376196861267089844e+00
3.392222404479980469e+00
3.113156080245971680e+00
4.191707134246826172e+00
2.300516366958618164e+00
2.334445476531982422e+00
2.013090372085571289e+00
1.376518130302429199e+00
1.709483981132507324e+00
2.074676036834716797e+00
2.529096841812133789e+00
2.860588550567626953e+00
3.383266687393188477e+00
5.635138511657714844e+00
3.186083555221557617e+00
3.280335426330566406e+00
4.682712078094482422e+00
5.320742130279541016e+00
5.973753929138183594e+00
5.393589019775390625e+00
5.125576972961425781e+00
2.765623569488525391e+00
2.838961362838745117e+00
2.971750736236572266e+00
3.066698789596557617e+00
5.989209175109863281e+00
6.246152877807617188e+00
5.983300209045410156e+00
6.228686332702636719e+00
6.406805992126464844e+00
6.158174991607666016e+00
4.756088256835937500e+00
3.744394063949584961e+00
3.593009710311889648e+00
5.013143539428710938e+00
6.166656970977783203e+00
4.801650524139404297e+00
2.373401880264282227e+00
2.172051191329956055e+00
1.482231974601745605e+00
2.264516353607177734e+00
1.789309382438659668e+00
2.684168577194213867e+00
3.060872852802276611e-01
2.883341908454895020e-01
3.184206247329711914e+00
1.100123405456542969e+00
7.934783101081848145e-01
9.106319546699523926e-01
9.384774565696716309e-01
1.518972277641296387e+00
3.737849950790405273e+00
1.635118603706359863e+00
1.912104249000549316e+00
3.032133579254150391e+00
3.596991062164306641e+00
4.182124614715576172e+00
3.842528104782104492e+00
3.628069162368774414e+00
1.256364107131958008e+00
7.209655642509460449e-01
6.899496316909790039e-01
7.547303438186645508e-01
4.371932983398437500e+00
4.615726947784423828e+00
4.405360221862792969e+00
4.474577426910400391e+00
4.703912734985351562e+00
4.400551795959472656e+00
2.866497516632080078e+00
1.924288392066955566e+00
2.058703422546386719e+00
2.857993841171264648e+00
4.180890083312988281e+00
5.841278076171875000e+00
3.949413061141967773e+00
3.257755517959594727e+00
3.113276243209838867e+00
4.200798034667968750e+00
3.914376497268676758e+00
4.780816078186035156e+00
1.332739591598510742e-01
2.907697439193725586e+00
1.102945566177368164e+00
9.717565774917602539e-01
1.109655380249023438e+00
1.075035691261291504e+00
1.655771017074584961e+00
3.457454204559326172e+00
1.650140643119812012e+00
1.938255667686462402e+00
2.958850622177124023e+00
3.497746467590332031e+00
4.072342872619628906e+00
3.770836591720581055e+00
3.531393766403198242e+00
1.163344740867614746e+00
5.876529216766357422e-01
5.208003520965576172e-01
6.373550891876220703e-01
4.152762413024902344e+00
4.404308795928955078e+00
4.236277580261230469e+00
4.289988040924072266e+00
4.549480915069580078e+00
4.246493816375732422e+00
2.816165447235107422e+00
1.951659321784973145e+00
2.164592742919921875e+00
2.773781538009643555e+00
4.030179023742675781e+00
5.551050186157226562e+00
3.620249748229980469e+00
2.897713422775268555e+00
2.891369819641113281e+00
4.032951831817626953e+00
3.734194278717041016e+00
4.503336906433105469e+00
2.698620319366455078e+00
7.096432447433471680e-01
6.577944755554199219e-01
1.055138230323791504e+00
1.215070962905883789e+00
1.795167088508605957e+00
3.657904148101806641e+00
1.597484946250915527e+00
1.912052512168884277e+00
3.029673099517822266e+00
3.601602554321289062e+00
4.206645965576171875e+00
3.818651914596557617e+00
3.563235521316528320e+00
1.095928072929382324e+00
7.266057133674621582e-01
7.331798672676086426e-01
8.743065595626831055e-01
4.264172554016113281e+00
4.517605304718017578e+00
4.318254470825195312e+00
4.424350261688232422e+00
4.679370403289794922e+00
4.384032726287841797e+00
2.969081878662109375e+00
2.047518968582153320e+00
2.215981483459472656e+00
2.994814395904541016e+00
4.216622352600097656e+00
5.606528282165527344e+00
3.465234756469726562e+00
2.814256429672241211e+00
2.743259191513061523e+00
3.863227605819702148e+00
3.532152175903320312e+00
4.313903331756591797e+00
2.341409444808959961e+00
2.916455984115600586e+00
3.545073270797729492e+00
3.869272947311401367e+00
4.427687644958496094e+00
5.498285770416259766e+00
3.827952623367309570e+00
4.062630653381347656e+00
5.133345603942871094e+00
5.663892745971679688e+00
6.266514301300048828e+00
5.747501850128173828e+00
5.395895004272460938e+00
3.004940032958984375e+00
3.438287258148193359e+00
3.540168523788452148e+00
3.760287523269653320e+00
5.855916500091552734e+00
6.125004768371582031e+00
5.972832679748535156e+00
6.233044624328613281e+00
6.360787391662597656e+00
6.263525962829589844e+00
5.305459976196289062e+00
4.500277042388916016e+00
4.604467868804931641e+00
5.499465942382812500e+00
6.313375473022460938e+00
3.948258638381958008e+00
7.923362255096435547e-01
8.096331357955932617e-01
6.790121793746948242e-01
1.385967254638671875e+00
7.708889842033386230e-01
1.182984709739685059e+00
3.904176652431488037e-01
1.013766407966613770e+00
1.287648200988769531e+00
1.643993854522705078e+00
3.639942646026611328e+00
1.041084885597229004e+00
1.200644135475158691e+00
2.368291616439819336e+00
2.983556509017944336e+00
3.629038095474243164e+00
3.141916990280151367e+00
2.823866128921508789e+00
6.140756011009216309e-01
9.568902254104614258e-01
1.336876511573791504e+00
1.374544382095336914e+00
3.770504951477050781e+00
4.009203433990478516e+00
3.698579311370849609e+00
3.940153598785400391e+00
4.130948066711425781e+00
3.827330112457275391e+00
2.471295833587646484e+00
1.661178588867187500e+00
1.734928846359252930e+00
2.759275436401367188e+00
3.862417459487915039e+00
5.927813529968261719e+00
3.157904863357543945e+00
2.713178157806396484e+00
2.663995504379272461e+00
3.758536577224731445e+00
3.286498069763183594e+00
3.921977043151855469e+00
4.177697002887725830e-01
7.283654212951660156e-01
1.176304936408996582e+00
3.810862302780151367e+00
8.346089124679565430e-01
1.012049198150634766e+00
2.378926753997802734e+00
3.022166728973388672e+00
3.672287464141845703e+00
3.090785980224609375e+00
2.901965141296386719e+00
8.646320700645446777e-01
8.521029949188232422e-01
1.133080363273620605e+00
9.858521819114685059e-01
3.968939304351806641e+00
4.196097373962402344e+00
3.824279785156250000e+00
4.086813449859619141e+00
4.239272594451904297e+00
3.927734851837158203e+00
2.389222383499145508e+00
1.400348901748657227e+00
1.311660408973693848e+00
2.729607582092285156e+00
3.953209877014160156e+00
6.276206016540527344e+00
3.733474016189575195e+00
3.206538438796997070e+00
3.095217466354370117e+00
4.205840587615966797e+00
3.776944637298583984e+00
4.504800796508789062e+00
1.329277604818344116e-01
7.355502843856811523e-01
3.949831724166870117e+00
9.585754871368408203e-01
1.155715465545654297e+00
2.501582860946655273e+00
3.135514497756958008e+00
3.751786708831787109e+00
3.258292913436889648e+00
3.149496078491210938e+00
1.189105153083801270e+00
9.678112864494323730e-01
1.175261616706848145e+00
7.877817749977111816e-01
4.251853466033935547e+00
4.464405059814453125e+00
4.101655483245849609e+00
4.276635169982910156e+00
4.398113250732421875e+00
4.073991298675537109e+00
2.335346937179565430e+00
1.226917266845703125e+00
1.131633996963500977e+00
2.533604145050048828e+00
3.935304880142211914e+00
6.762084484100341797e+00
4.371927738189697266e+00
3.818052053451538086e+00
3.638137102127075195e+00
4.720799922943115234e+00
4.325305938720703125e+00
5.115355491638183594e+00
3.687207698822021484e-01
3.328706264495849609e+00
8.416159152984619141e-01
1.107513189315795898e+00
2.181518554687500000e+00
2.749772071838378906e+00
3.299353122711181641e+00
2.976533174514770508e+00
2.863553285598754883e+00
1.036202907562255859e+00
7.501526474952697754e-01
6.889745593070983887e-01
2.690009474754333496e-01
3.814234256744384766e+00
4.022070884704589844e+00
3.722272157669067383e+00
3.792479276657104492e+00
3.935600757598876953e+00
3.611960172653198242e+00
1.888309836387634277e+00
9.169110655784606934e-01
8.495337963104248047e-01
1.869936108589172363e+00
3.347154855728149414e+00
7.010979652404785156e+00
4.687479019165039062e+00
4.113164424896240234e+00
3.949589490890502930e+00
5.036878585815429688e+00
4.653677940368652344e+00
5.448267459869384766e+00
3.497665882110595703e+00
7.987223863601684570e-01
9.051724672317504883e-01
1.935610055923461914e+00
2.380479812622070312e+00
3.046911716461181641e+00
2.657829523086547852e+00
2.659703493118286133e+00
1.453968524932861328e+00
1.288015723228454590e+00
1.342839479446411133e+00
8.976915478706359863e-01
3.781360626220703125e+00
3.947784185409545898e+00
3.574944734573364258e+00
3.683316230773925781e+00
3.747042655944824219e+00
3.420720338821411133e+00
1.594901680946350098e+00
5.644635558128356934e-01
3.515053093433380127e-01
1.724160552024841309e+00
3.209473848342895508e+00
7.597309112548828125e+00
5.244702816009521484e+00
4.693814277648925781e+00
4.562345504760742188e+00
5.654490470886230469e+00
5.254492282867431641e+00
5.999046802520751953e+00
3.087026119232177734e+00
3.200483798980712891e+00
2.360408067703247070e+00
2.098667144775390625e+00
2.149243116378784180e+00
2.530104875564575195e+00
1.927755475044250488e+00
2.801194429397583008e+00
2.641658306121826172e+00
2.569714307785034180e+00
2.871664762496948242e+00
8.663191795349121094e-01
1.230682253837585449e+00
1.449658632278442383e+00
1.169677734375000000e+00
1.697783470153808594e+00
1.672469139099121094e+00
2.368503093719482422e+00
3.106712579727172852e+00
3.416893005371093750e+00
2.059116125106811523e+00
1.392492890357971191e+00
8.019852638244628906e+00
5.882746219635009766e+00
5.171684741973876953e+00
5.893821716308593750e+00
6.908981323242187500e+00
6.646259784698486328e+00
6.796133518218994141e+00
1.329512149095535278e-01
1.264223933219909668e+00
1.913136839866638184e+00
2.561058759689331055e+00
2.010111808776855469e+00
1.853985190391540527e+00
7.458711266517639160e-01
8.966298103332519531e-01
1.409841299057006836e+00
1.086288213729858398e+00
3.060327529907226562e+00
3.252041578292846680e+00
2.819186687469482422e+00
3.083621740341186523e+00
3.177608728408813477e+00
2.856547355651855469e+00
1.318152189254760742e+00
5.150572061538696289e-01
7.532803416252136230e-01
1.722037196159362793e+00
2.896942377090454102e+00
7.305599212646484375e+00
4.588443756103515625e+00
4.075167179107666016e+00
4.228628158569335938e+00
5.290057659149169922e+00
4.832361221313476562e+00
5.491034507751464844e+00
1.138478755950927734e+00
1.799285054206848145e+00
2.441003561019897461e+00
1.850336194038391113e+00
1.767948508262634277e+00
1.071887731552124023e+00
1.197645068168640137e+00
1.684159994125366211e+00
1.347270011901855469e+00
3.100386857986450195e+00
3.248975992202758789e+00
2.778590202331542969e+00
3.072085380554199219e+00
3.113677501678466797e+00
2.787698507308959961e+00
1.120863080024719238e+00
3.159448206424713135e-01
5.022740364074707031e-01
1.596109032630920410e+00
2.830345392227172852e+00
7.640110969543457031e+00
4.836384773254394531e+00
4.402050971984863281e+00
4.468494892120361328e+00
5.555199623107910156e+00
5.058882236480712891e+00
5.595560550689697266e+00
4.191487431526184082e-01
1.055588841438293457e+00
4.731410741806030273e-01
5.749394297599792480e-01
1.885357618331909180e+00
2.088551521301269531e+00
2.499249935150146484e+00
2.136647224426269531e+00
1.965505838394165039e+00
1.994868636131286621e+00
1.500441193580627441e+00
1.791327595710754395e+00
1.741767048835754395e+00
1.418064951896667480e+00
2.894203066825866699e-01
9.351956844329833984e-01
1.269973874092102051e+00
6.755008101463317871e-01
1.557496547698974609e+00
8.601584434509277344e+00
5.802108287811279297e+00
5.283246994018554688e+00
5.590401649475097656e+00
6.705243110656738281e+00
6.250075817108154297e+00
6.685723304748535156e+00
4.154968559741973877e-01
4.090042412281036377e-01
4.579394161701202393e-01
2.420006036758422852e+00
2.564003944396972656e+00
2.930092811584472656e+00
2.617530822753906250e+00
1.477471351623535156e+00
1.476360440254211426e+00
1.065174221992492676e+00
1.242716073989868164e+00
1.113189220428466797e+00
7.941251397132873535e-01
3.215845227241516113e-01
1.349400997161865234e+00
1.682890176773071289e+00
7.089048027992248535e-01
1.027888894081115723e+00
9.067445755004882812e+00
6.288661003112792969e+00
5.754824161529541016e+00
6.143677234649658203e+00
7.257237911224365234e+00
6.815073490142822266e+00
7.204147338867187500e+00
6.628929376602172852e-01
7.983647584915161133e-01
3.028907060623168945e+00
3.115002870559692383e+00
3.441480159759521484e+00
3.149194955825805664e+00
1.220824480056762695e+00
1.068985700607299805e+00
8.046678900718688965e-01
8.194575905799865723e-01
4.538360238075256348e-01
2.551789581775665283e-01
9.414490461349487305e-01
2.078087806701660156e+00
2.437489271163940430e+00
1.029820561408996582e+00
7.640132904052734375e-01
9.603777885437011719e+00
6.862880229949951172e+00
6.316196918487548828e+00
6.751356124877929688e+00
7.865047454833984375e+00
7.433614253997802734e+00
7.798259735107421875e+00
1.331809610128402710e-01
2.633475303649902344e+00
2.909865140914916992e+00
3.299106121063232422e+00
2.974711656570434570e+00
1.764676094055175781e+00
1.664928078651428223e+00
1.023718118667602539e+00
1.490607142448425293e+00
1.321605682373046875e+00
9.555667042732238770e-01
7.996049523353576660e-01
1.591917395591735840e+00
1.916147351264953613e+00
1.192343831062316895e+00
1.567896485328674316e+00
9.297841072082519531e+00
6.372365474700927734e+00
5.901153564453125000e+00
6.313576698303222656e+00
7.375633716583251953e+00
6.898850440979003906e+00
7.251041412353515625e+00
2.318970918655395508e+00
2.622481822967529297e+00
3.023911952972412109e+00
2.763377666473388672e+00
1.102236032485961914e+00
1.042074441909790039e+00
4.448641836643218994e-01
1.010354280471801758e+00
8.205730915069580078e-01
6.706318855285644531e-01
9.371316432952880859e-01
1.650427341461181641e+00
1.973441720008850098e+00
1.210721731185913086e+00
1.215381264686584473e+00
8.921064376831054688e+00
5.999971866607666016e+00
5.521964550018310547e+00
5.953643321990966797e+00
7.039923667907714844e+00
6.577074050903320312e+00
6.891411304473876953e+00
3.405832350254058838e-01
8.364595770835876465e-01
7.826994061470031738e-01
3.041363477706909180e+00
3.288894653320312500e+00
3.049183130264282227e+00
3.213992834091186523e+00
3.458150625228881836e+00
3.168524742126464844e+00
1.937716960906982422e+00
1.248313188552856445e+00
1.629772186279296875e+00
2.052013158798217773e+00
3.121525049209594727e+00
6.405217170715332031e+00
3.681794404983520508e+00
3.102557420730590820e+00
3.401869058609008789e+00
4.524358749389648438e+00
4.110636234283447266e+00
4.614173412322998047e+00
2.788971960544586182e-01
3.290359675884246826e-01
3.196065187454223633e+00
3.436762332916259766e+00
3.245756149291992188e+00
3.294604539871215820e+00
3.556750774383544922e+00
3.253558158874511719e+00
1.974682569503784180e+00
1.275255560874938965e+00
1.620031952857971191e+00
1.908701062202453613e+00
3.052057743072509766e+00
6.457818508148193359e+00
4.153958797454833984e+00
3.478780508041381836e+00
3.571739196777343750e+00
4.727124691009521484e+00
4.369998455047607422e+00
5.073550701141357422e+00
1.337481886148452759e-01
3.386709690093994141e+00
3.635567188262939453e+00
3.510428190231323242e+00
3.514559030532836914e+00
3.803852796554565430e+00
3.509522199630737305e+00
2.337447166442871094e+00
1.600160360336303711e+00
1.901704668998718262e+00
2.129333972930908203e+00
3.269958734512329102e+00
6.271762847900390625e+00
4.238475322723388672e+00
3.492045402526855469e+00
3.593645334243774414e+00
4.749254703521728516e+00
4.429163932800292969e+00
5.148067951202392578e+00
3.454980850219726562e+00
3.673389434814453125e+00
3.424927473068237305e+00
3.464588642120361328e+00
3.673388957977294922e+00
3.342133998870849609e+00
1.879328727722167969e+00
1.200674295425415039e+00
1.446666121482849121e+00
1.751842260360717773e+00
3.077193498611450195e+00
6.604009151458740234e+00
4.480225086212158203e+00
3.779386758804321289e+00
3.800490856170654297e+00
4.951044082641601562e+00
4.625055789947509766e+00
5.387888431549072266e+00
1.335401386022567749e-01
3.242687284946441650e-01
2.896949052810668945e-01
5.788868069648742676e-01
7.656336426734924316e-01
2.094213485717773438e+00
3.029235839843750000e+00
3.359787225723266602e+00
1.891232609748840332e+00
5.939670205116271973e-01
8.949349403381347656e+00
6.282882213592529297e+00
5.721117019653320312e+00
6.414830684661865234e+00
7.470767974853515625e+00
7.098533630371093750e+00
7.226738929748535156e+00
1.335390210151672363e-01
2.647396624088287354e-01
3.628493547439575195e-01
6.350647211074829102e-01
2.163704633712768555e+00
3.105500459671020508e+00
3.452087163925170898e+00
1.995145916938781738e+00
6.156199574470520020e-01
9.227839469909667969e+00
6.552296161651611328e+00
5.997717857360839844e+00
6.690237522125244141e+00
7.746164321899414062e+00
7.369709968566894531e+00
7.495667457580566406e+00
2.714192867279052734e-01
2.640026807785034180e-01
3.828863799571990967e-01
1.754551768302917480e+00
2.640894174575805664e+00
2.982794284820556641e+00
1.614239811897277832e+00
5.353302955627441406e-01
9.277273178100585938e+00
6.457909107208251953e+00
5.945066928863525391e+00
6.563061714172363281e+00
7.628016471862792969e+00
7.211872577667236328e+00
7.417450428009033203e+00
1.332535296678543091e-01
3.383628129959106445e-01
1.908682942390441895e+00
2.875415563583374023e+00
3.226408243179321289e+00
1.680127024650573730e+00
2.445615828037261963e-01
9.347096443176269531e+00
6.711112499237060547e+00
6.131795883178710938e+00
6.750442981719970703e+00
7.835079193115234375e+00
7.453663825988769531e+00
7.667888641357421875e+00
1.333841681480407715e-01
1.781992912292480469e+00
2.830755472183227539e+00
3.190579175949096680e+00
1.670024752616882324e+00
3.043078184127807617e-01
9.678392410278320312e+00
6.825571537017822266e+00
6.335357189178466797e+00
7.016231060028076172e+00
8.031669616699218750e+00
7.610563755035400391e+00
7.778037071228027344e+00
1.479656815528869629e+00
2.509587287902832031e+00
2.869286537170410156e+00
1.340346336364746094e+00
2.669870853424072266e-01
9.555181503295898438e+00
6.791182041168212891e+00
6.261989116668701172e+00
6.813539981842041016e+00
7.901004314422607422e+00
7.478807926177978516e+00
7.747498035430908203e+00
6.903000473976135254e-01
1.041633367538452148e+00
4.953005015850067139e-01
1.538425803184509277e+00
8.650610923767089844e+00
5.996836662292480469e+00
5.435271739959716797e+00
5.678763389587402344e+00
6.815008163452148438e+00
6.378426551818847656e+00
6.889278411865234375e+00
1.336038857698440552e-01
1.178742289543151855e+00
2.483710527420043945e+00
7.852976322174072266e+00
5.268894672393798828e+00
4.722909927368164062e+00
4.832154750823974609e+00
5.901087760925292969e+00
5.459055423736572266e+00
6.166622638702392578e+00
1.506873250007629395e+00
2.831872701644897461e+00
8.013173103332519531e+00
5.413415431976318359e+00
4.921540737152099609e+00
4.850494861602783203e+00
5.931213378906250000e+00
5.462734222412109375e+00
6.160413742065429688e+00
1.121506094932556152e+00
8.588864326477050781e+00
6.160971641540527344e+00
5.515659332275390625e+00
5.789547920227050781e+00
6.939961910247802734e+00
6.555346488952636719e+00
7.113852024078369141e+00
9.357104301452636719e+00
6.841926574707031250e+00
6.216587543487548828e+00
6.746086597442626953e+00
7.861511230468750000e+00
7.489877700805664062e+00
7.806200027465820312e+00
3.223846435546875000e+00
3.449895620346069336e+00
2.731837987899780273e+00
2.267832756042480469e+00
3.029161214828491211e+00
2.843951702117919922e+00
1.331213861703872681e-01
9.684205055236816406e-01
1.247274041175842285e+00
1.054533004760742188e+00
4.771337211132049561e-01
9.027922153472900391e-01
1.619105219841003418e+00
1.444291114807128906e+00
1.033787608146667480e+00
5.819834470748901367e-01
7.231230735778808594e-01
1.369987487792968750e+00
2.752811908721923828e-01
1.267456054687500000e+00
1.231242179870605469e+00
