1.319197565317153931e-01
2.997412085533142090e-01
6.681760549545288086e-01
7.462048530578613281e-01
1.096160173416137695e+00
1.215975403785705566e+00
1.237945199012756348e+00
1.787431120872497559e+00
1.673470497131347656e+00
1.998067140579223633e+00
1.933186650276184082e+00
2.486678123474121094e+00
2.763747692108154297e+00
2.280210256576538086e+00
1.969889640808105469e+00
1.923429965972900391e+00
1.649583697319030762e+00
1.803084254264831543e+00
1.293783068656921387e+00
4.198309481143951416e-01
9.693071842193603516e-01
7.621070742607116699e-01
5.163829922676086426e-01
1.235896110534667969e+00
9.145205020904541016e-01
1.030050158500671387e+00
1.113758683204650879e+00
2.581272602081298828e+00
2.916670560836791992e+00
3.125638961791992188e+00
3.268632411956787109e+00
3.502977848052978516e+00
3.708450078964233398e+00
4.555839061737060547e+00
4.537788391113281250e+00
4.055431365966796875e+00
3.908869028091430664e+00
4.057917594909667969e+00
3.742837667465209961e+00
4.492177963256835938e+00
4.609673976898193359e+00
4.186042785644531250e+00
4.324223041534423828e+00
4.011790275573730469e+00
3.907121419906616211e+00
3.851502895355224609e+00
3.191910743713378906e+00
3.050587177276611328e+00
3.416463851928710938e+00
3.100546121597290039e+00
3.201497554779052734e+00
3.253772556781768799e-01
5.259384512901306152e-01
7.111318707466125488e-01
9.531772136688232422e-01
1.172320842742919922e+00
1.298497796058654785e+00
1.797257065773010254e+00
1.577613115310668945e+00
1.960027575492858887e+00
1.832961797714233398e+00
2.459731817245483398e+00
2.838899135589599609e+00
2.315103769302368164e+00
2.093512058258056641e+00
2.012182950973510742e+00
1.810135602951049805e+00
2.031003713607788086e+00
1.473597049713134766e+00
6.218040585517883301e-01
1.175454735755920410e+00
8.612238168716430664e-01
7.229285240173339844e-01
1.423915982246398926e+00
1.033082365989685059e+00
1.230664491653442383e+00
1.228511214256286621e+00
2.709064960479736328e+00
3.015707015991210938e+00
3.212857246398925781e+00
3.369172573089599609e+00
3.630414485931396484e+00
3.800127744674682617e+00
4.642828941345214844e+00
4.631266117095947266e+00
4.199701786041259766e+00
4.039210319519042969e+00
4.239175796508789062e+00
3.919239521026611328e+00
4.679264068603515625e+00
4.745489597320556641e+00
4.361011505126953125e+00
4.441531181335449219e+00
4.157413959503173828e+00
4.019083023071289062e+00
3.949350118637084961e+00
3.315315246582031250e+00
3.149760723114013672e+00
3.604860305786132812e+00
3.275017261505126953e+00
3.402425765991210938e+00
3.282233774662017822e-01
3.024582564830780029e-01
7.098845839500427246e-01
7.431578040122985840e-01
8.172231316566467285e-01
1.320239543914794922e+00
1.215090274810791016e+00
1.530150890350341797e+00
1.486827373504638672e+00
2.013870477676391602e+00
2.329508543014526367e+00
1.843450903892517090e+00
1.554846167564392090e+00
1.515251636505126953e+00
1.256274342536926270e+00
1.576046586036682129e+00
9.816197752952575684e-01
3.780491352081298828e-01
8.721341490745544434e-01
3.468650877475738525e-01
3.479341566562652588e-01
6.873647570610046387e-01
3.115272521972656250e-01
4.537711739540100098e-01
4.679630398750305176e-01
2.021007061004638672e+00
2.398056983947753906e+00
2.579756259918212891e+00
2.783025741577148438e+00
2.979019165039062500e+00
3.138597726821899414e+00
3.982359409332275391e+00
4.015986442565917969e+00
3.510008096694946289e+00
3.436740398406982422e+00
3.554145336151123047e+00
3.307859420776367188e+00
4.022709846496582031e+00
4.040460109710693359e+00
3.665248632431030273e+00
3.746444940567016602e+00
3.403167724609375000e+00
3.238770484924316406e+00
3.247598409652709961e+00
2.611886739730834961e+00
2.409205675125122070e+00
2.818037271499633789e+00
2.507627964019775391e+00
2.596154689788818359e+00
1.306168586015701294e-01
3.169192075729370117e-01
3.414545953273773193e-01
6.453467011451721191e-01
9.724438190460205078e-01
7.344163060188293457e-01
1.108377337455749512e+00
1.059196949005126953e+00
1.607677459716796875e+00
2.059326648712158203e+00
1.475350975990295410e+00
1.405135154724121094e+00
1.306641578674316406e+00
1.245932459831237793e+00
1.713014721870422363e+00
9.832038283348083496e-01
6.850814819335937500e-01
1.111197948455810547e+00
3.930202424526214600e-01
8.670664429664611816e-01
9.516395330429077148e-01
5.824705958366394043e-01
9.657874107360839844e-01
8.782586455345153809e-01
2.382734775543212891e+00
2.713438987731933594e+00
2.862483263015747070e+00
3.082582235336303711e+00
3.307813644409179688e+00
3.460279226303100586e+00
4.232997417449951172e+00
4.283176898956298828e+00
3.868405818939208984e+00
3.756112337112426758e+00
3.980105400085449219e+00
3.745601177215576172e+00
4.549728393554687500e+00
4.385380268096923828e+00
4.058384895324707031e+00
4.057766437530517578e+00
3.689502716064453125e+00
3.623322248458862305e+00
3.488284587860107422e+00
2.940903425216674805e+00
2.678833723068237305e+00
3.223121166229248047e+00
2.911682605743408203e+00
3.035601377487182617e+00
3.082151412963867188e-01
2.892258167266845703e-01
3.467420637607574463e-01
9.046485424041748047e-01
7.206653952598571777e-01
1.148101806640625000e+00
1.237969279289245605e+00
1.608648896217346191e+00
1.900638818740844727e+00
1.399583935737609863e+00
1.212868094444274902e+00
9.586318731307983398e-01
8.805707693099975586e-01
1.175872325897216797e+00
4.055979847908020020e-01
3.601567745208740234e-01
6.003139019012451172e-01
3.717549443244934082e-01
6.180335283279418945e-01
9.159816503524780273e-01
7.205836772918701172e-01
1.098654270172119141e+00
1.151198029518127441e+00
2.664709568023681641e+00
3.011752128601074219e+00
3.153209209442138672e+00
3.386969327926635742e+00
3.607390165328979492e+00
3.677487850189208984e+00
4.509691238403320312e+00
4.575235843658447266e+00
4.148119449615478516e+00
4.056948184967041016e+00
4.262965679168701172e+00
4.022602081298828125e+00
4.684109687805175781e+00
4.649231910705566406e+00
4.299228668212890625e+00
4.296986579895019531e+00
3.916795492172241211e+00
3.698525667190551758e+00
3.750025510787963867e+00
3.213864803314208984e+00
2.922944784164428711e+00
3.452391147613525391e+00
3.160673856735229492e+00
3.245336294174194336e+00
1.324360817670822144e-01
6.986108422279357910e-01
7.621639370918273926e-01
3.728877007961273193e-01
8.254901170730590820e-01
7.121022939682006836e-01
1.369722604751586914e+00
1.935634136199951172e+00
1.264287233352661133e+00
1.308859467506408691e+00
1.230348348617553711e+00
1.364704847335815430e+00
1.868280053138732910e+00
1.080825090408325195e+00
9.351761341094970703e-01
1.319906353950500488e+00
7.218008637428283691e-01
1.202366113662719727e+00
1.192322373390197754e+00
9.428850412368774414e-01
1.445885419845581055e+00
1.282937049865722656e+00
2.597407341003417969e+00
2.888459444046020508e+00
2.960578441619873047e+00
3.196282148361206055e+00
3.425717592239379883e+00
3.525695323944091797e+00
4.283834934234619141e+00
4.359243869781494141e+00
4.019304752349853516e+00
3.898784160614013672e+00
4.190507411956787109e+00
3.992843627929687500e+00
4.753881454467773438e+00
4.500781059265136719e+00
4.189991474151611328e+00
4.140389442443847656e+00
3.757966279983520508e+00
3.673113584518432617e+00
3.510008335113525391e+00
3.089187145233154297e+00
2.779600143432617188e+00
3.378361225128173828e+00
3.116701126098632812e+00
3.259692907333374023e+00
3.671790659427642822e-01
4.022572636604309082e-01
3.514820337295532227e-01
5.572708845138549805e-01
6.504970788955688477e-01
1.016018152236938477e+00
1.501061916351318359e+00
8.943044543266296387e-01
8.295111656188964844e-01
8.675656318664550781e-01
9.680931568145751953e-01
1.515441656112670898e+00
7.595211863517761230e-01
9.287943840026855469e-01
1.192971110343933105e+00
3.993645310401916504e-01
9.661969542503356934e-01
7.951120138168334961e-01
6.286922097206115723e-01
1.144500732421875000e+00
1.081322073936462402e+00
2.457409143447875977e+00
2.801870584487915039e+00
2.839348077774047852e+00
3.144049882888793945e+00
3.349772453308105469e+00
3.395279884338378906e+00
4.145688056945800781e+00
4.261547565460205078e+00
3.869028806686401367e+00
3.820832729339599609e+00
4.047893047332763672e+00
3.877802133560180664e+00
4.483403205871582031e+00
4.315067768096923828e+00
3.966108322143554688e+00
3.912426471710205078e+00
3.505407571792602539e+00
3.292065858840942383e+00
3.345671176910400391e+00
2.912526607513427734e+00
2.557599544525146484e+00
3.118604660034179688e+00
2.894301176071166992e+00
2.969207763671875000e+00
4.092673063278198242e-01
6.616789698600769043e-01
9.066301584243774414e-01
1.189023375511169434e+00
1.166841745376586914e+00
1.337684035301208496e+00
8.629177212715148926e-01
8.881118297576904297e-01
3.632397353649139404e-01
7.149711251258850098e-01
1.038998007774353027e+00
2.626934945583343506e-01
6.587129831314086914e-01
8.701597452163696289e-01
3.998616635799407959e-01
7.845408320426940918e-01
8.171792030334472656e-01
8.998675942420959473e-01
1.207265615463256836e+00
1.431815862655639648e+00
2.835654735565185547e+00
3.226881027221679688e+00
3.292712926864624023e+00
3.613569498062133789e+00
3.781903266906738281e+00
3.851648092269897461e+00
4.599599838256835938e+00
4.726252079010009766e+00
4.268842220306396484e+00
4.262775897979736328e+00
4.416146278381347656e+00
4.282326698303222656e+00
4.955205917358398438e+00
4.702778816223144531e+00
4.320848941802978516e+00
4.287437438964843750e+00
3.866992950439453125e+00
3.634505748748779297e+00
3.796900510787963867e+00
3.312188386917114258e+00
2.943733930587768555e+00
3.434397220611572266e+00
3.216996908187866211e+00
3.208871841430664062e+00
3.213311731815338135e-01
3.058676123619079590e-01
7.242003679275512695e-01
5.786023139953613281e-01
8.869165182113647461e-01
4.089677631855010986e-01
3.843610882759094238e-01
3.827326893806457520e-01
7.350466251373291016e-01
1.258778214454650879e+00
6.320675015449523926e-01
1.298194885253906250e+00
1.462801694869995117e+00
8.119688034057617188e-01
1.267016053199768066e+00
8.912122845649719238e-01
1.055343508720397949e+00
1.454638242721557617e+00
1.438717961311340332e+00
2.636882781982421875e+00
3.033232450485229492e+00
2.999574422836303711e+00
3.371135234832763672e+00
3.545671224594116211e+00
3.468810081481933594e+00
4.237141132354736328e+00
4.405308723449707031e+00
4.001745223999023438e+00
4.020667076110839844e+00
4.211699962615966797e+00
4.067662239074707031e+00
4.583950996398925781e+00
4.383283138275146484e+00
4.007751941680908203e+00
3.925204753875732422e+00
3.489956378936767578e+00
3.188309907913208008e+00
3.401705026626586914e+00
3.013837814331054688e+00
2.597090244293212891e+00
3.149818181991577148e+00
2.998606443405151367e+00
2.996987104415893555e+00
1.309683471918106079e-01
3.364000916481018066e-01
7.124582529067993164e-01
1.415795207023620605e+00
7.522976994514465332e-01
9.108117818832397461e-01
1.063913106918334961e+00
1.281222581863403320e+00
1.846982836723327637e+00
1.102871060371398926e+00
1.382943272590637207e+00
1.633104681968688965e+00
8.948763012886047363e-01
1.458536505699157715e+00
1.160916447639465332e+00
1.052287459373474121e+00
1.609382390975952148e+00
1.436505675315856934e+00
2.687766313552856445e+00
2.992319822311401367e+00
2.989154577255249023e+00
3.287486791610717773e+00
3.498417377471923828e+00
3.491683244705200195e+00
4.243026733398437500e+00
4.377023220062255859e+00
4.048020839691162109e+00
3.979591608047485352e+00
4.258036136627197266e+00
4.078064441680908203e+00
4.650186538696289062e+00
4.479472160339355469e+00
4.148457527160644531e+00
4.066309928894042969e+00
3.659621953964233398e+00
3.400538682937622070e+00
3.436695337295532227e+00
3.097375154495239258e+00
2.739879608154296875e+00
3.331953048706054688e+00
3.131456375122070312e+00
3.231302499771118164e+00
2.775036692619323730e-01
3.875245153903961182e-01
1.094061255455017090e+00
4.591043591499328613e-01
4.109914004802703857e-01
9.324181675910949707e-01
1.098937034606933594e+00
1.767585754394531250e+00
1.140043377876281738e+00
1.687011599540710449e+00
1.819602370262145996e+00
1.057608962059020996e+00
1.560126185417175293e+00
1.037323951721191406e+00
1.145315408706665039e+00
1.606316924095153809e+00
1.415867209434509277e+00
2.407808542251586914e+00
2.744090318679809570e+00
2.643454551696777344e+00
3.031239271163940430e+00
3.204077959060668945e+00
3.128074884414672852e+00
3.825738668441772461e+00
4.008957862854003906e+00
3.661850214004516602e+00
3.680566787719726562e+00
3.912993192672729492e+00
3.871232748031616211e+00
4.373204708099365234e+00
4.018689632415771484e+00
3.665381669998168945e+00
3.551750183105468750e+00
3.121853351593017578e+00
2.943690538406372070e+00
2.987578630447387695e+00
2.687070846557617188e+00
2.294084072113037109e+00
2.854266881942749023e+00
2.736569166183471680e+00
2.781937360763549805e+00
8.012280464172363281e-01
1.614315271377563477e+00
1.010612964630126953e+00
9.240320324897766113e-01
1.382552981376647949e+00
1.413681268692016602e+00
2.097731113433837891e+00
1.461436986923217773e+00
1.768392682075500488e+00
1.994959592819213867e+00
1.132231831550598145e+00
1.684180498123168945e+00
1.184912562370300293e+00
1.095496654510498047e+00
1.668354153633117676e+00
1.347987651824951172e+00
2.396497726440429688e+00
2.666335105895996094e+00
2.601034402847290039e+00
2.925195693969726562e+00
3.132246732711791992e+00
3.112078428268432617e+00
3.792294025421142578e+00
3.929927110671997070e+00
3.692315578460693359e+00
3.617247819900512695e+00
3.927863836288452148e+00
3.763440370559692383e+00
4.310986518859863281e+00
4.110111713409423828e+00
3.801723480224609375e+00
3.685714483261108398e+00
3.307052135467529297e+00
3.061811447143554688e+00
3.005644798278808594e+00
2.754466056823730469e+00
2.404708862304687500e+00
3.023643732070922852e+00
2.837928771972656250e+00
2.978526592254638672e+00
6.169855594635009766e-01
3.432711362838745117e-01
4.097525775432586670e-01
9.919478297233581543e-01
1.360220313072204590e+00
1.922937512397766113e+00
1.347772717475891113e+00
2.020605802536010742e+00
2.166255712509155273e+00
1.520330667495727539e+00
1.976430296897888184e+00
1.484553217887878418e+00
1.679778456687927246e+00
2.080692529678344727e+00
1.943878531455993652e+00
2.810388565063476562e+00
3.197990179061889648e+00
3.013745069503784180e+00
3.461969375610351562e+00
3.613916635513305664e+00
3.444669961929321289e+00
4.118812084197998047e+00
4.336438179016113281e+00
4.016301631927490234e+00
4.083230495452880859e+00
4.297223091125488281e+00
4.218581199645996094e+00
4.625521659851074219e+00
4.305585384368896484e+00
3.941292524337768555e+00
3.793431520462036133e+00
3.348027944564819336e+00
3.009356737136840820e+00
3.262010574340820312e+00
3.014427185058593750e+00
2.586292982101440430e+00
3.152177095413208008e+00
3.106951713562011719e+00
3.093685150146484375e+00
3.248478770256042480e-01
5.289003252983093262e-01
7.189638018608093262e-01
1.151875019073486328e+00
1.536331534385681152e+00
1.273759603500366211e+00
2.045025348663330078e+00
2.090492248535156250e+00
1.751056313514709473e+00
2.028227567672729492e+00
1.570464134216308594e+00
1.910290479660034180e+00
2.165302753448486328e+00
2.202308416366577148e+00
2.901511907577514648e+00
3.458021640777587891e+00
3.293724775314331055e+00
3.774824142456054688e+00
3.835465431213378906e+00
3.650280952453613281e+00
4.315646648406982422e+00
4.552867412567138672e+00
4.163932323455810547e+00
4.300487518310546875e+00
4.424268722534179688e+00
4.382112503051757812e+00
4.724807262420654297e+00
4.391320228576660156e+00
3.974385261535644531e+00
3.839551210403442383e+00
3.371616125106811523e+00
2.988373517990112305e+00
3.439033508300781250e+00
3.103145122528076172e+00
2.648529767990112305e+00
3.151308774948120117e+00
3.164768695831298828e+00
3.011334896087646484e+00
3.319526612758636475e-01
3.224553465843200684e-01
8.044139742851257324e-01
1.224297165870666504e+00
7.956803441047668457e-01
1.563920140266418457e+00
1.652160525321960449e+00
1.272576212882995605e+00
1.577192902565002441e+00
1.176692962646484375e+00
1.515921592712402344e+00
1.782330036163330078e+00
1.875291466712951660e+00
2.805247306823730469e+00
3.296305894851684570e+00
3.187591314315795898e+00
3.600509643554687500e+00
3.757642030715942383e+00
3.604210615158081055e+00
4.294326782226562500e+00
4.520739078521728516e+00
4.139826774597167969e+00
4.231447219848632812e+00
4.384300708770751953e+00
4.294985771179199219e+00
4.719228267669677734e+00
4.410779476165771484e+00
4.011147022247314453e+00
3.880972385406494141e+00
3.420049667358398438e+00
3.057561159133911133e+00
3.422738552093505859e+00
3.096266031265258789e+00
2.648000240325927734e+00
3.181151151657104492e+00
3.118193626403808594e+00
3.009070873260498047e+00
1.317461431026458740e-01
3.445286452770233154e-01
8.751159310340881348e-01
6.101225614547729492e-01
1.296118736267089844e+00
1.273013472557067871e+00
9.693437814712524414e-01
1.181295990943908691e+00
7.335208654403686523e-01
1.057917952537536621e+00
1.318152904510498047e+00
1.431708097457885742e+00
2.406485795974731445e+00
2.867457628250122070e+00
2.763783931732177734e+00
3.191205024719238281e+00
3.320111036300659180e+00
3.190270662307739258e+00
3.913385868072509766e+00
4.129862785339355469e+00
3.726857185363769531e+00
3.794778347015380859e+00
3.966764926910400391e+00
3.868039608001708984e+00
4.311463832855224609e+00
4.051861286163330078e+00
3.653105258941650391e+00
3.549069404602050781e+00
3.093755483627319336e+00
2.752997398376464844e+00
3.051081895828247070e+00
2.703382015228271484e+00
2.262188911437988281e+00
2.799086332321166992e+00
2.723285436630249023e+00
2.611156225204467773e+00
3.011290132999420166e-01
5.855866074562072754e-01
3.836056590080261230e-01
1.104189634323120117e+00
1.131169199943542480e+00
9.083263278007507324e-01
1.150442481040954590e+00
8.504847884178161621e-01
1.142597198486328125e+00
1.401981711387634277e+00
1.606291055679321289e+00
2.617401123046875000e+00
3.176842451095581055e+00
3.113515615463256836e+00
3.551120758056640625e+00
3.624924898147583008e+00
3.526818513870239258e+00
4.275952339172363281e+00
4.491796016693115234e+00
4.014001369476318359e+00
4.097109794616699219e+00
4.216424942016601562e+00
4.117073059082031250e+00
4.557540893554687500e+00
4.328723907470703125e+00
3.907257556915283203e+00
3.828913211822509766e+00
3.371890306472778320e+00
3.028502225875854492e+00
3.417114973068237305e+00
2.967080354690551758e+00
2.522585630416870117e+00
3.023832559585571289e+00
2.929981470108032227e+00
2.799585103988647461e+00
3.055675327777862549e-01
3.328841626644134521e-01
8.553049564361572266e-01
7.133708596229553223e-01
5.709943771362304688e-01
7.979232668876647949e-01
4.193770885467529297e-01
7.336177825927734375e-01
9.941959977149963379e-01
1.166054010391235352e+00
2.267269134521484375e+00
2.835444688796997070e+00
2.840202569961547852e+00
3.247478961944580078e+00
3.309969902038574219e+00
3.272751092910766602e+00
4.062934875488281250e+00
4.243706703186035156e+00
3.724142074584960938e+00
3.777393579483032227e+00
3.882922410964965820e+00
3.752411365509033203e+00
4.243458271026611328e+00
4.087965965270996094e+00
3.668040752410888672e+00
3.632148981094360352e+00
3.193562507629394531e+00
2.888870477676391602e+00
3.234573364257812500e+00
2.707988262176513672e+00
2.287444114685058594e+00
2.763352632522583008e+00
2.598751068115234375e+00
2.506519317626953125e+00
6.961118578910827637e-01
1.005346059799194336e+00
7.642012834548950195e-01
7.903766632080078125e-01
1.001159548759460449e+00
8.546898365020751953e-01
1.118126511573791504e+00
1.282390594482421875e+00
1.617647528648376465e+00
2.730892181396484375e+00
3.348852157592773438e+00
3.411498308181762695e+00
3.764030933380126953e+00
3.772299051284790039e+00
3.814145565032958984e+00
4.592730998992919922e+00
4.770771980285644531e+00
4.164279937744140625e+00
4.274515151977539062e+00
4.256407260894775391e+00
4.193874835968017578e+00
4.659989833831787109e+00
4.509300231933593750e+00
4.060705661773681641e+00
4.072833061218261719e+00
3.648287296295166016e+00
3.335091829299926758e+00
3.770111560821533203e+00
3.174105405807495117e+00
2.786280870437622070e+00
3.153100967407226562e+00
2.925629138946533203e+00
2.788747549057006836e+00
4.490490853786468506e-01
5.266662240028381348e-01
2.627840936183929443e-01
5.305893421173095703e-01
6.269834041595458984e-01
7.745110988616943359e-01
1.008111596107482910e+00
1.361082911491394043e+00
2.730756521224975586e+00
3.186660289764404297e+00
3.263226270675659180e+00
3.608082532882690430e+00
3.709578990936279297e+00
3.756717443466186523e+00
4.544252872467041016e+00
4.686199665069580078e+00
4.162536621093750000e+00
4.214704513549804688e+00
4.283546924591064453e+00
4.172435283660888672e+00
4.725963115692138672e+00
4.573977947235107422e+00
4.164577960968017578e+00
4.153687477111816406e+00
3.729987382888793945e+00
3.421462059020996094e+00
3.741434574127197266e+00
3.192263364791870117e+00
2.819875001907348633e+00
3.257870197296142578e+00
3.036824464797973633e+00
2.972324371337890625e+00
1.313891112804412842e-01
3.151040077209472656e-01
2.850935757160186768e-01
6.775852441787719727e-01
7.217395901679992676e-01
8.679546117782592773e-01
1.185269713401794434e+00
2.713277578353881836e+00
3.146034002304077148e+00
3.304655790328979492e+00
3.540468692779541016e+00
3.708235979080200195e+00
3.793452978134155273e+00
4.632710933685302734e+00
4.729121685028076172e+00
4.194643974304199219e+00
4.156564235687255859e+00
4.265836715698242188e+00
4.054199218750000000e+00
4.671322345733642578e+00
4.656289100646972656e+00
4.264527797698974609e+00
4.289003849029541016e+00
3.893253564834594727e+00
3.653403282165527344e+00
3.845109939575195312e+00
3.274052858352661133e+00
2.940953493118286133e+00
3.363235235214233398e+00
3.087628602981567383e+00
3.062402009963989258e+00
3.413125574588775635e-01
3.473626077175140381e-01
5.186870098114013672e-01
7.004138827323913574e-01
7.950545549392700195e-01
1.213050603866577148e+00
2.579942703247070312e+00
3.092983961105346680e+00
3.233037471771240234e+00
3.501216173171997070e+00
3.600896120071411133e+00
3.699634075164794922e+00
4.532870769500732422e+00
4.641189575195312500e+00
4.069649696350097656e+00
4.053253173828125000e+00
4.115070343017578125e+00
3.930436372756958008e+00
4.520853042602539062e+00
4.511407375335693359e+00
4.104857921600341797e+00
4.141800403594970703e+00
3.747189283370971680e+00
3.505988121032714844e+00
3.735050439834594727e+00
3.154401540756225586e+00
2.812935113906860352e+00
3.191547155380249023e+00
2.912846326828002930e+00
2.865634918212890625e+00
1.306042820215225220e-01
3.368280827999114990e-01
2.798917591571807861e-01
4.780774116516113281e-01
8.247286081314086914e-01
2.254581212997436523e+00
2.709745168685913086e+00
2.836431741714477539e+00
3.124741554260253906e+00
3.254714012145996094e+00
3.315832853317260742e+00
4.151900768280029297e+00
4.257881164550781250e+00
3.733927726745605469e+00
3.706894159317016602e+00
3.830738782882690430e+00
3.628726720809936523e+00
4.229751110076904297e+00
4.189510822296142578e+00
3.801509141921997070e+00
3.815758943557739258e+00
3.418967485427856445e+00
3.182861089706420898e+00
3.362960577011108398e+00
2.805021286010742188e+00
2.461677312850952148e+00
2.908736228942871094e+00
2.645432949066162109e+00
2.628427743911743164e+00
3.253271579742431641e-01
3.203545510768890381e-01
2.914321124553680420e-01
6.964462399482727051e-01
2.143080234527587891e+00
2.597908496856689453e+00
2.748798370361328125e+00
3.003113746643066406e+00
3.129415512084960938e+00
3.243131637573242188e+00
4.085834026336669922e+00
4.170579433441162109e+00
3.619386672973632812e+00
3.577195167541503906e+00
3.673853397369384766e+00
3.462301492691040039e+00
4.083491325378417969e+00
4.093638896942138672e+00
3.700753927230834961e+00
3.753469705581665039e+00
3.377373456954956055e+00
3.169773340225219727e+00
3.305740594863891602e+00
2.710656166076660156e+00
2.420182228088378906e+00
2.803779125213623047e+00
2.519904851913452148e+00
2.518257141113281250e+00
1.315336078405380249e-01
3.179310560226440430e-01
4.887180924415588379e-01
1.780829787254333496e+00
2.298748016357421875e+00
2.404908895492553711e+00
2.718332767486572266e+00
2.809903383255004883e+00
2.863066196441650391e+00
3.694109201431274414e+00
3.814215898513793945e+00
3.268846273422241211e+00
3.265960931777954102e+00
3.371637105941772461e+00
3.191246509552001953e+00
3.761034250259399414e+00
3.708537101745605469e+00
3.313716173171997070e+00
3.331884622573852539e+00
2.937448740005493164e+00
2.709198236465454102e+00
2.896351099014282227e+00
2.339944124221801758e+00
1.984243273735046387e+00
2.418195486068725586e+00
2.157866954803466797e+00
2.136557817459106445e+00
1.312457770109176636e-01
2.873887419700622559e-01
1.721321702003479004e+00
2.139520168304443359e+00
2.283558368682861328e+00
2.550332069396972656e+00
2.695080280303955078e+00
2.786527872085571289e+00
3.631827116012573242e+00
3.711544275283813477e+00
3.191905260086059570e+00
3.141515254974365234e+00
3.277370929718017578e+00
3.060229063034057617e+00
3.686955451965332031e+00
3.679795026779174805e+00
3.299542188644409180e+00
3.347261428833007812e+00
2.979246139526367188e+00
2.791253805160522461e+00
2.862626791000366211e+00
2.268414497375488281e+00
1.999972701072692871e+00
2.432825803756713867e+00
2.139688730239868164e+00
2.193348169326782227e+00
2.747147977352142334e-01
1.554381966590881348e+00
2.009216308593750000e+00
2.162986040115356445e+00
2.412781715393066406e+00
2.525739192962646484e+00
2.660871267318725586e+00
3.504984140396118164e+00
3.578667402267456055e+00
3.019212722778320312e+00
2.973290681838989258e+00
3.070583820343017578e+00
2.857192277908325195e+00
3.480890750885009766e+00
3.507944583892822266e+00
3.105628490447998047e+00
3.196735620498657227e+00
2.826379299163818359e+00
2.678075075149536133e+00
2.737100601196289062e+00
2.119819402694702148e+00
1.874770879745483398e+00
2.236923217773437500e+00
1.948262572288513184e+00
1.985324501991271973e+00
1.124012112617492676e+00
1.540117383003234863e+00
1.697153568267822266e+00
1.947501182556152344e+00
2.095132350921630859e+00
2.222803115844726562e+00
3.072616100311279297e+00
3.127184391021728516e+00
2.607538938522338867e+00
2.537610054016113281e+00
2.682777404785156250e+00
2.455668210983276367e+00
3.100778579711914062e+00
3.125786781311035156e+00
2.731544733047485352e+00
2.817516803741455078e+00
2.485746860504150391e+00
2.388349771499633789e+00
2.329609155654907227e+00
1.697231650352478027e+00
1.512119293212890625e+00
1.927694797515869141e+00
1.603597521781921387e+00
1.755226373672485352e+00
3.395148515701293945e-01
2.993894815444946289e-01
6.963214278221130371e-01
7.060943841934204102e-01
8.032809495925903320e-01
1.650657176971435547e+00
1.693461894989013672e+00
1.231214523315429688e+00
1.178697466850280762e+00
1.407911658287048340e+00
1.259498596191406250e+00
1.811357855796813965e+00
1.750217556953430176e+00
1.416315913200378418e+00
1.444734573364257812e+00
1.190662384033203125e+00
1.312285780906677246e+00
9.888848662376403809e-01
3.522404730319976807e-01
4.278959631919860840e-01
7.605462670326232910e-01
3.885906934738159180e-01
7.566365599632263184e-01
1.321689933538436890e-01
2.891028523445129395e-01
2.995826900005340576e-01
5.913661718368530273e-01
1.312689185142517090e+00
1.277552008628845215e+00
9.010189771652221680e-01
7.301838994026184082e-01
1.047648072242736816e+00
8.880808353424072266e-01
1.468250513076782227e+00
1.423073053359985352e+00
1.193081736564636230e+00
1.215242385864257812e+00
1.323797464370727539e+00
1.676151156425476074e+00
9.110788702964782715e-01
4.257459342479705811e-01
9.349052309989929199e-01
1.067356586456298828e+00
6.427249908447265625e-01
1.326642870903015137e+00
3.215715885162353516e-01
3.228144347667694092e-01
3.692226707935333252e-01
1.109107017517089844e+00
1.170374989509582520e+00
9.254496693611145020e-01
7.824081778526306152e-01
1.175194859504699707e+00
1.101210951805114746e+00
1.588312387466430664e+00
1.353185296058654785e+00
1.215128183364868164e+00
9.601370096206665039e-01
9.869135022163391113e-01
1.169056057929992676e+00
3.989796042442321777e-01
3.640819191932678223e-01
6.339202523231506348e-01
9.433023929595947266e-01
7.360671162605285645e-01
1.334482312202453613e+00
1.324770450592041016e-01
6.827209591865539551e-01
1.106423377990722656e+00
9.372488856315612793e-01
7.846172451972961426e-01
4.126200079917907715e-01
8.626593351364135742e-01
7.445968985557556152e-01
1.413624405860900879e+00
1.318409562110900879e+00
1.273620843887329102e+00
1.226186037063598633e+00
1.528026103973388672e+00
1.899573802947998047e+00
1.048984169960021973e+00
6.943688392639160156e-01
1.236414790153503418e+00
1.392418265342712402e+00
9.287484884262084961e-01
1.707534193992614746e+00
3.468267917633056641e-01
8.192234039306640625e-01
6.955190896987915039e-01
3.509817719459533691e-01
3.090147078037261963e-01
5.152711868286132812e-01
5.435828566551208496e-01
8.938497304916381836e-01
9.022448658943176270e-01
6.561174392700195312e-01
7.848471999168395996e-01
1.064988851547241211e+00
1.533330321311950684e+00
6.961950063705444336e-01
4.074313044548034668e-01
9.984520077705383301e-01
9.575672745704650879e-01
5.375360846519470215e-01
1.389161109924316406e+00
4.313995838165283203e-01
6.388536691665649414e-01
3.965086638927459717e-01
6.773651242256164551e-01
9.029557108879089355e-01
1.069738507270812988e+00
1.119000077247619629e+00
7.691781520843505859e-01
8.032850623130798340e-01
4.165879786014556885e-01
8.744482398033142090e-01
1.036230564117431641e+00
2.840420901775360107e-01
3.717566430568695068e-01
8.036951422691345215e-01
8.745986223220825195e-01
8.401255011558532715e-01
1.407537579536437988e+00
1.323928534984588623e-01
3.304507732391357422e-01
6.980079412460327148e-01
7.357028722763061523e-01
1.159026980400085449e+00
8.027266263961791992e-01
3.264560401439666748e-01
7.844010591506958008e-01
4.333585798740386963e-01
1.109842300415039062e+00
1.306406855583190918e+00
6.766050457954406738e-01
1.147028803825378418e+00
1.519369006156921387e+00
1.337544202804565430e+00
1.338788628578186035e+00
1.972807765007019043e+00
3.445767760276794434e-01
5.177862048149108887e-01
6.988293528556823730e-01
1.117489099502563477e+00
8.964376449584960938e-01
5.116474032402038574e-01
9.962902069091796875e-01
6.627898812294006348e-01
1.340007185935974121e+00
1.577678561210632324e+00
9.401994347572326660e-01
1.280129075050354004e+00
1.727258920669555664e+00
1.533743023872375488e+00
1.463696002960205078e+00
2.163575172424316406e+00
3.451232016086578369e-01
3.029465079307556152e-01
6.764963865280151367e-01
5.877073407173156738e-01
3.848023414611816406e-01
3.799213767051696777e-01
3.962872624397277832e-01
8.714242577552795410e-01
1.247751832008361816e+00
5.890230536460876465e-01
7.051520943641662598e-01
1.199046611785888672e+00
8.803645968437194824e-01
7.748593688011169434e-01
1.482254147529602051e+00
1.323252916336059570e-01
2.987335622310638428e-01
7.517983913421630859e-01
8.260244131088256836e-01
8.765001296997070312e-01
1.034561157226562500e+00
1.464033007621765137e+00
1.804749846458435059e+00
1.083387851715087891e+00
8.108876943588256836e-01
1.402327775955200195e+00
1.255319714546203613e+00
1.051288008689880371e+00
1.749333500862121582e+00
3.044616281986236572e-01
3.080125451087951660e-01
5.730147957801818848e-01
4.954775273799896240e-01
9.502674937248229980e-01
1.225638985633850098e+00
1.776860475540161133e+00
1.131552100181579590e+00
9.477521777153015137e-01
1.471469759941101074e+00
1.080731868743896484e+00
9.127424359321594238e-01
1.477096438407897949e+00
8.112129569053649902e-01
1.107504010200500488e+00
9.277008175849914551e-01
1.347605466842651367e+00
1.627844691276550293e+00
2.038820266723632812e+00
1.374164938926696777e+00
9.522485733032226562e-01
1.519387722015380859e+00
1.295108437538146973e+00
1.026082515716552734e+00
1.644540071487426758e+00
3.853487670421600342e-01
4.069205820560455322e-01
9.084458947181701660e-01
1.331367492675781250e+00
1.817997694015502930e+00
1.237439751625061035e+00
1.298610687255859375e+00
1.758086085319519043e+00
1.265508174896240234e+00
1.373511433601379395e+00
1.754652023315429688e+00
3.079782426357269287e-01
2.976385354995727539e-01
8.167216777801513672e-01
1.211745262145996094e+00
7.508920431137084961e-01
1.193268060684204102e+00
1.509204387664794922e+00
1.042544484138488770e+00
1.245538592338562012e+00
1.648693084716796875e+00
1.313493698835372925e-01
3.714970350265502930e-01
8.844296932220458984e-01
5.715975165367126465e-01
8.859582543373107910e-01
1.137968063354492188e+00
5.960704088211059570e-01
9.547026753425598145e-01
1.187186956405639648e+00
2.972400784492492676e-01
5.980037450790405273e-01
3.606230318546295166e-01
8.597019910812377930e-01
1.120014905929565430e+00
6.817913055419921875e-01
1.090511083602905273e+00
1.321543216705322266e+00
3.190312087535858154e-01
4.635214507579803467e-01
5.705612897872924805e-01
7.818394303321838379e-01
3.486278951168060303e-01
7.487689256668090820e-01
9.644591212272644043e-01
6.978603601455688477e-01
6.728565692901611328e-01
8.042229413986206055e-01
6.568732261657714844e-01
9.839712977409362793e-01
1.020407915115356445e+00
4.229466915130615234e-01
6.951129436492919922e-01
6.962277293205261230e-01
8.466286659240722656e-01
1.282727122306823730e+00
1.329296529293060303e-01
3.203137814998626709e-01
2.790424823760986328e-01
6.700749397277832031e-01
3.178216814994812012e-01
3.066448867321014404e-01
4.059928357601165771e-01
1.317745447158813477e-01
3.807485401630401611e-01
3.491640985012054443e-01
