7.020053863525390625e-01
9.890730977058410645e-01
6.833183169364929199e-01
1.275322198867797852e+00
1.400538206100463867e+00
1.907951831817626953e+00
1.637622952461242676e+00
1.144402980804443359e+00
1.172290325164794922e+00
1.370005130767822266e+00
1.296900629997253418e+00
1.341484189033508301e+00
1.115663170814514160e+00
1.120768547058105469e+00
1.380039572715759277e+00
1.910642147064208984e+00
5.751717090606689453e-01
2.655962705612182617e+00
3.148793935775756836e+00
3.219210147857666016e+00
3.087803602218627930e+00
3.622723340988159180e+00
3.864160537719726562e+00
2.311793327331542969e+00
2.204690217971801758e+00
2.115335226058959961e+00
1.655266523361206055e+00
2.048900127410888672e+00
2.006549596786499023e+00
2.120021343231201172e+00
2.205025434494018555e+00
2.230778932571411133e+00
1.629900574684143066e+00
1.959912419319152832e+00
1.470342755317687988e+00
1.638573646545410156e+00
1.915179610252380371e+00
2.500937700271606445e+00
2.415794134140014648e+00
2.785691499710083008e+00
2.568116903305053711e+00
3.253835439682006836e+00
3.312596082687377930e+00
3.285208702087402344e+00
2.953674316406250000e+00
2.336487770080566406e+00
2.382126808166503906e+00
2.964017868041992188e+00
3.374684810638427734e+00
3.876314878463745117e+00
4.055293560028076172e+00
4.232089519500732422e+00
4.575075149536132812e+00
4.251352787017822266e+00
4.063491821289062500e+00
4.166311740875244141e+00
3.778733015060424805e+00
3.834925651550292969e+00
3.556348562240600586e+00
3.364504337310791016e+00
3.140655279159545898e+00
2.997134685516357422e+00
3.269229888916015625e+00
3.573202133178710938e+00
3.694334983825683594e+00
3.646291255950927734e+00
4.053706169128417969e+00
4.455591201782226562e+00
4.058296203613281250e+00
4.204010486602783203e+00
4.175923347473144531e+00
3.561672925949096680e+00
3.055695295333862305e+00
2.549010276794433594e+00
2.391935825347900391e+00
1.116047263145446777e+00
1.078461408615112305e+00
1.030714392662048340e+00
1.327899396419525146e-01
2.796441912651062012e-01
7.127678990364074707e-01
9.014070034027099609e-01
1.561923027038574219e+00
1.361842632293701172e+00
1.297732710838317871e+00
1.246979236602783203e+00
1.134248137474060059e+00
1.589337587356567383e+00
1.773255467414855957e+00
1.627989411354064941e+00
1.738722801208496094e+00
2.260365247726440430e+00
2.615599870681762695e+00
1.452773571014404297e+00
2.729049205780029297e+00
3.271431446075439453e+00
3.264695405960083008e+00
3.266261816024780273e+00
3.821425437927246094e+00
4.080884933471679688e+00
3.111213684082031250e+00
3.015965938568115234e+00
2.991441011428833008e+00
2.549012184143066406e+00
2.820546388626098633e+00
2.567558288574218750e+00
2.715469360351562500e+00
2.584618806838989258e+00
2.512560844421386719e+00
2.351191282272338867e+00
2.704674005508422852e+00
2.164966821670532227e+00
2.017791748046875000e+00
2.390378952026367188e+00
2.961063385009765625e+00
2.839724540710449219e+00
3.023918628692626953e+00
2.856185674667358398e+00
3.603924512863159180e+00
3.889348030090332031e+00
3.772115230560302734e+00
3.447965860366821289e+00
3.102437257766723633e+00
3.052940845489501953e+00
3.321773767471313477e+00
3.501833677291870117e+00
4.034855365753173828e+00
4.344791412353515625e+00
4.691623687744140625e+00
5.023497581481933594e+00
4.690389156341552734e+00
4.555551528930664062e+00
4.797811985015869141e+00
4.436630725860595703e+00
4.502380847930908203e+00
4.289586544036865234e+00
3.989517211914062500e+00
3.916030168533325195e+00
3.805781602859497070e+00
4.073955535888671875e+00
4.338003158569335938e+00
4.447713375091552734e+00
4.472063064575195312e+00
4.757133960723876953e+00
5.040813922882080078e+00
4.528423786163330078e+00
4.679381370544433594e+00
4.549801826477050781e+00
3.905732154846191406e+00
3.263313293457031250e+00
2.470549821853637695e+00
2.282411575317382812e+00
1.775773167610168457e+00
1.880158185958862305e+00
1.977512121200561523e+00
3.181461095809936523e-01
5.297436118125915527e-01
5.724225640296936035e-01
1.327459812164306641e+00
1.185728311538696289e+00
1.259297728538513184e+00
1.115133881568908691e+00
6.327698826789855957e-01
1.667054295539855957e+00
1.866484761238098145e+00
1.821840643882751465e+00
1.921405076980590820e+00
2.517716646194458008e+00
2.777099370956420898e+00
1.725989341735839844e+00
2.642478704452514648e+00
3.124452352523803711e+00
3.158121824264526367e+00
3.190654993057250977e+00
3.754765033721923828e+00
4.011903762817382812e+00
3.309433460235595703e+00
3.215211153030395508e+00
3.230565309524536133e+00
2.802940130233764648e+00
3.017589330673217773e+00
2.604248285293579102e+00
2.781804084777832031e+00
2.461910724639892578e+00
2.496914863586425781e+00
2.444479227066040039e+00
2.823780298233032227e+00
2.308458566665649414e+00
1.976778745651245117e+00
2.351705551147460938e+00
2.825342655181884766e+00
2.727932453155517578e+00
2.657009840011596680e+00
2.527165651321411133e+00
3.395417451858520508e+00
3.776891946792602539e+00
3.652251482009887695e+00
3.244740009307861328e+00
3.282479047775268555e+00
3.151127576828002930e+00
3.242248058319091797e+00
3.256857395172119141e+00
3.779735088348388672e+00
4.027842521667480469e+00
4.470571517944335938e+00
4.828408241271972656e+00
4.543146133422851562e+00
4.457079887390136719e+00
4.886201381683349609e+00
4.477052688598632812e+00
4.535619258880615234e+00
4.411473274230957031e+00
3.997853517532348633e+00
4.086437225341796875e+00
3.996068000793457031e+00
4.260671138763427734e+00
4.504027843475341797e+00
4.582058906555175781e+00
4.627615928649902344e+00
4.846750259399414062e+00
5.096042633056640625e+00
4.534133911132812500e+00
4.667156219482421875e+00
4.502202987670898438e+00
3.849936008453369141e+00
3.161531209945678711e+00
2.309745073318481445e+00
2.089226484298706055e+00
1.869827985763549805e+00
2.018323898315429688e+00
2.127335071563720703e+00
4.665021598339080811e-01
8.017819523811340332e-01
1.355632305145263672e+00
1.115432262420654297e+00
7.906739711761474609e-01
1.260710835456848145e+00
1.316870093345642090e+00
1.783617854118347168e+00
1.946694493293762207e+00
1.757701992988586426e+00
1.850545406341552734e+00
2.197434186935424805e+00
2.421611309051513672e+00
1.347467780113220215e+00
2.543720960617065430e+00
3.137154579162597656e+00
3.010063171386718750e+00
2.950698137283325195e+00
3.545317411422729492e+00
3.790860652923583984e+00
2.998587608337402344e+00
3.045474290847778320e+00
3.000634670257568359e+00
2.543586730957031250e+00
2.891037940979003906e+00
2.522354125976562500e+00
2.840148210525512695e+00
2.613200902938842773e+00
2.387701034545898438e+00
1.980065464973449707e+00
2.377398014068603516e+00
1.894688129425048828e+00
2.029003620147705078e+00
2.559877872467041016e+00
3.143733739852905273e+00
3.032255887985229492e+00
3.276992797851562500e+00
2.987085580825805664e+00
3.634556055068969727e+00
4.007647037506103516e+00
3.941778182983398438e+00
3.619051694869995117e+00
3.165838718414306641e+00
3.095742464065551758e+00
3.213385105133056641e+00
3.445686817169189453e+00
3.983065128326416016e+00
4.428939819335937500e+00
4.794883251190185547e+00
5.063047409057617188e+00
4.676959514617919922e+00
4.525563716888427734e+00
4.627917766571044922e+00
4.386240005493164062e+00
4.553613662719726562e+00
4.373075962066650391e+00
4.038159370422363281e+00
3.869750738143920898e+00
3.742254972457885742e+00
3.991885662078857422e+00
4.166787624359130859e+00
4.209592819213867188e+00
4.215204715728759766e+00
4.464960098266601562e+00
4.761995315551757812e+00
4.208962440490722656e+00
4.309643268585205078e+00
4.180928707122802734e+00
3.531725883483886719e+00
2.832844495773315430e+00
2.078594923019409180e+00
1.876830935478210449e+00
1.328747510910034180e+00
1.482112407684326172e+00
1.551667332649230957e+00
1.327481418848037720e-01
6.277881264686584473e-01
4.350183904170989990e-01
6.416865587234497070e-01
9.611439704895019531e-01
1.033938050270080566e+00
2.277877330780029297e+00
2.335358142852783203e+00
2.233633756637573242e+00
2.158537387847900391e+00
2.412195682525634766e+00
2.369149446487426758e+00
1.533019781112670898e+00
1.981842517852783203e+00
2.579565763473510742e+00
2.430049419403076172e+00
2.445261478424072266e+00
3.033010005950927734e+00
3.280359268188476562e+00
2.974929094314575195e+00
3.095473051071166992e+00
3.229792833328247070e+00
2.823278427124023438e+00
3.106574296951293945e+00
2.357310771942138672e+00
2.750268220901489258e+00
2.324680328369140625e+00
1.993116021156311035e+00
1.896123290061950684e+00
2.246991157531738281e+00
1.885433435440063477e+00
1.797607421875000000e+00
2.604784011840820312e+00
3.111159801483154297e+00
3.139737367630004883e+00
3.225955247879028320e+00
2.688713073730468750e+00
3.263840675354003906e+00
3.859992980957031250e+00
3.867085695266723633e+00
3.531716823577880859e+00
3.236366271972656250e+00
3.010569810867309570e+00
2.784395933151245117e+00
2.895667552947998047e+00
3.437772512435913086e+00
4.022405147552490234e+00
4.498526573181152344e+00
4.733692169189453125e+00
4.324773788452148438e+00
4.158799648284912109e+00
4.369744300842285156e+00
4.173225402832031250e+00
4.411295413970947266e+00
4.350019931793212891e+00
3.876566648483276367e+00
3.801064252853393555e+00
3.713477849960327148e+00
3.943357944488525391e+00
4.025910377502441406e+00
4.079214572906494141e+00
4.063269615173339844e+00
4.261660099029541016e+00
4.472019672393798828e+00
3.844712257385253906e+00
3.947728157043457031e+00
3.755332231521606445e+00
3.099078178405761719e+00
2.390584468841552734e+00
1.539176464080810547e+00
1.373499751091003418e+00
1.429367661476135254e+00
1.637655854225158691e+00
1.807318687438964844e+00
3.852422535419464111e-01
3.825027942657470703e-01
1.135543465614318848e+00
6.967207789421081543e-01
4.142844974994659424e-01
1.986006736755371094e+00
2.049103498458862305e+00
2.057964801788330078e+00
1.975957512855529785e+00
2.517388820648193359e+00
2.446179866790771484e+00
1.622172117233276367e+00
1.867529988288879395e+00
2.414012670516967773e+00
2.331749439239501953e+00
2.406445741653442383e+00
2.976197957992553711e+00
3.222533702850341797e+00
3.026574850082397461e+00
3.024158954620361328e+00
3.184012413024902344e+00
2.808455705642700195e+00
2.928172826766967773e+00
2.186832427978515625e+00
2.459739446640014648e+00
2.014280796051025391e+00
1.888471364974975586e+00
2.017288923263549805e+00
2.340492010116577148e+00
2.027307033538818359e+00
1.541162133216857910e+00
2.218292713165283203e+00
2.659229516983032227e+00
2.665601491928100586e+00
2.646964788436889648e+00
2.207479476928710938e+00
2.922363281250000000e+00
3.491778612136840820e+00
3.439041614532470703e+00
3.050006866455078125e+00
3.076716899871826172e+00
2.793285131454467773e+00
2.634857654571533203e+00
2.620059251785278320e+00
3.158105850219726562e+00
3.598438262939453125e+00
4.119879722595214844e+00
4.395933628082275391e+00
4.053713321685791016e+00
3.937943696975708008e+00
4.341898918151855469e+00
4.026512145996093750e+00
4.180895328521728516e+00
4.129932403564453125e+00
3.630039215087890625e+00
3.743509054183959961e+00
3.705260276794433594e+00
3.944829463958740234e+00
4.066893577575683594e+00
4.156323432922363281e+00
4.142749786376953125e+00
4.333136558532714844e+00
4.508259773254394531e+00
3.870907783508300781e+00
3.974934339523315430e+00
3.747235059738159180e+00
3.091210126876831055e+00
2.366633892059326172e+00
1.481906294822692871e+00
1.316807508468627930e+00
1.653242707252502441e+00
1.850531101226806641e+00
2.026690959930419922e+00
2.754281163215637207e-01
1.301986098289489746e+00
9.185679554939270020e-01
9.992405772209167480e-01
2.685898542404174805e+00
2.610690593719482422e+00
2.593199968338012695e+00
2.370167493820190430e+00
2.577266931533813477e+00
2.285697937011718750e+00
1.697380304336547852e+00
1.379800438880920410e+00
1.948182582855224609e+00
1.780755519866943359e+00
1.896157145500183105e+00
2.452514171600341797e+00
2.686676740646362305e+00
2.880106449127197266e+00
3.049822330474853516e+00
3.259738922119140625e+00
2.918618679046630859e+00
3.117189884185791016e+00
2.146486520767211914e+00
2.488153934478759766e+00
1.986144661903381348e+00
1.569073438644409180e+00
1.761470913887023926e+00
2.064399242401123047e+00
1.877086281776428223e+00
1.582762956619262695e+00
2.477671861648559570e+00
2.936169385910034180e+00
3.044681072235107422e+00
3.088198661804199219e+00
2.188817262649536133e+00
2.787384986877441406e+00
3.560429334640502930e+00
3.609776258468627930e+00
3.279572486877441406e+00
3.165754079818725586e+00
2.792659282684326172e+00
2.271118164062500000e+00
2.258753299713134766e+00
2.796366453170776367e+00
3.503777265548706055e+00
4.048968315124511719e+00
4.264403343200683594e+00
3.839974880218505859e+00
3.650602817535400391e+00
3.994622707366943359e+00
3.828539133071899414e+00
4.125219345092773438e+00
4.113031864166259766e+00
3.586070537567138672e+00
3.614563703536987305e+00
3.574266672134399414e+00
3.771257162094116211e+00
3.773914575576782227e+00
3.859530210494995117e+00
3.817472219467163086e+00
3.971887588500976562e+00
4.102455139160156250e+00
3.407203435897827148e+00
3.513126373291015625e+00
3.241015672683715820e+00
2.593861818313598633e+00
1.862747669219970703e+00
9.871248602867126465e-01
8.606309294700622559e-01
1.657896757125854492e+00
1.929289460182189941e+00
2.126171350479125977e+00
1.107498288154602051e+00
7.518337965011596680e-01
9.189469814300537109e-01
2.555938959121704102e+00
2.446768999099731445e+00
2.411705970764160156e+00
2.160552978515625000e+00
2.251820325851440430e+00
2.002421140670776367e+00
1.384354472160339355e+00
1.309941411018371582e+00
1.923844218254089355e+00
1.636567234992980957e+00
1.652973651885986328e+00
2.255199193954467773e+00
2.487658262252807617e+00
2.602002859115600586e+00
2.806704044342041016e+00
3.000411987304687500e+00
2.643727779388427734e+00
2.891797542572021484e+00
1.946199297904968262e+00
2.331271409988403320e+00
1.856773376464843750e+00
1.418885707855224609e+00
1.383200764656066895e+00
1.723992347717285156e+00
1.590813398361206055e+00
1.410993456840515137e+00
2.326570749282836914e+00
2.816604137420654297e+00
2.925065279006958008e+00
3.051244258880615234e+00
2.189118146896362305e+00
2.715517997741699219e+00
3.431032657623291016e+00
3.493785142898559570e+00
3.188582658767700195e+00
2.946568250656127930e+00
2.607799768447875977e+00
2.170848131179809570e+00
2.261685132980346680e+00
2.801177978515625000e+00
3.478765249252319336e+00
3.961470127105712891e+00
4.183189868927001953e+00
3.748880624771118164e+00
3.560241699218750000e+00
3.798317193984985352e+00
3.663363695144653320e+00
3.956465721130371094e+00
3.932816028594970703e+00
3.423873901367187500e+00
3.395967245101928711e+00
3.328556299209594727e+00
3.535819292068481445e+00
3.514554262161254883e+00
3.569588422775268555e+00
3.510262966156005859e+00
3.684519290924072266e+00
3.840271472930908203e+00
3.121684074401855469e+00
3.214204072952270508e+00
2.973483085632324219e+00
2.317394495010375977e+00
1.595605015754699707e+00
7.259064912796020508e-01
6.618728637695312500e-01
1.260529875755310059e+00
1.552942633628845215e+00
1.751296639442443848e+00
1.595309138298034668e+00
1.868743419647216797e+00
2.805828332901000977e+00
2.775896310806274414e+00
2.589099884033203125e+00
2.424041986465454102e+00
1.991464972496032715e+00
2.184906005859375000e+00
1.377666115760803223e+00
2.377874851226806641e+00
2.915105581283569336e+00
2.656428813934326172e+00
2.455236196517944336e+00
3.103339910507202148e+00
3.307828187942504883e+00
2.804948568344116211e+00
3.082010746002197266e+00
3.134878396987915039e+00
2.707019329071044922e+00
3.165446281433105469e+00
2.594495534896850586e+00
3.083520650863647461e+00
2.797560214996337891e+00
2.343535661697387695e+00
1.416805386543273926e+00
1.881705760955810547e+00
1.609305024147033691e+00
2.174532175064086914e+00
3.036851644515991211e+00
3.603194236755371094e+00
3.636777162551879883e+00
3.943985223770141602e+00
3.321530580520629883e+00
3.725539922714233398e+00
4.155571937561035156e+00
4.326920986175537109e+00
3.996546506881713867e+00
3.327757358551025391e+00
3.197853565216064453e+00
3.132288932800292969e+00
3.455440998077392578e+00
3.977200746536254883e+00
4.622706413269042969e+00
4.931465625762939453e+00
5.165909767150878906e+00
4.702810287475585938e+00
4.497580051422119141e+00
4.348867416381835938e+00
4.314751148223876953e+00
4.605195999145507812e+00
4.507012844085693359e+00
4.129070758819580078e+00
3.770944118499755859e+00
3.602826833724975586e+00
3.814960241317749023e+00
3.840870380401611328e+00
3.796442747116088867e+00
3.729295015335083008e+00
3.937815904617309570e+00
4.256546497344970703e+00
3.613724231719970703e+00
3.625234603881835938e+00
3.506835460662841797e+00
2.864319801330566406e+00
2.066444158554077148e+00
1.502335667610168457e+00
1.177407145500183105e+00
5.325981974601745605e-01
9.486301541328430176e-01
8.939123749732971191e-01
1.331114470958709717e-01
1.596463322639465332e+00
1.483160853385925293e+00
1.505547404289245605e+00
1.311128735542297363e+00
1.852374196052551270e+00
1.539117217063903809e+00
1.048900485038757324e+00
1.333255648612976074e+00
1.615452408790588379e+00
2.005298137664794922e+00
2.164388418197631836e+00
2.452814340591430664e+00
2.734187841415405273e+00
2.012433290481567383e+00
1.919898748397827148e+00
2.164860248565673828e+00
1.896571993827819824e+00
1.892939209938049316e+00
8.988054394721984863e-01
1.135223984718322754e+00
6.779238581657409668e-01
8.362415432929992676e-01
1.664989113807678223e+00
1.833046793937683105e+00
1.228152275085449219e+00
2.807541489601135254e-01
1.113842487335205078e+00
1.578854918479919434e+00
1.772969841957092285e+00
1.946866273880004883e+00
1.104309916496276855e+00
1.672438025474548340e+00
2.206757068634033203e+00
2.240507125854492188e+00
1.946552991867065430e+00
1.913293838500976562e+00
1.565142393112182617e+00
1.491245508193969727e+00
1.797600746154785156e+00
2.272505521774291992e+00
2.471125364303588867e+00
2.863193035125732422e+00
3.115894079208374023e+00
2.764926195144653320e+00
2.656722784042358398e+00
3.134233474731445312e+00
2.701602935791015625e+00
2.846378326416015625e+00
2.814855813980102539e+00
2.395389556884765625e+00
2.508578062057495117e+00
2.533015251159667969e+00
2.759207963943481445e+00
2.963827848434448242e+00
3.154136657714843750e+00
3.283102273941040039e+00
3.477669715881347656e+00
3.563637495040893555e+00
3.220646619796752930e+00
3.565784931182861328e+00
3.459627389907836914e+00
2.905877351760864258e+00
2.564467668533325195e+00
1.941229701042175293e+00
1.933455705642700195e+00
1.621177673339843750e+00
1.707857728004455566e+00
1.971032857894897461e+00
1.676877260208129883e+00
1.584910035133361816e+00
1.680948257446289062e+00
1.506487011909484863e+00
2.167153358459472656e+00
2.041021347045898438e+00
1.346855878829956055e+00
1.667801499366760254e+00
2.049761533737182617e+00
2.313091754913330078e+00
2.467721462249755859e+00
2.879471063613891602e+00
3.159028530120849609e+00
2.571694850921630859e+00
2.485604763031005859e+00
2.684713840484619141e+00
2.335103750228881836e+00
2.377480983734130859e+00
1.591957092285156250e+00
1.796724081039428711e+00
1.348064064979553223e+00
1.418782114982604980e+00
1.978012323379516602e+00
2.208608627319335938e+00
1.729812383651733398e+00
9.390196800231933594e-01
1.526587128639221191e+00
1.921297550201416016e+00
1.952623486518859863e+00
1.955907344818115234e+00
1.437729001045227051e+00
2.214085340499877930e+00
2.754720211029052734e+00
2.689531564712524414e+00
2.283802032470703125e+00
2.501387596130371094e+00
2.173871040344238281e+00
2.122049808502197266e+00
2.106565237045288086e+00
2.615631818771362305e+00
2.860357999801635742e+00
3.358368158340454102e+00
3.667294979095458984e+00
3.371181726455688477e+00
3.299674034118652344e+00
3.833353519439697266e+00
3.425534725189208984e+00
3.515784025192260742e+00
3.480258703231811523e+00
2.966427564620971680e+00
3.181120634078979492e+00
3.169969320297241211e+00
3.409833431243896484e+00
3.611859321594238281e+00
3.763649940490722656e+00
3.854337453842163086e+00
4.055017471313476562e+00
4.190721511840820312e+00
3.728171110153198242e+00
4.000143051147460938e+00
3.840401649475097656e+00
3.228084564208984375e+00
2.796786069869995117e+00
2.149317026138305664e+00
2.159019947052001953e+00
1.956077218055725098e+00
2.043991565704345703e+00
2.305059194564819336e+00
1.331947147846221924e-01
3.299652338027954102e-01
5.525246858596801758e-01
1.993426203727722168e+00
2.490409374237060547e+00
1.644574999809265137e+00
3.217889070510864258e+00
3.511747598648071289e+00
3.863650560379028320e+00
3.906447410583496094e+00
4.246578216552734375e+00
4.517340183258056641e+00
2.660793066024780273e+00
2.178332567214965820e+00
2.081394433975219727e+00
1.683475613594055176e+00
1.675057888031005859e+00
1.836297750473022461e+00
1.620264172554016113e+00
2.123767852783203125e+00
2.595360040664672852e+00
2.870481252670288086e+00
2.932138919830322266e+00
2.413173675537109375e+00
1.806728363037109375e+00
1.231178641319274902e+00
1.684969186782836914e+00
1.483302116394042969e+00
1.849252581596374512e+00
2.218137741088867188e+00
3.041488647460937500e+00
2.739689350128173828e+00
2.494730234146118164e+00
2.214555978775024414e+00
2.089609861373901367e+00
2.206104040145874023e+00
3.121931076049804688e+00
3.529270887374877930e+00
3.919886827468872070e+00
3.662050724029541016e+00
3.643275499343872070e+00
4.145256042480468750e+00
3.986612319946289062e+00
3.808620929718017578e+00
4.317358493804931641e+00
3.608515739440917969e+00
3.432603836059570312e+00
3.101901054382324219e+00
3.004319667816162109e+00
3.099536895751953125e+00
3.045031547546386719e+00
3.377241611480712891e+00
3.836472034454345703e+00
4.116296768188476562e+00
4.209867954254150391e+00
4.645070075988769531e+00
4.897346496582031250e+00
4.753408908843994141e+00
5.102944374084472656e+00
5.069551944732666016e+00
4.528301239013671875e+00
4.272262096405029297e+00
3.730459690093994141e+00
3.669750928878784180e+00
2.772201299667358398e+00
2.618083715438842773e+00
2.861177921295166016e+00
3.187475800514221191e-01
3.097059428691864014e-01
1.835962176322937012e+00
2.227975845336914062e+00
1.568948864936828613e+00
2.928903102874755859e+00
3.186107873916625977e+00
3.576922893524169922e+00
3.635693311691284180e+00
3.940458536148071289e+00
4.210957527160644531e+00
2.398215055465698242e+00
1.927632331848144531e+00
1.881630063056945801e+00
1.457649350166320801e+00
1.404837846755981445e+00
1.472041249275207520e+00
1.263975858688354492e+00
1.758744359016418457e+00
2.236164808273315430e+00
2.706021785736083984e+00
2.717073678970336914e+00
2.219725370407104492e+00
1.465656638145446777e+00
7.879825830459594727e-01
1.176339745521545410e+00
8.810465335845947266e-01
1.242937684059143066e+00
1.790185689926147461e+00
2.623738288879394531e+00
2.171037912368774414e+00
1.870288133621215820e+00
1.627904653549194336e+00
1.789672374725341797e+00
1.862512707710266113e+00
2.767996549606323242e+00
3.200265407562255859e+00
3.545711040496826172e+00
3.142577648162841797e+00
3.063480854034423828e+00
3.615699529647827148e+00
3.543432474136352539e+00
3.351031303405761719e+00
3.978021383285522461e+00
3.251482009887695312e+00
2.974606752395629883e+00
2.672479391098022461e+00
2.617232799530029297e+00
2.806041717529296875e+00
2.778768539428710938e+00
3.088533401489257812e+00
3.541648149490356445e+00
3.832236051559448242e+00
3.951246976852416992e+00
4.357642173767089844e+00
4.575883865356445312e+00
4.452535152435302734e+00
4.825686454772949219e+00
4.790072917938232422e+00
4.266323566436767578e+00
4.059674263000488281e+00
3.570273637771606445e+00
3.533496618270874023e+00
2.693228006362915039e+00
2.494185924530029297e+00
2.792167186737060547e+00
1.332199126482009888e-01
1.383334159851074219e+00
1.901949882507324219e+00
1.200839519500732422e+00
2.891298770904541016e+00
3.185475587844848633e+00
3.498994588851928711e+00
3.487430572509765625e+00
3.806888103485107422e+00
4.066911220550537109e+00
2.030126094818115234e+00
1.583427786827087402e+00
1.472081303596496582e+00
1.081754684448242188e+00
1.135167360305786133e+00
1.408049583435058594e+00
1.221875071525573730e+00
1.729837298393249512e+00
2.237585067749023438e+00
2.364445686340332031e+00
2.367691755294799805e+00
1.888813734054565430e+00
1.380980253219604492e+00
9.172869920730590820e-01
1.369064092636108398e+00
1.359475612640380859e+00
1.934022426605224609e+00
2.068087100982666016e+00
2.745263814926147461e+00
2.440640687942504883e+00
2.215258836746215820e+00
1.923512458801269531e+00
1.537687540054321289e+00
1.690603256225585938e+00
2.696157932281494141e+00
3.261044979095458984e+00
3.608222007751464844e+00
3.466783285140991211e+00
3.389827013015747070e+00
3.835127592086791992e+00
3.616826295852661133e+00
3.400485038757324219e+00
3.759894371032714844e+00
3.112255573272705078e+00
2.997705221176147461e+00
2.642065048217773438e+00
2.569550037384033203e+00
2.557058572769165039e+00
2.453135013580322266e+00
2.769259452819824219e+00
3.221085309982299805e+00
3.492707729339599609e+00
3.574376106262207031e+00
4.032930850982666016e+00
4.317602157592773438e+00
4.206285953521728516e+00
4.560766696929931641e+00
4.554632663726806641e+00
4.042024135589599609e+00
3.880039453506469727e+00
3.424867868423461914e+00
3.404899120330810547e+00
2.407535314559936523e+00
2.136647939682006836e+00
2.450165033340454102e+00
1.222553730010986328e+00
1.611968517303466797e+00
1.009400486946105957e+00
2.538646459579467773e+00
2.830993652343750000e+00
3.145044088363647461e+00
3.141388893127441406e+00
3.453014850616455078e+00
3.714607000350952148e+00
1.796462178230285645e+00
1.373161554336547852e+00
1.386551499366760254e+00
9.595869183540344238e-01
8.537747859954833984e-01
9.764668941497802734e-01
7.222520709037780762e-01
1.295352578163146973e+00
1.879539132118225098e+00
2.115106582641601562e+00
2.094665765762329102e+00
1.617642283439636230e+00
1.026983141899108887e+00
5.043277740478515625e-01
9.741064906120300293e-01
1.002022266387939453e+00
1.591038942337036133e+00
1.669255614280700684e+00
2.280455350875854492e+00
1.947562932968139648e+00
1.796424269676208496e+00
1.468042016029357910e+00
1.210264444351196289e+00
1.293569803237915039e+00
2.352676153182983398e+00
2.915024757385253906e+00
3.174033880233764648e+00
2.990071058273315430e+00
2.880997657775878906e+00
3.320867776870727539e+00
3.129022836685180664e+00
2.923053264617919922e+00
3.419179677963256836e+00
2.691432476043701172e+00
2.544293403625488281e+00
2.247761487960815430e+00
2.200304031372070312e+00
2.230401277542114258e+00
2.245811223983764648e+00
2.518724203109741211e+00
2.984206676483154297e+00
3.245740890502929688e+00
3.346043825149536133e+00
3.759915351867675781e+00
4.022099494934082031e+00
3.881742000579833984e+00
4.241012096405029297e+00
4.224395275115966797e+00
3.711353063583374023e+00
3.562606573104858398e+00
3.119413375854492188e+00
3.129836797714233398e+00
2.211568355560302734e+00
1.925518274307250977e+00
2.278638362884521484e+00
6.574728488922119141e-01
5.442281365394592285e-01
2.406050682067871094e+00
2.705663204193115234e+00
2.840793371200561523e+00
2.629104614257812500e+00
2.958707094192504883e+00
3.160403966903686523e+00
8.839709758758544922e-01
1.096144914627075195e+00
9.291499853134155273e-01
6.155748367309570312e-01
1.137305378913879395e+00
1.327434778213500977e+00
1.675687074661254883e+00
1.792539000511169434e+00
1.902510762214660645e+00
1.001525878906250000e+00
1.001567125320434570e+00
8.042713403701782227e-01
1.299135804176330566e+00
1.799339056015014648e+00
2.097416400909423828e+00
2.465982675552368164e+00
2.996169328689575195e+00
2.600406169891357422e+00
2.729462862014770508e+00
2.528319358825683594e+00
2.886185407638549805e+00
2.550109863281250000e+00
1.416689515113830566e+00
1.542428851127624512e+00
2.303584098815917969e+00
3.056367397308349609e+00
3.464294910430908203e+00
3.697592973709106445e+00
3.629544019699096680e+00
3.876056194305419922e+00
3.480448007583618164e+00
3.201592445373535156e+00
2.866157293319702148e+00
2.678870916366577148e+00
2.826267957687377930e+00
2.575008392333984375e+00
2.371557950973510742e+00
1.822676658630371094e+00
1.577023744583129883e+00
1.813315391540527344e+00
2.071444034576416016e+00
2.180443525314331055e+00
2.127578735351562500e+00
2.669858217239379883e+00
3.139528036117553711e+00
2.999664783477783203e+00
3.263352394104003906e+00
3.335825920104980469e+00
2.886563777923583984e+00
2.793419361114501953e+00
2.598216295242309570e+00
2.667851924896240234e+00
1.276447892189025879e+00
8.198631405830383301e-01
1.209082365036010742e+00
7.582514286041259766e-01
1.602272868156433105e+00
1.871399760246276855e+00
2.012804985046386719e+00
1.781087636947631836e+00
2.045257568359375000e+00
2.219007492065429688e+00
4.018201828002929688e-01
1.054792642593383789e+00
1.194137096405029297e+00
1.087690949440002441e+00
1.410347461700439453e+00
8.408773541450500488e-01
1.328467130661010742e+00
1.195310115814208984e+00
1.181610703468322754e+00
8.064979314804077148e-01
3.688520789146423340e-01
3.397313952445983887e-01
9.212978482246398926e-01
1.778092861175537109e+00
2.031651258468627930e+00
2.485766887664794922e+00
2.896262168884277344e+00
2.205156564712524414e+00
2.024455785751342773e+00
2.136628627777099609e+00
2.660031557083129883e+00
2.363818645477294922e+00
1.351994633674621582e+00
1.203396201133728027e+00
1.472655415534973145e+00
2.219491004943847656e+00
2.647785663604736328e+00
3.056027889251708984e+00
3.024346828460693359e+00
3.247347354888916016e+00
2.768495082855224609e+00
2.507626056671142578e+00
2.116284370422363281e+00
2.106405735015869141e+00
2.411008834838867188e+00
2.306689500808715820e+00
1.980018734931945801e+00
1.457701802253723145e+00
1.257625699043273926e+00
1.414389252662658691e+00
1.425892233848571777e+00
1.402016162872314453e+00
1.387931585311889648e+00
1.752149581909179688e+00
2.187233686447143555e+00
1.962582349777221680e+00
2.234047651290893555e+00
2.317910671234130859e+00
1.934216976165771484e+00
2.186646699905395508e+00
2.137408733367919922e+00
2.406719923019409180e+00
1.344928503036499023e+00
9.941384196281433105e-01
1.507408022880554199e+00
1.887669086456298828e+00
2.294411182403564453e+00
2.359245300292968750e+00
2.216256141662597656e+00
2.623024463653564453e+00
2.865150690078735352e+00
1.287338614463806152e+00
1.405900597572326660e+00
1.454830884933471680e+00
1.019594311714172363e+00
1.481385350227355957e+00
1.081751227378845215e+00
1.532106161117553711e+00
1.434983134269714355e+00
1.343867778778076172e+00
9.862563610076904297e-01
1.029451489448547363e+00
4.891441464424133301e-01
7.949374914169311523e-01
1.626073956489562988e+00
2.061099052429199219e+00
2.272551536560058594e+00
2.765701770782470703e+00
2.186892509460449219e+00
2.430009365081787109e+00
2.554574012756347656e+00
2.833800554275512695e+00
2.491310834884643555e+00
1.646596193313598633e+00
1.557970523834228516e+00
1.955886363983154297e+00
2.637481927871704102e+00
3.077588081359863281e+00
3.417588710784912109e+00
3.499121665954589844e+00
3.746759891510009766e+00
3.322984457015991211e+00
3.098189830780029297e+00
3.032031774520874023e+00
2.785644054412841797e+00
2.976289510726928711e+00
2.830906867980957031e+00
2.525516510009765625e+00
2.170069932937622070e+00
2.028555631637573242e+00
2.277218103408813477e+00
2.485737800598144531e+00
2.590316057205200195e+00
2.632739782333374023e+00
2.970965147018432617e+00
3.311801671981811523e+00
2.985686063766479492e+00
3.248947620391845703e+00
3.233571529388427734e+00
2.686430215835571289e+00
2.518926143646240234e+00
2.107618808746337891e+00
2.113152742385864258e+00
1.036078453063964844e+00
7.906261682510375977e-01
1.045601606369018555e+00
3.235707283020019531e-01
2.878443896770477295e-01
4.872738420963287354e-01
6.886359453201293945e-01
9.670132994651794434e-01
1.939873337745666504e+00
2.386791467666625977e+00
2.641241073608398438e+00
2.587086200714111328e+00
2.694276094436645508e+00
1.502098917961120605e+00
1.804058670997619629e+00
1.338131904602050781e+00
6.206429004669189453e-01
1.178629159927368164e+00
1.289962172508239746e+00
1.166537046432495117e+00
1.357587814331054688e+00
2.272525310516357422e+00
2.641107320785522461e+00
2.842205524444580078e+00
3.005131721496582031e+00
1.576568603515625000e+00
1.601029396057128906e+00
2.582124233245849609e+00
2.916144847869873047e+00
2.750534534454345703e+00
2.289118766784667969e+00
1.837060332298278809e+00
7.794402837753295898e-01
9.891266822814941406e-01
1.451583504676818848e+00
2.449762105941772461e+00
2.802107095718383789e+00
2.965176105499267578e+00
2.416024684906005859e+00
2.122423648834228516e+00
2.373477458953857422e+00
2.393622875213623047e+00
2.904521465301513672e+00
2.997315406799316406e+00
2.459362268447875977e+00
2.452140331268310547e+00
2.498605489730834961e+00
2.505461931228637695e+00
2.362325668334960938e+00
2.498872041702270508e+00
2.406193971633911133e+00
2.413822412490844727e+00
2.432551622390747070e+00
1.757388710975646973e+00
2.005532979965209961e+00
1.791016459465026855e+00
1.290232896804809570e+00
1.385505437850952148e+00
1.382468104362487793e+00
1.743371129035949707e+00
1.935274720191955566e+00
2.050958633422851562e+00
2.483028650283813477e+00
1.332108378410339355e-01
3.442701995372772217e-01
3.722889125347137451e-01
6.234571933746337891e-01
2.082013845443725586e+00
2.609551668167114258e+00
2.884586334228515625e+00
2.894669532775878906e+00
2.866392135620117188e+00
1.674414396286010742e+00
1.735936760902404785e+00
1.391807436943054199e+00
7.810026407241821289e-01
1.420283079147338867e+00
1.464991688728332520e+00
1.503268957138061523e+00
1.545373439788818359e+00
2.301452875137329102e+00
2.520765781402587891e+00
2.679539203643798828e+00
2.843108892440795898e+00
1.315906047821044922e+00
1.072504162788391113e+00
2.338680267333984375e+00
2.600692033767700195e+00
2.515780448913574219e+00
2.305470466613769531e+00
1.829168796539306641e+00
5.764148235321044922e-01
3.711829185485839844e-01
8.450372219085693359e-01
1.921592354774475098e+00
2.325585842132568359e+00
2.462289810180664062e+00
1.946310400962829590e+00
1.664984941482543945e+00
2.177382946014404297e+00
2.208482027053833008e+00
2.715594768524169922e+00
2.861742973327636719e+00
2.306815385818481445e+00
2.536429166793823242e+00
2.614381313323974609e+00
2.520191431045532227e+00
2.280745029449462891e+00
2.372725963592529297e+00
2.253178834915161133e+00
2.196459293365478516e+00
2.179226875305175781e+00
1.546917080879211426e+00
1.789590001106262207e+00
1.575954437255859375e+00
1.211817622184753418e+00
1.472923874855041504e+00
1.656105279922485352e+00
2.134758710861206055e+00
2.307304620742797852e+00
2.346770763397216797e+00
2.821033239364624023e+00
1.329477280378341675e-01
3.530677855014801025e-01
5.475617051124572754e-01
2.291201591491699219e+00
2.879468441009521484e+00
3.119814872741699219e+00
3.097015857696533203e+00
3.239393472671508789e+00
2.076891183853149414e+00
2.374348878860473633e+00
1.918531775474548340e+00
1.219011187553405762e+00
1.405067205429077148e+00
1.516314744949340820e+00
1.643582582473754883e+00
1.985152006149291992e+00
2.888246774673461914e+00
3.229723453521728516e+00
3.455587863922119141e+00
3.609816312789916992e+00
2.009868860244750977e+00
1.974017500877380371e+00
3.041347265243530273e+00
3.405910253524780273e+00
3.282334804534912109e+00
2.758040189743041992e+00
2.298500299453735352e+00
9.731457233428955078e-01
1.207847476005554199e+00
1.533511400222778320e+00
2.808542728424072266e+00
3.108397245407104492e+00
3.208116054534912109e+00
2.639001131057739258e+00
2.298064470291137695e+00
2.413834333419799805e+00
2.622946977615356445e+00
3.268947601318359375e+00
3.398588657379150391e+00
2.844870328903198242e+00
2.789247274398803711e+00
2.853626012802124023e+00
2.759977102279663086e+00
2.498987913131713867e+00
2.561612606048583984e+00
2.389649152755737305e+00
2.306356906890869141e+00
2.288269996643066406e+00
1.481095075607299805e+00
1.647549748420715332e+00
1.333646178245544434e+00
8.933542370796203613e-01
1.129297494888305664e+00
1.296067833900451660e+00
1.757060527801513672e+00
2.150859117507934570e+00
2.272364139556884766e+00
2.696055412292480469e+00
1.331465691328048706e-01
2.936454117298126221e-01
2.175823688507080078e+00
2.832147359848022461e+00
3.047465324401855469e+00
2.991443634033203125e+00
3.223985195159912109e+00
2.113054990768432617e+00
2.513691663742065430e+00
2.044770479202270508e+00
1.369259595870971680e+00
1.145602345466613770e+00
1.238611221313476562e+00
1.458552956581115723e+00
2.051921367645263672e+00
2.997196435928344727e+00
3.385444402694702148e+00
3.643620729446411133e+00
3.865368604660034180e+00
2.379007101058959961e+00
2.177634477615356445e+00
3.178096771240234375e+00
3.596642255783081055e+00
3.471976757049560547e+00
2.829036235809326172e+00
2.401955604553222656e+00
1.064658761024475098e+00
1.415477037429809570e+00
1.776873707771301270e+00
3.021908044815063477e+00
3.274736881256103516e+00
3.324015617370605469e+00
2.746510505676269531e+00
2.390170097351074219e+00
2.170497417449951172e+00
2.584398031234741211e+00
3.325782299041748047e+00
3.442959308624267578e+00
2.923737764358520508e+00
2.719681739807128906e+00
2.733488559722900391e+00
2.584942579269409180e+00
2.210970878601074219e+00
2.193353414535522461e+00
1.990320324897766113e+00
1.871987462043762207e+00
1.848571896553039551e+00
1.033680796623229980e+00
1.225200057029724121e+00
1.016934871673583984e+00
6.035535931587219238e-01
7.788505554199218750e-01
1.063989758491516113e+00
1.559947133064270020e+00
1.873992323875427246e+00
1.982049226760864258e+00
2.398566961288452148e+00
1.335456073284149170e-01
2.283733129501342773e+00
2.987277984619140625e+00
3.210508584976196289e+00
3.239943504333496094e+00
3.402324914932250977e+00
2.303140163421630859e+00
2.559905052185058594e+00
2.165991544723510742e+00
1.493084311485290527e+00
1.608460664749145508e+00
1.559784650802612305e+00
1.774123311042785645e+00
2.306970357894897461e+00
3.150453805923461914e+00
3.405533790588378906e+00
3.591594696044921875e+00
3.766035318374633789e+00
2.288574695587158203e+00
1.850010275840759277e+00
3.048675060272216797e+00
3.407173156738281250e+00
3.355769634246826172e+00
2.820044517517089844e+00
2.366536855697631836e+00
8.962507843971252441e-01
9.999949932098388672e-01
1.219297051429748535e+00
2.590402603149414062e+00
2.901624917984008789e+00
2.916944026947021484e+00
2.354549407958984375e+00
1.984175443649291992e+00
1.980612754821777344e+00
2.431412220001220703e+00
3.186187744140625000e+00
3.353460073471069336e+00
2.798195838928222656e+00
2.703642845153808594e+00
2.752244710922241211e+00
2.557797431945800781e+00
2.153311967849731445e+00
2.136028528213500977e+00
1.969620704650878906e+00
1.773858308792114258e+00
1.674689054489135742e+00
9.273601174354553223e-01
1.121535062789916992e+00
1.043697834014892578e+00
8.860805034637451172e-01
1.406549572944641113e+00
1.738042831420898438e+00
2.224104881286621094e+00
2.472126722335815430e+00
2.511677265167236328e+00
2.969996690750122070e+00
2.453040361404418945e+00
3.191840410232543945e+00
3.406234502792358398e+00
3.456818580627441406e+00
3.626947879791259766e+00
2.554994583129882812e+00
2.855786561965942383e+00
2.425557136535644531e+00
1.759470105171203613e+00
1.820023775100708008e+00
1.697373032569885254e+00
1.993786215782165527e+00
2.578856945037841797e+00
3.436202049255371094e+00
3.729429244995117188e+00
3.993235588073730469e+00
4.205263614654541016e+00
2.714281558990478516e+00
2.348100900650024414e+00
3.342355251312255859e+00
3.808225154876708984e+00
3.729535341262817383e+00
3.040043830871582031e+00
2.599765300750732422e+00
1.177415490150451660e+00
1.541608691215515137e+00
1.793805718421936035e+00
3.134445905685424805e+00
3.325614213943481445e+00
3.330194711685180664e+00
2.757377624511718750e+00
2.389227151870727539e+00
2.202183246612548828e+00
2.644034624099731445e+00
3.422439575195312500e+00
3.567574501037597656e+00
3.038489818572998047e+00
2.885295867919921875e+00
2.916982173919677734e+00
2.739399433135986328e+00
2.318131208419799805e+00
2.228912830352783203e+00
2.021630287170410156e+00
1.807414889335632324e+00
1.721702933311462402e+00
7.547981739044189453e-01
8.873093724250793457e-01
6.382958889007568359e-01
6.259750127792358398e-01
1.448601961135864258e+00
1.894810199737548828e+00
2.347280502319335938e+00
2.669178247451782227e+00
2.702491521835327148e+00
3.152943372726440430e+00
6.888086199760437012e-01
6.967677474021911621e-01
8.801859617233276367e-01
1.105256915092468262e+00
1.061803817749023438e+00
1.397966504096984863e+00
1.443227171897888184e+00
1.585473537445068359e+00
1.382756471633911133e+00
9.425840973854064941e-01
8.995999097824096680e-01
1.380073308944702148e+00
1.902618885040283203e+00
1.972068309783935547e+00
2.543708086013793945e+00
2.968224525451660156e+00
2.468093872070312500e+00
1.998002886772155762e+00
1.899862885475158691e+00
2.578583717346191406e+00
2.293212890625000000e+00
1.048154473304748535e+00
1.091352224349975586e+00
1.562706232070922852e+00
2.300989627838134766e+00
2.653013944625854492e+00
2.999507427215576172e+00
2.790724515914916992e+00
2.980226278305053711e+00
2.508724451065063477e+00
2.200604200363159180e+00
1.683327674865722656e+00
1.617110967636108398e+00
1.961215972900390625e+00
1.782882452011108398e+00
1.451984047889709473e+00
8.829220533370971680e-01
7.220823168754577637e-01
8.829523921012878418e-01
9.613193869590759277e-01
9.472020864486694336e-01
8.859770894050598145e-01
1.413632035255432129e+00
1.935471653938293457e+00
1.981578826904296875e+00
2.261522531509399414e+00
2.431914567947387695e+00
2.240707397460937500e+00
2.677109956741333008e+00
2.701213598251342773e+00
2.986072063446044922e+00
1.955592155456542969e+00
1.619585633277893066e+00
2.114324808120727539e+00
1.330759674310684204e-01
3.112261295318603516e-01
2.918265163898468018e-01
7.405414581298828125e-01
1.011671543121337891e+00
1.227136969566345215e+00
1.804377555847167969e+00
1.976819157600402832e+00
1.651908040046691895e+00
1.328550815582275391e+00
1.264817595481872559e+00
1.247397899627685547e+00
1.339884996414184570e+00
1.904621481895446777e+00
2.398854970932006836e+00
2.166375637054443359e+00
1.949008107185363770e+00
1.249089837074279785e+00
1.872585892677307129e+00
1.652327537536621094e+00
3.532240092754364014e-01
6.687452197074890137e-01
1.863730072975158691e+00
2.529601335525512695e+00
2.779591560363769531e+00
2.750306606292724609e+00
2.404392004013061523e+00
2.624063730239868164e+00
2.315825939178466797e+00
1.957364678382873535e+00
1.933433294296264648e+00
1.333245754241943359e+00
1.303266167640686035e+00
9.456363320350646973e-01
9.192447662353515625e-01
5.390996932983398438e-01
5.250312089920043945e-01
8.012955188751220703e-01
1.362274885177612305e+00
1.774209380149841309e+00
1.960349798202514648e+00
2.429416418075561523e+00
2.591274976730346680e+00
2.902754545211791992e+00
3.349283218383789062e+00
3.516956329345703125e+00
3.209712505340576172e+00
3.452671289443969727e+00
3.248089790344238281e+00
3.457143545150756836e+00
2.417285919189453125e+00
2.010394811630249023e+00
2.511138677597045898e+00
1.326324939727783203e-01
3.176267743110656738e-01
1.000205993652343750e+00
1.257102847099304199e+00
1.504372477531433105e+00
2.072312593460083008e+00
1.998285889625549316e+00
1.647504806518554688e+00
1.530663847923278809e+00
1.512780189514160156e+00
1.350101709365844727e+00
1.534094572067260742e+00
2.060218572616577148e+00
2.592299222946166992e+00
2.427417755126953125e+00
2.314098119735717773e+00
1.686008214950561523e+00
2.191058397293090820e+00
1.906243443489074707e+00
5.648344159126281738e-01
9.347563385963439941e-01
2.136320114135742188e+00
2.861765623092651367e+00
3.148842096328735352e+00
3.157328605651855469e+00
2.891923427581787109e+00
3.127700090408325195e+00
2.817770481109619141e+00
2.480753660202026367e+00
2.392241477966308594e+00
1.894016385078430176e+00
1.885841608047485352e+00
1.535192012786865234e+00
1.484361052513122559e+00
1.001905679702758789e+00
7.830371260643005371e-01
1.078738093376159668e+00
1.554847955703735352e+00
1.830572724342346191e+00
1.850736021995544434e+00
2.477913856506347656e+00
2.826024293899536133e+00
3.061569929122924805e+00
3.425529479980468750e+00
3.580673217773437500e+00
3.298601627349853516e+00
3.573906898498535156e+00
3.429881334304809570e+00
3.625307321548461914e+00
2.428466558456420898e+00
1.991026282310485840e+00
2.454930067062377930e+00
1.334192305803298950e-01
9.306917786598205566e-01
9.709910154342651367e-01
1.442836523056030273e+00
1.986210942268371582e+00
1.806574344635009766e+00
1.591130375862121582e+00
1.336955308914184570e+00
1.281026482582092285e+00
9.563279747962951660e-01
1.267076134681701660e+00
1.696181058883666992e+00
2.259945631027221680e+00
2.235770225524902344e+00
2.391916275024414062e+00
1.771424651145935059e+00
2.041814565658569336e+00
1.727865457534790039e+00
5.774556398391723633e-01
9.887521862983703613e-01
2.208973884582519531e+00
2.950330495834350586e+00
3.250990867614746094e+00
3.204932212829589844e+00
2.962677955627441406e+00
3.263703346252441406e+00
2.990682601928710938e+00
2.669052362442016602e+00
2.655447006225585938e+00
2.124550342559814453e+00
2.093628406524658203e+00
1.707473993301391602e+00
1.731963634490966797e+00
1.321632623672485352e+00
1.116938471794128418e+00
1.456981062889099121e+00
1.955025076866149902e+00
2.242029905319213867e+00
2.246153593063354492e+00
2.841308116912841797e+00
3.225451707839965820e+00
3.308722972869873047e+00
3.660028457641601562e+00
3.757479190826416016e+00
3.360223293304443359e+00
3.455851078033447266e+00
3.187758922576904297e+00
3.315385341644287109e+00
2.138016462326049805e+00
1.693330526351928711e+00
2.124107360839843750e+00
7.341215610504150391e-01
6.915023326873779297e-01
1.260213494300842285e+00
1.947783827781677246e+00
2.247673749923706055e+00
1.977572321891784668e+00
1.670686364173889160e+00
1.288083434104919434e+00
6.867884397506713867e-01
9.331083893775939941e-01
1.391601681709289551e+00
1.948845863342285156e+00
1.999767065048217773e+00
2.182429790496826172e+00
1.519564390182495117e+00
1.696825742721557617e+00
1.386374831199645996e+00
3.833898603916168213e-01
8.038409352302551270e-01
2.158186674118041992e+00
2.835521221160888672e+00
3.084657430648803711e+00
2.935643434524536133e+00
2.663023710250854492e+00
3.020615577697753906e+00
2.788542747497558594e+00
2.488705873489379883e+00
2.716202259063720703e+00
2.043906450271606445e+00
1.916909456253051758e+00
1.461719036102294922e+00
1.577952861785888672e+00
1.308431982994079590e+00
1.164615869522094727e+00
1.551982998847961426e+00
2.083707332611083984e+00
2.426504373550415039e+00
2.528986454010009766e+00
3.060752153396606445e+00
3.346739292144775391e+00
3.490508079528808594e+00
3.888847351074218750e+00
3.998174190521240234e+00
3.636709451675415039e+00
3.805676221847534180e+00
3.542932033538818359e+00
3.693001508712768555e+00
2.602531671524047852e+00
2.174299955368041992e+00
2.637221097946166992e+00
1.338083148002624512e-01
3.025057017803192139e-01
8.066665530204772949e-01
1.467280507087707520e+00
1.471100091934204102e+00
7.930004596710205078e-01
3.364375233650207520e-01
5.537065863609313965e-01
8.405699133872985840e-01
1.239305973052978516e+00
1.605924963951110840e+00
1.122252345085144043e+00
1.278104543685913086e+00
1.179311394691467285e+00
1.454978942871093750e+00
1.139548897743225098e+00
5.651703476905822754e-01
2.763417363166809082e-01
1.080138087272644043e+00
1.749666810035705566e+00
2.078805685043334961e+00
2.193193197250366211e+00
2.177500247955322266e+00
2.467135906219482422e+00
2.162734508514404297e+00
1.938585638999938965e+00
2.272888660430908203e+00
1.677784681320190430e+00
1.707695841789245605e+00
1.559696078300476074e+00
1.212969422340393066e+00
1.335392832756042480e+00
1.389000535011291504e+00
1.625149250030517578e+00
1.974705100059509277e+00
2.240348100662231445e+00
2.445035696029663086e+00
2.696879148483276367e+00
2.834449291229248047e+00
2.737012863159179688e+00
3.126896619796752930e+00
3.144059419631958008e+00
2.712134838104248047e+00
2.797270298004150391e+00
2.517681360244750977e+00
2.735060691833496094e+00
2.043057918548583984e+00
1.854472637176513672e+00
2.322944879531860352e+00
1.325770318508148193e-01
6.992218494415283203e-01
2.026530265808105469e+00
1.993845820426940918e+00
1.344273328781127930e+00
6.418539285659790039e-01
3.397082686424255371e-01
2.674376070499420166e-01
8.110442757606506348e-01
1.206942915916442871e+00
8.413037657737731934e-01
9.556577801704406738e-01
1.054839253425598145e+00
1.023602008819580078e+00
6.780515313148498535e-01
7.753993868827819824e-01
3.056946396827697754e-01
1.158893346786499023e+00
1.649010062217712402e+00
1.849227309226989746e+00
1.765833377838134766e+00
1.835423111915588379e+00
2.128190279006958008e+00
1.848975300788879395e+00
1.705284953117370605e+00
2.377898931503295898e+00
1.669109106063842773e+00
1.665374040603637695e+00
1.513296127319335938e+00
1.126690864562988281e+00
1.468610048294067383e+00
1.571746826171875000e+00
1.794512629508972168e+00
2.162972450256347656e+00
2.500789642333984375e+00
2.743950605392456055e+00
2.999426364898681641e+00
3.056575775146484375e+00
3.080612897872924805e+00
3.480218887329101562e+00
3.539901971817016602e+00
3.162416934967041016e+00
3.290794610977172852e+00
3.015505552291870117e+00
3.236650466918945312e+00
2.583292722702026367e+00
2.331875801086425781e+00
2.821161508560180664e+00
3.955343663692474365e-01
1.632241964340209961e+00
1.662346601486206055e+00
1.008883118629455566e+00
3.784136176109313965e-01
7.539520859718322754e-01
9.973125457763671875e-01
1.334297060966491699e+00
1.651184201240539551e+00
7.409597635269165039e-01
8.624982237815856934e-01
1.211826205253601074e+00
1.429917693138122559e+00
1.175272703170776367e+00
1.007018804550170898e+00
4.800827801227569580e-01
8.194652199745178223e-01
1.353113651275634766e+00
1.618920445442199707e+00
1.756907820701599121e+00
1.999863266944885254e+00
2.248416185379028320e+00
1.894076228141784668e+00
1.751742005348205566e+00
2.253000974655151367e+00
1.717623353004455566e+00
1.795588850975036621e+00
1.762414932250976562e+00
1.244871854782104492e+00
1.609634637832641602e+00
1.720713615417480469e+00
1.917236804962158203e+00
2.136202812194824219e+00
2.427476167678833008e+00
2.639991283416748047e+00
2.813245534896850586e+00
2.839245319366455078e+00
2.716891288757324219e+00
3.104841709136962891e+00
3.123780012130737305e+00
2.715472698211669922e+00
2.819350957870483398e+00
2.557016611099243164e+00
2.804191589355468750e+00
2.290465831756591797e+00
2.160639762878417969e+00
2.633838415145874023e+00
1.120422601699829102e+00
1.245627522468566895e+00
7.506501674652099609e-01
6.536130905151367188e-01
1.249319076538085938e+00
1.468884706497192383e+00
1.685303926467895508e+00
1.889761805534362793e+00
8.369088172912597656e-01
7.275099158287048340e-01
1.555611610412597656e+00
1.735848546028137207e+00
1.546926379203796387e+00
1.539238452911376953e+00
1.144939899444580078e+00
4.768165647983551025e-01
8.696290254592895508e-01
1.217068195343017578e+00
1.626675605773925781e+00
1.947140932083129883e+00
2.177069187164306641e+00
1.764443755149841309e+00
1.623598933219909668e+00
2.179233074188232422e+00
1.903591513633728027e+00
2.122788906097412109e+00
2.181552648544311523e+00
1.655252814292907715e+00
1.991676330566406250e+00
2.056653738021850586e+00
2.136983633041381836e+00
2.141818523406982422e+00
2.345293521881103516e+00
2.408809661865234375e+00
2.509075403213500977e+00
2.526875734329223633e+00
2.204216241836547852e+00
2.562453031539916992e+00
2.524543046951293945e+00
2.085112333297729492e+00
2.117954254150390625e+00
1.836586833000183105e+00
2.107865095138549805e+00
1.817260384559631348e+00
1.817937612533569336e+00
2.273144960403442383e+00
2.956575453281402588e-01
4.431198835372924805e-01
1.310599327087402344e+00
2.383038282394409180e+00
2.787707567214965820e+00
3.119362831115722656e+00
3.474876642227172852e+00
2.521557569503784180e+00
2.355337858200073242e+00
2.875400066375732422e+00
3.338811159133911133e+00
3.075597286224365234e+00
2.264438390731811523e+00
1.997682929039001465e+00
1.622940063476562500e+00
2.151733636856079102e+00
2.656030893325805664e+00
3.385024070739746094e+00
3.512279987335205078e+00
3.709315061569213867e+00
3.162003755569458008e+00
2.900506019592285156e+00
2.604188442230224609e+00
2.709209203720092773e+00
3.153356313705444336e+00
3.123424530029296875e+00
2.713654756546020508e+00
2.297865867614746094e+00
2.190887928009033203e+00
2.295871734619140625e+00
2.181509733200073242e+00
2.178035020828247070e+00
2.101674318313598633e+00
2.294213056564331055e+00
2.543009281158447266e+00
1.997225880622863770e+00
2.121128320693969727e+00
2.063002586364746094e+00
1.459654331207275391e+00
1.218054175376892090e+00
1.064866065979003906e+00
1.317180752754211426e+00
5.121737718582153320e-01
2.691992223262786865e-01
7.725610733032226562e-01
4.045749008655548096e-01
1.400687932968139648e+00
2.409395694732666016e+00
2.707282781600952148e+00
3.151787281036376953e+00
3.531919956207275391e+00
2.634105443954467773e+00
2.319162845611572266e+00
2.736465215682983398e+00
3.298048019409179688e+00
3.040778636932373047e+00
1.999975442886352539e+00
1.841158270835876465e+00
1.562457680702209473e+00
2.173897743225097656e+00
2.683940649032592773e+00
3.372738122940063477e+00
3.407516002655029297e+00
3.591675043106079102e+00
3.038696289062500000e+00
2.774632215499877930e+00
2.275910615921020508e+00
2.462845802307128906e+00
2.930235385894775391e+00
2.839449882507324219e+00
2.474150419235229492e+00
1.951464533805847168e+00
1.788845896720886230e+00
1.912004351615905762e+00
1.767463564872741699e+00
1.709000945091247559e+00
1.580759048461914062e+00
1.773851275444030762e+00
2.078097820281982422e+00
1.593352794647216797e+00
1.774440407752990723e+00
1.793772459030151367e+00
1.322273015975952148e+00
1.566018581390380859e+00
1.522225260734558105e+00
1.830071568489074707e+00
9.546422958374023438e-01
7.028739452362060547e-01
1.187576889991760254e+00
7.282891869544982910e-01
1.743737697601318359e+00
2.097519636154174805e+00
2.479199409484863281e+00
2.838793039321899414e+00
1.981509327888488770e+00
1.849685788154602051e+00
2.215084552764892578e+00
2.673457145690917969e+00
2.399781703948974609e+00
1.559366941452026367e+00
1.319323420524597168e+00
1.213614821434020996e+00
1.901425838470458984e+00
2.370977401733398438e+00
2.881102800369262695e+00
2.968014717102050781e+00
3.187418222427368164e+00
2.687196016311645508e+00
2.468053579330444336e+00
2.274527788162231445e+00
2.193213224411010742e+00
2.539179801940917969e+00
2.501088857650756836e+00
2.103577852249145508e+00
1.734885692596435547e+00
1.640874385833740234e+00
1.833666682243347168e+00
1.828918218612670898e+00
1.883921265602111816e+00
1.925508022308349609e+00
2.145124197006225586e+00
2.420034170150756836e+00
2.051260471343994141e+00
2.355150699615478516e+00
2.344039201736450195e+00
1.856866717338562012e+00
1.964772224426269531e+00
1.755010604858398438e+00
1.941124677658081055e+00
8.851267099380493164e-01
6.096419095993041992e-01
1.064484119415283203e+00
7.488128542900085449e-01
1.252570629119873047e+00
1.482880353927612305e+00
1.847994446754455566e+00
9.870391488075256348e-01
1.421382904052734375e+00
1.730229496955871582e+00
1.861529707908630371e+00
1.556966185569763184e+00
1.271250605583190918e+00
8.939298391342163086e-01
1.227211475372314453e+00
1.717956542968750000e+00
2.085142612457275391e+00
2.273342132568359375e+00
2.551178693771362305e+00
2.814281940460205078e+00
2.466370105743408203e+00
2.301751613616943359e+00
2.717251300811767578e+00
2.198295831680297852e+00
2.305400371551513672e+00
2.235725164413452148e+00
1.763557791709899902e+00
1.908478975296020508e+00
1.915447115898132324e+00
2.157494544982910156e+00
2.416057109832763672e+00
2.600306987762451172e+00
2.762830257415771484e+00
2.981009244918823242e+00
3.153834104537963867e+00
2.886207103729248047e+00
3.252138376235961914e+00
3.198145627975463867e+00
2.689285993576049805e+00
2.609207153320312500e+00
2.241705179214477539e+00
2.391829252243041992e+00
1.718265414237976074e+00
1.576612353324890137e+00
2.020567893981933594e+00
4.142577648162841797e-01
4.998697638511657715e-01
1.025024294853210449e+00
9.642758965492248535e-01
1.582784414291381836e+00
1.392567038536071777e+00
1.226371169090270996e+00
8.992192745208740234e-01
1.005271434783935547e+00
9.750583767890930176e-01
1.808948516845703125e+00
2.266127586364746094e+00
2.499710559844970703e+00
2.269493818283081055e+00
2.268214225769042969e+00
2.697587251663208008e+00
2.511306047439575195e+00
2.362973451614379883e+00
3.063416004180908203e+00
2.294500350952148438e+00
2.123274564743041992e+00
1.813641428947448730e+00
1.658893465995788574e+00
1.937793612480163574e+00
2.045917749404907227e+00
2.355211973190307617e+00
2.824768066406250000e+00
3.167534112930297852e+00
3.374679803848266602e+00
3.664523124694824219e+00
3.735411167144775391e+00
3.702648162841796875e+00
4.096287727355957031e+00
4.115472316741943359e+00
3.673353672027587891e+00
3.652222156524658203e+00
3.271229028701782227e+00
3.388859272003173828e+00
2.738086462020874023e+00
2.524891614913940430e+00
2.953159570693969727e+00
1.329079717397689819e-01
4.598938524723052979e-01
9.470820426940917969e-01
1.528152585029602051e+00
9.525269269943237305e-01
6.220401525497436523e-01
4.074149727821350098e-01
8.873487710952758789e-01
9.146819710731506348e-01
2.027219295501708984e+00
2.390927314758300781e+00
2.493306159973144531e+00
1.995237708091735840e+00
1.790146827697753906e+00
2.371328115463256836e+00
2.325500011444091797e+00
2.082905292510986328e+00
2.921280860900878906e+00
1.993846058845520020e+00
1.703242182731628418e+00
1.505487203598022461e+00
1.298788428306579590e+00
1.679760694503784180e+00
1.919961094856262207e+00
2.180899620056152344e+00
2.660367012023925781e+00
3.100708007812500000e+00
3.336683750152587891e+00
3.666182756423950195e+00
3.707540988922119141e+00
3.847431182861328125e+00
4.270554542541503906e+00
4.366044521331787109e+00
4.000511169433593750e+00
4.116473674774169922e+00
3.770880460739135742e+00
3.907623052597045898e+00
3.220539569854736328e+00
2.924632787704467773e+00
3.386494398117065430e+00
1.335055828094482422e-01
9.577065706253051758e-01
1.625201106071472168e+00
1.105560421943664551e+00
7.983207106590270996e-01
3.930892944335937500e-01
1.506197094917297363e+00
1.460014462471008301e+00
2.282207727432250977e+00
2.467270374298095703e+00
2.554276466369628906e+00
1.882633686065673828e+00
1.833065032958984375e+00
2.423542976379394531e+00
2.459856748580932617e+00
2.329690456390380859e+00
3.409424304962158203e+00
2.467468023300170898e+00
2.147666215896606445e+00
2.018565177917480469e+00
1.756110906600952148e+00
2.259558200836181641e+00
2.518083095550537109e+00
2.793764114379882812e+00
3.232540845870971680e+00
3.709683656692504883e+00
3.952401161193847656e+00
4.215287208557128906e+00
4.194500923156738281e+00
4.280004024505615234e+00
4.684037208557128906e+00
4.742099761962890625e+00
4.345620155334472656e+00
4.367136001586914062e+00
3.967563867568969727e+00
4.057801246643066406e+00
3.427801847457885742e+00
3.292100429534912109e+00
3.607478618621826172e+00
1.014236569404602051e+00
1.744754314422607422e+00
1.229230761528015137e+00
9.098144769668579102e-01
3.287918567657470703e-01
1.899076342582702637e+00
1.799827098846435547e+00
2.523753643035888672e+00
2.590756177902221680e+00
2.633822441101074219e+00
1.830097198486328125e+00
1.730320930480957031e+00
2.371735572814941406e+00
2.496310949325561523e+00
2.401395559310913086e+00
3.669982671737670898e+00
2.709518194198608398e+00
2.356152534484863281e+00
2.327430248260498047e+00
2.010898351669311523e+00
2.633235454559326172e+00
2.957178354263305664e+00
3.123766183853149414e+00
3.531208992004394531e+00
4.040271282196044922e+00
4.311104774475097656e+00
4.518812179565429688e+00
4.466078281402587891e+00
4.562520503997802734e+00
4.964275360107421875e+00
5.017832279205322266e+00
4.606301307678222656e+00
4.591331005096435547e+00
4.162854671478271484e+00
4.250308513641357422e+00
3.846374273300170898e+00
3.682810544967651367e+00
4.096189022064208984e+00
8.604149222373962402e-01
1.428907632827758789e+00
1.384492039680480957e+00
9.901833534240722656e-01
1.831469893455505371e+00
1.386981368064880371e+00
1.302367329597473145e+00
1.013239622116088867e+00
1.313796043395996094e+00
1.279738187789916992e+00
1.862473249435424805e+00
2.214811086654663086e+00
1.991262435913085938e+00
1.981661081314086914e+00
3.038203954696655273e+00
2.373719453811645508e+00
2.339963912963867188e+00
2.389771461486816406e+00
1.831939220428466797e+00
2.524967432022094727e+00
2.676757097244262695e+00
2.864375114440917969e+00
3.038465499877929688e+00
3.435602426528930664e+00
3.646249771118164062e+00
3.671755313873291016e+00
3.579912424087524414e+00
3.369325399398803711e+00
3.702033042907714844e+00
3.649498701095581055e+00
3.217369318008422852e+00
3.193827867507934570e+00
2.927903175354003906e+00
3.140515804290771484e+00
3.044557094573974609e+00
2.993058443069458008e+00
3.404728889465332031e+00
1.127118468284606934e+00
1.327371716499328613e+00
1.319296121597290039e+00
1.457073926925659180e+00
1.061592340469360352e+00
7.669487595558166504e-01
6.418686509132385254e-01
4.789611697196960449e-01
7.599180936813354492e-01
1.221892118453979492e+00
1.428639650344848633e+00
9.899147748947143555e-01
9.186789989471435547e-01
1.907043933868408203e+00
1.359493970870971680e+00
1.578972816467285156e+00
1.786980509757995605e+00
1.198995709419250488e+00
1.857559561729431152e+00
2.089719772338867188e+00
2.090751886367797852e+00
2.028477191925048828e+00
2.551388740539550781e+00
2.741481781005859375e+00
2.715201854705810547e+00
2.562419652938842773e+00
2.632264375686645508e+00
3.040804147720336914e+00
3.155953884124755859e+00
2.908528804779052734e+00
3.235308408737182617e+00
3.137221097946166992e+00
3.468078374862670898e+00
3.178780317306518555e+00
3.088537931442260742e+00
3.569636583328247070e+00
2.978735864162445068e-01
3.387713134288787842e-01
7.305505871772766113e-01
6.307553052902221680e-01
1.731049418449401855e+00
1.916043043136596680e+00
1.901003003120422363e+00
1.272408127784729004e+00
8.160043358802795410e-01
1.203018426895141602e+00
1.210947275161743164e+00
8.844960927963256836e-01
2.053878307342529297e+00
9.930742979049682617e-01
6.435983180999755859e-01
6.954101324081420898e-01
2.842690348625183105e-01
1.123472332954406738e+00
1.587718605995178223e+00
1.567371010780334473e+00
1.868649005889892578e+00
2.499246835708618164e+00
2.852479696273803711e+00
3.022455692291259766e+00
2.934391736984252930e+00
3.294656276702880859e+00
3.742469310760498047e+00
3.924636363983154297e+00
3.736801385879516602e+00
4.105337619781494141e+00
3.950283527374267578e+00
4.238482952117919922e+00
3.573002576828002930e+00
3.351680517196655273e+00
3.795771121978759766e+00
1.330791264772415161e-01
1.312208533287048340e+00
1.295950412750244141e+00
2.105495214462280273e+00
2.227131605148315430e+00
2.177488088607788086e+00
1.384573459625244141e+00
7.931362986564636230e-01
1.436658382415771484e+00
1.646405577659606934e+00
1.404284000396728516e+00
2.819611072540283203e+00
1.775040030479431152e+00
1.201384067535400391e+00
1.356456756591796875e+00
1.078776836395263672e+00
1.845473170280456543e+00
2.312630176544189453e+00
2.318498373031616211e+00
2.720701932907104492e+00
3.307579040527343750e+00
3.679981231689453125e+00
3.809725284576416016e+00
3.676994085311889648e+00
3.943958997726440430e+00
4.396960735321044922e+00
4.550235748291015625e+00
4.289500236511230469e+00
4.537974357604980469e+00
4.278178215026855469e+00
4.494831562042236328e+00
3.915880918502807617e+00
3.670122623443603516e+00
4.146399497985839844e+00
1.075161933898925781e+00
1.081360220909118652e+00
1.993484139442443848e+00
2.235989332199096680e+00
2.235772848129272461e+00
1.518672823905944824e+00
1.145232081413269043e+00
1.727555036544799805e+00
1.801005840301513672e+00
1.595748782157897949e+00
2.823943376541137695e+00
1.812605857849121094e+00
1.438573479652404785e+00
1.428288102149963379e+00
1.091933369636535645e+00
1.744936466217041016e+00
2.121426582336425781e+00
2.218506813049316406e+00
2.647402763366699219e+00
3.223433256149291992e+00
3.504722118377685547e+00
3.726014614105224609e+00
3.666113376617431641e+00
3.873109579086303711e+00
4.316647529602050781e+00
4.444997310638427734e+00
4.138182163238525391e+00
4.326645374298095703e+00
4.046660423278808594e+00
4.240523815155029297e+00
3.597430944442749023e+00
3.334850549697875977e+00
3.807628631591796875e+00
3.259489238262176514e-01
1.524190545082092285e+00
2.105221509933471680e+00
2.315919876098632812e+00
2.217867612838745117e+00
1.907651782035827637e+00
2.142143726348876953e+00
1.847086191177368164e+00
1.514040946960449219e+00
1.834216356277465820e+00
1.040452718734741211e+00
1.028099060058593750e+00
8.732620477676391602e-01
6.721362471580505371e-01
6.979859471321105957e-01
8.488593101501464844e-01
1.069011211395263672e+00
1.508260369300842285e+00
1.972166657447814941e+00
2.231692314147949219e+00
2.561303377151489258e+00
2.619719505310058594e+00
2.871953487396240234e+00
3.332043170928955078e+00
3.500598669052124023e+00
3.267810106277465820e+00
3.629342317581176758e+00
3.470480203628540039e+00
3.690899848937988281e+00
2.745798349380493164e+00
2.349504947662353516e+00
2.845087528228759766e+00
1.044980764389038086e+00
1.647098779678344727e+00
1.892115116119384766e+00
1.934222221374511719e+00
1.704180598258972168e+00
1.953647613525390625e+00
1.604254126548767090e+00
1.327971696853637695e+00
1.652645707130432129e+00
9.904403090476989746e-01
1.088409423828125000e+00
1.023082613945007324e+00
5.790637135505676270e-01
8.701375126838684082e-01
1.064672112464904785e+00
1.217671990394592285e+00
1.455912113189697266e+00
1.892097711563110352e+00
2.193237543106079102e+00
2.377871751785278320e+00
2.383494615554809570e+00
2.544028997421264648e+00
2.991887331008911133e+00
3.148234605789184570e+00
2.889423370361328125e+00
3.249247789382934570e+00
3.118970632553100586e+00
3.406218528747558594e+00
2.612430095672607422e+00
2.289996385574340820e+00
2.799755096435546875e+00
6.096023917198181152e-01
1.026080131530761719e+00
1.753142476081848145e+00
1.918830513954162598e+00
2.028148174285888672e+00
1.455977320671081543e+00
1.133204817771911621e+00
1.413150310516357422e+00
1.343447566032409668e+00
1.979592919349670410e+00
2.127179145812988281e+00
1.578247547149658203e+00
1.727513670921325684e+00
1.896728754043579102e+00
1.781907320022583008e+00
1.631000041961669922e+00
1.919633150100708008e+00
1.938992500305175781e+00
1.877334833145141602e+00
1.794253230094909668e+00
1.550536751747131348e+00
1.902317881584167480e+00
1.965766668319702148e+00
1.736638545989990234e+00
2.213422060012817383e+00
2.306255340576171875e+00
2.709282398223876953e+00
2.510710239410400391e+00
2.428898811340332031e+00
2.931612730026245117e+00
3.475646674633026123e-01
1.367861628532409668e+00
1.717111587524414062e+00
1.789884567260742188e+00
1.279223442077636719e+00
1.007702231407165527e+00
2.010231494903564453e+00
1.775220513343811035e+00
2.235366582870483398e+00
2.477474689483642578e+00
1.909230709075927734e+00
2.360972404479980469e+00
2.550466537475585938e+00
2.473446369171142578e+00
2.297262191772460938e+00
2.640731334686279297e+00
2.664244174957275391e+00
2.534010648727416992e+00
2.366216182708740234e+00
2.152983665466308594e+00
2.457846164703369141e+00
2.484711408615112305e+00
2.225671291351318359e+00
2.554792642593383789e+00
2.533411026000976562e+00
2.868207454681396484e+00
3.018621683120727539e+00
3.038099050521850586e+00
3.522058486938476562e+00
1.038362383842468262e+00
1.540279746055603027e+00
1.500006675720214844e+00
1.022975444793701172e+00
9.395557045936584473e-01
2.193062305450439453e+00
1.875071287155151367e+00
2.229919433593750000e+00
2.555084705352783203e+00
1.963355660438537598e+00
2.590064048767089844e+00
2.824568271636962891e+00
2.733554124832153320e+00
2.512527227401733398e+00
2.961330890655517578e+00
3.049930334091186523e+00
2.881118535995483398e+00
2.626257181167602539e+00
2.544073820114135742e+00
2.813031196594238281e+00
2.815743684768676758e+00
2.598977327346801758e+00
2.883890867233276367e+00
2.948936223983764648e+00
3.341873407363891602e+00
3.492904901504516602e+00
3.522651195526123047e+00
3.995586872100830078e+00
7.018896341323852539e-01
7.176073193550109863e-01
7.272934913635253906e-01
9.847229123115539551e-01
2.535407543182373047e+00
1.885446667671203613e+00
1.705000758171081543e+00
2.137703895568847656e+00
1.541446805000305176e+00
2.563471317291259766e+00
2.935337305068969727e+00
2.750877618789672852e+00
2.736304759979248047e+00
3.271026134490966797e+00
3.634537458419799805e+00
3.510898828506469727e+00
3.224177837371826172e+00
3.445704460144042969e+00
3.853296518325805664e+00
4.004805564880371094e+00
3.806592464447021484e+00
4.120306015014648438e+00
4.013735294342041016e+00
4.318914413452148438e+00
4.183580875396728516e+00
4.113979816436767578e+00
4.586488723754882812e+00
1.334092020988464355e-01
5.507713556289672852e-01
4.972298741340637207e-01
2.185947179794311523e+00
1.397026896476745605e+00
1.059131979942321777e+00
1.569305419921875000e+00
1.068971276283264160e+00
2.116294384002685547e+00
2.564139127731323242e+00
2.262567758560180664e+00
2.324035406112670898e+00
2.858124017715454102e+00
3.383498430252075195e+00
3.274136304855346680e+00
2.980098247528076172e+00
3.372986078262329102e+00
3.831054210662841797e+00
4.024606704711914062e+00
3.956072330474853516e+00
4.402890682220458984e+00
4.357132911682128906e+00
4.710983276367187500e+00
4.349153995513916016e+00
4.183638095855712891e+00
4.687351703643798828e+00
3.406363427639007568e-01
5.534096956253051758e-01
2.079033851623535156e+00
1.436562418937683105e+00
1.221843481063842773e+00
1.758728742599487305e+00
1.289572358131408691e+00
2.261304855346679688e+00
2.734027862548828125e+00
2.356065273284912109e+00
2.310760498046875000e+00
2.783737182617187500e+00
3.367224216461181641e+00
3.176496028900146484e+00
2.800903558731079102e+00
3.290412902832031250e+00
3.743684291839599609e+00
3.957112312316894531e+00
3.979214191436767578e+00
4.522213459014892578e+00
4.530264377593994141e+00
4.899423599243164062e+00
4.569195270538330078e+00
4.411858081817626953e+00
4.915469646453857422e+00
1.333194524049758911e-01
1.692479848861694336e+00
1.100489616394042969e+00
1.204722881317138672e+00
1.668059349060058594e+00
1.143408298492431641e+00
1.949308395385742188e+00
2.364046335220336914e+00
2.079709053039550781e+00
1.961332440376281738e+00
2.452055692672729492e+00
2.908696889877319336e+00
2.728139638900756836e+00
2.392164468765258789e+00
2.769642353057861328e+00
3.216665983200073242e+00
3.415357589721679688e+00
3.408360958099365234e+00
3.949039936065673828e+00
3.976572275161743164e+00
4.369967937469482422e+00
4.060822963714599609e+00
3.918283939361572266e+00
4.424093723297119141e+00
1.369612574577331543e+00
7.585344910621643066e-01
7.018021941184997559e-01
1.190960764884948730e+00
7.359824180603027344e-01
1.559540033340454102e+00
1.997707009315490723e+00
1.685584545135498047e+00
1.627283215522766113e+00
2.125340461730957031e+00
2.572390556335449219e+00
2.402507543563842773e+00
2.087207078933715820e+00
2.437315225601196289e+00
2.871410846710205078e+00
3.062318086624145508e+00
3.051249504089355469e+00
3.604100465774536133e+00
3.671772956848144531e+00
4.088867187500000000e+00
3.832811832427978516e+00
3.683354616165161133e+00
4.189994812011718750e+00
6.279373764991760254e-01
1.664303421974182129e+00
1.712154507637023926e+00
1.290079116821289062e+00
1.308388471603393555e+00
1.433229684829711914e+00
1.069845080375671387e+00
5.062265992164611816e-01
6.949484348297119141e-01
1.231892704963684082e+00
9.432203173637390137e-01
5.181940793991088867e-01
1.433462023735046387e+00
1.818866968154907227e+00
2.180659294128417969e+00
2.441342115402221680e+00
3.353718280792236328e+00
3.576215505599975586e+00
4.024487972259521484e+00
3.524861574172973633e+00
3.287021398544311523e+00
3.792471885681152344e+00
5.954865813255310059e-01
7.852801084518432617e-01
3.475824892520904541e-01
8.017021417617797852e-01
1.244576454162597656e+00
8.091496825218200684e-01
5.411927103996276855e-01
1.009321451187133789e+00
1.697864294052124023e+00
1.656562924385070801e+00
1.279288530349731445e+00
2.257464885711669922e+00
2.642953872680664062e+00
2.956269979476928711e+00
3.037449836730957031e+00
3.729647636413574219e+00
3.789118766784667969e+00
4.179455280303955078e+00
3.572763681411743164e+00
3.302192926406860352e+00
3.820500373840332031e+00
3.046780824661254883e-01
3.451487720012664795e-01
8.391001224517822266e-01
1.359809398651123047e+00
1.056783795356750488e+00
1.459480762481689453e+00
1.995477318763732910e+00
2.486588716506958008e+00
2.721909284591674805e+00
2.494750738143920898e+00
3.106378555297851562e+00
3.610895156860351562e+00
3.832513093948364258e+00
3.802637100219726562e+00
4.336657524108886719e+00
4.281686782836914062e+00
4.621817111968994141e+00
3.921687841415405273e+00
3.595247268676757812e+00
4.118609905242919922e+00
3.428395688533782959e-01
4.140722751617431641e-01
8.957967758178710938e-01
7.257156968116760254e-01
1.345758438110351562e+00
1.824365139007568359e+00
2.232595682144165039e+00
2.652733802795410156e+00
2.406324148178100586e+00
3.135493755340576172e+00
3.623037099838256836e+00
3.860995531082153320e+00
3.837044239044189453e+00
4.378904819488525391e+00
4.315469264984130859e+00
4.629557609558105469e+00
3.810193061828613281e+00
3.446606397628784180e+00
3.964268922805786133e+00
3.650952279567718506e-01
8.630182743072509766e-01
4.719322621822357178e-01
9.525718688964843750e-01
1.496634721755981445e+00
1.917695641517639160e+00
2.232729911804199219e+00
2.067167520523071289e+00
2.671191930770874023e+00
3.172717094421386719e+00
3.393717050552368164e+00
3.369584321975708008e+00
3.900251388549804688e+00
3.829894542694091797e+00
4.159981250762939453e+00
3.493583440780639648e+00
3.169760227203369141e+00
3.690609931945800781e+00
3.218977451324462891e-01
2.947008609771728516e-01
7.655390501022338867e-01
1.227491259574890137e+00
1.448718070983886719e+00
1.875834107398986816e+00
1.932957887649536133e+00
2.402517795562744141e+00
2.856882572174072266e+00
3.078141450881958008e+00
3.010290861129760742e+00
3.552887201309204102e+00
3.537940979003906250e+00
3.875023841857910156e+00
2.978925466537475586e+00
2.625916004180908203e+00
3.140187740325927734e+00
1.327389776706695557e-01
5.416840314865112305e-01
9.283174872398376465e-01
1.067109227180480957e+00
1.625762820243835449e+00
1.809322714805603027e+00
2.306533336639404297e+00
2.683970451354980469e+00
2.944606304168701172e+00
2.902650356292724609e+00
3.472050666809082031e+00
3.462579250335693359e+00
3.772702932357788086e+00
2.781286239624023438e+00
2.414512395858764648e+00
2.918483734130859375e+00
2.887220680713653564e-01
7.694731354713439941e-01
9.802134633064270020e-01
1.431914329528808594e+00
1.497752904891967773e+00
2.078435420989990234e+00
2.482127666473388672e+00
2.764558076858520508e+00
2.778450727462768555e+00
3.449555873870849609e+00
3.519946098327636719e+00
3.878607034683227539e+00
2.967954874038696289e+00
2.617183208465576172e+00
3.114969253540039062e+00
3.280586898326873779e-01
6.598113179206848145e-01
8.416421413421630859e-01
9.351460933685302734e-01
1.518510341644287109e+00
1.889996886253356934e+00
2.213723182678222656e+00
2.312046766281127930e+00
3.110779523849487305e+00
3.310026884078979492e+00
3.684937953948974609e+00
2.946722507476806641e+00
2.679523944854736328e+00
3.152787208557128906e+00
3.232460916042327881e-01
3.943360149860382080e-01
6.947969794273376465e-01
1.307644009590148926e+00
1.543934702873229980e+00
1.941909074783325195e+00
2.128945589065551758e+00
2.993227005004882812e+00
3.276471138000488281e+00
3.621366262435913086e+00
2.869363784790039062e+00
2.619288921356201172e+00
3.066934347152709961e+00
1.334270089864730835e-01
7.488401532173156738e-01
1.092558741569519043e+00
1.157514810562133789e+00
1.601762413978576660e+00
1.855560898780822754e+00
2.692669868469238281e+00
3.059764146804809570e+00
3.401815414428710938e+00
2.793902873992919922e+00
2.548960924148559570e+00
2.953800439834594727e+00
3.104013204574584961e-01
8.175724148750305176e-01
9.654170870780944824e-01
1.447103381156921387e+00
1.737936496734619141e+00
2.691529989242553711e+00
3.156394004821777344e+00
3.533046007156372070e+00
3.023285865783691406e+00
2.819978475570678711e+00
3.260498523712158203e+00
7.141445279121398926e-01
9.610996246337890625e-01
1.396402955055236816e+00
1.774716615676879883e+00
2.797567129135131836e+00
3.292141199111938477e+00
3.699589014053344727e+00
3.395878076553344727e+00
3.211568832397460938e+00
3.679410457611083984e+00
1.329678744077682495e-01
3.265625238418579102e-01
6.672117114067077637e-01
1.720741629600524902e+00
2.332332849502563477e+00
2.754127502441406250e+00
2.853884458541870117e+00
2.741339683532714844e+00
3.195863485336303711e+00
1.331586539745330811e-01
6.602509617805480957e-01
1.607274174690246582e+00
2.287613868713378906e+00
2.714251995086669922e+00
2.890170574188232422e+00
2.818794488906860352e+00
3.205065250396728516e+00
3.761671185493469238e-01
1.325044512748718262e+00
1.979540467262268066e+00
2.444149017333984375e+00
2.833755254745483398e+00
2.812603473663330078e+00
3.204514741897583008e+00
7.575795650482177734e-01
1.392984390258789062e+00
1.847432851791381836e+00
2.202643632888793945e+00
2.232249498367309570e+00
2.616108655929565430e+00
4.388233423233032227e-01
8.303277492523193359e-01
1.651947021484375000e+00
1.867274761199951172e+00
2.039781093597412109e+00
2.757422924041748047e-01
1.342082977294921875e+00
1.657785773277282715e+00
1.849244952201843262e+00
1.298531413078308105e+00
1.681788802146911621e+00
1.659830808639526367e+00
2.999970614910125732e-01
2.933628261089324951e-01
1.335169225931167603e-01
