3.948434293270111084e-01
7.534553408622741699e-01
1.100101232528686523e+00
1.164465665817260742e+00
1.439035415649414062e+00
1.460941791534423828e+00
1.679044246673583984e+00
2.158270835876464844e+00
2.851941108703613281e+00
3.402782917022705078e+00
3.579147100448608398e+00
3.785938024520874023e+00
3.978288173675537109e+00
3.652077436447143555e+00
3.573415756225585938e+00
3.659672737121582031e+00
3.218317508697509766e+00
3.025331735610961914e+00
3.234585046768188477e+00
3.577143669128417969e+00
2.878524541854858398e+00
2.544428110122680664e+00
3.603914260864257812e+00
3.952771663665771484e+00
4.092968463897705078e+00
3.618986368179321289e+00
2.838395357131958008e+00
2.635025739669799805e+00
2.073451280593872070e+00
1.909944891929626465e+00
4.140162467956542969e+00
3.635413169860839844e+00
1.794998884201049805e+00
2.242049694061279297e+00
2.255925655364990234e+00
2.420239210128784180e+00
2.856169700622558594e+00
2.908943891525268555e+00
2.508200883865356445e+00
1.593854546546936035e+00
1.129372477531433105e+00
2.964468598365783691e-01
1.434548735618591309e+00
1.148787856101989746e+00
1.322914242744445801e+00
1.695343732833862305e+00
1.828752875328063965e+00
2.228257894515991211e+00
1.810737252235412598e+00
2.138657093048095703e+00
2.095023393630981445e+00
1.665401816368103027e+00
1.391242384910583496e+00
1.427382469177246094e+00
2.031083345413208008e+00
3.037966489791870117e+00
3.726451396942138672e+00
2.859141588211059570e+00
2.859470605850219727e+00
2.490551233291625977e+00
1.784659504890441895e+00
2.318982124328613281e+00
2.757789850234985352e+00
3.460135936737060547e+00
3.705637693405151367e+00
3.425258874893188477e+00
3.416447162628173828e+00
4.367411613464355469e+00
3.650025367736816406e+00
3.442869663238525391e+00
3.010848999023437500e+00
2.375645160675048828e+00
1.388821005821228027e+00
1.492143750190734863e+00
1.471705555915832520e+00
2.370535612106323242e+00
1.873159289360046387e+00
1.701719760894775391e+00
1.129071116447448730e+00
6.617888212203979492e-01
6.880311965942382812e-01
5.621957778930664062e-01
8.296458721160888672e-01
4.386925995349884033e-01
1.135915040969848633e+00
1.447813630104064941e+00
1.842278480529785156e+00
3.960076272487640381e-01
7.373991608619689941e-01
7.811625003814697266e-01
1.043785333633422852e+00
1.216930866241455078e+00
1.262813925743103027e+00
1.878083229064941406e+00
2.488167524337768555e+00
3.096254110336303711e+00
3.353561162948608398e+00
3.598404884338378906e+00
3.795320034027099609e+00
3.455826997756958008e+00
3.467470884323120117e+00
3.585421800613403320e+00
3.253974199295043945e+00
2.971833467483520508e+00
3.013812780380249023e+00
3.369512319564819336e+00
2.812037229537963867e+00
2.576494693756103516e+00
3.594611883163452148e+00
3.885790824890136719e+00
3.928369998931884766e+00
3.434518814086914062e+00
2.568185329437255859e+00
2.442484617233276367e+00
1.936639785766601562e+00
1.692354321479797363e+00
4.011377811431884766e+00
3.542789459228515625e+00
1.680003762245178223e+00
2.171923398971557617e+00
2.247345447540283203e+00
2.624537467956542969e+00
3.076774835586547852e+00
3.082278966903686523e+00
2.859685182571411133e+00
2.128069162368774414e+00
1.398573040962219238e+00
5.814847350120544434e-01
1.363927841186523438e+00
9.405223131179809570e-01
8.682366013526916504e-01
1.483664035797119141e+00
1.735612869262695312e+00
2.325551033020019531e+00
1.902714252471923828e+00
2.302256107330322266e+00
2.323733806610107422e+00
1.643156409263610840e+00
1.296813726425170898e+00
1.416737914085388184e+00
2.066616058349609375e+00
2.945001840591430664e+00
3.430375099182128906e+00
2.739203453063964844e+00
2.688035011291503906e+00
2.581104278564453125e+00
1.903451681137084961e+00
2.803894758224487305e+00
3.215006113052368164e+00
4.119985103607177734e+00
4.346279144287109375e+00
3.969762325286865234e+00
4.091061115264892578e+00
4.831644535064697266e+00
4.095027446746826172e+00
3.925180673599243164e+00
3.613093376159667969e+00
3.084273576736450195e+00
2.285866022109985352e+00
2.389976739883422852e+00
2.245992422103881836e+00
2.965294122695922852e+00
2.502496004104614258e+00
2.247985601425170898e+00
1.660097599029541016e+00
1.245139479637145996e+00
1.588850021362304688e+00
1.500958442687988281e+00
1.667944908142089844e+00
9.514462947845458984e-01
1.561345338821411133e+00
1.731586337089538574e+00
1.997453927993774414e+00
1.333614438772201538e-01
3.013069927692413330e-01
5.098454356193542480e-01
6.797418594360351562e-01
9.314420223236083984e-01
1.741405129432678223e+00
2.101344347000122070e+00
2.850172996520996094e+00
3.134407281875610352e+00
3.389368057250976562e+00
3.512473106384277344e+00
3.129328489303588867e+00
3.141554594039916992e+00
3.293084859848022461e+00
2.998779058456420898e+00
2.575445890426635742e+00
2.666185140609741211e+00
3.000483751296997070e+00
2.624750375747680664e+00
2.607844829559326172e+00
3.596591949462890625e+00
3.982081890106201172e+00
4.057205677032470703e+00
3.530378341674804688e+00
2.742202997207641602e+00
2.649822473526000977e+00
1.984793424606323242e+00
1.804973125457763672e+00
3.939504384994506836e+00
3.493895769119262695e+00
1.430088639259338379e+00
1.831180572509765625e+00
1.794553756713867188e+00
2.483199596405029297e+00
2.846244573593139648e+00
2.738087177276611328e+00
2.613477706909179688e+00
2.004464387893676758e+00
1.157112598419189453e+00
7.765840888023376465e-01
1.824285984039306641e+00
1.549676895141601562e+00
1.430181384086608887e+00
1.806840062141418457e+00
2.172218084335327148e+00
2.668030500411987305e+00
2.129618167877197266e+00
2.582069158554077148e+00
2.359444379806518555e+00
1.070511698722839355e+00
8.641420602798461914e-01
1.182361960411071777e+00
2.110268354415893555e+00
3.304646015167236328e+00
3.938398361206054688e+00
3.376170158386230469e+00
3.259763240814208984e+00
3.124879121780395508e+00
2.304004669189453125e+00
2.813591241836547852e+00
3.183521986007690430e+00
4.131102561950683594e+00
4.248329162597656250e+00
3.914212465286254883e+00
3.939185380935668945e+00
4.895531177520751953e+00
4.365287303924560547e+00
4.278284072875976562e+00
3.975759506225585938e+00
3.227925777435302734e+00
2.428531169891357422e+00
2.687771558761596680e+00
2.647976636886596680e+00
3.394782781600952148e+00
3.003768682479858398e+00
2.758092403411865234e+00
2.155301094055175781e+00
1.845041036605834961e+00
1.938651800155639648e+00
1.558955192565917969e+00
1.599963068962097168e+00
1.013031721115112305e+00
1.264584422111511230e+00
1.318594098091125488e+00
1.514721274375915527e+00
3.080051243305206299e-01
2.805895209312438965e-01
4.901876449584960938e-01
5.666915774345397949e-01
1.661356210708618164e+00
1.822011351585388184e+00
2.684079647064208984e+00
3.013238668441772461e+00
3.285293340682983398e+00
3.375880002975463867e+00
2.982718229293823242e+00
3.041383266448974609e+00
3.217214107513427734e+00
3.088825225830078125e+00
2.570071697235107422e+00
2.496243238449096680e+00
2.831577062606811523e+00
2.607430696487426758e+00
2.705048799514770508e+00
3.640870809555053711e+00
4.025617599487304688e+00
4.071803092956542969e+00
3.534186363220214844e+00
2.747193813323974609e+00
2.713042259216308594e+00
2.046188831329345703e+00
1.851555109024047852e+00
3.901011228561401367e+00
3.478653907775878906e+00
1.422092080116271973e+00
1.843656539916992188e+00
1.946197032928466797e+00
2.824898958206176758e+00
3.213985681533813477e+00
3.078166246414184570e+00
3.054698705673217773e+00
2.436655998229980469e+00
1.579286098480224609e+00
1.108294725418090820e+00
2.138454675674438477e+00
1.868330240249633789e+00
1.634179711341857910e+00
1.982327699661254883e+00
2.468249797821044922e+00
2.977923154830932617e+00
2.405401945114135742e+00
2.883188724517822266e+00
2.695401668548583984e+00
1.023083686828613281e+00
9.937617778778076172e-01
1.259775996208190918e+00
2.234424352645874023e+00
3.515850782394409180e+00
4.066585540771484375e+00
3.689795970916748047e+00
3.557407855987548828e+00
3.459366798400878906e+00
2.635964155197143555e+00
3.222687721252441406e+00
3.600193738937377930e+00
4.546982288360595703e+00
4.684885501861572266e+00
4.336008548736572266e+00
4.382618427276611328e+00
5.279185771942138672e+00
4.703456878662109375e+00
4.607903957366943359e+00
4.309332370758056641e+00
3.621968030929565430e+00
2.789175987243652344e+00
3.033767223358154297e+00
2.986761808395385742e+00
3.741986989974975586e+00
3.356956720352172852e+00
3.114253759384155273e+00
2.510702133178710938e+00
2.194747447967529297e+00
2.259378433227539062e+00
1.888903379440307617e+00
1.970678329467773438e+00
1.366825819015502930e+00
1.671677231788635254e+00
1.679376125335693359e+00
1.937555551528930664e+00
1.336861848831176758e-01
3.518282473087310791e-01
3.136288523674011230e-01
1.027678251266479492e+00
1.429309844970703125e+00
2.100323438644409180e+00
2.476407527923583984e+00
2.776018381118774414e+00
2.952002048492431641e+00
2.622290849685668945e+00
2.771511793136596680e+00
2.946148633956909180e+00
2.876960992813110352e+00
2.402886390686035156e+00
2.120254278182983398e+00
2.526335477828979492e+00
2.274723529815673828e+00
2.327641963958740234e+00
3.146172523498535156e+00
3.409852981567382812e+00
3.354455471038818359e+00
2.813275575637817383e+00
1.996400117874145508e+00
1.999347925186157227e+00
1.461040019989013672e+00
1.144632101058959961e+00
3.310049533843994141e+00
2.902807235717773438e+00
1.196040987968444824e+00
1.659108400344848633e+00
1.849699854850769043e+00
2.614907979965209961e+00
3.053475379943847656e+00
2.959121942520141602e+00
2.963795185089111328e+00
2.441819190979003906e+00
1.666603446006774902e+00
1.123811364173889160e+00
1.655299901962280273e+00
1.419021368026733398e+00
1.021544575691223145e+00
1.276100873947143555e+00
1.811946034431457520e+00
2.520741224288940430e+00
1.934815883636474609e+00
2.553715944290161133e+00
2.435281753540039062e+00
9.955633878707885742e-01
8.562924265861511230e-01
1.042866945266723633e+00
1.837495565414428711e+00
2.839163303375244141e+00
3.329626083374023438e+00
3.095208644866943359e+00
2.900834321975708008e+00
2.992402076721191406e+00
2.286967039108276367e+00
3.072553396224975586e+00
3.443468093872070312e+00
4.449666023254394531e+00
4.617767333984375000e+00
4.206881046295166016e+00
4.355588436126708984e+00
5.071880817413330078e+00
4.498634338378906250e+00
4.396369457244873047e+00
4.186414718627929688e+00
3.564347743988037109e+00
2.879014968872070312e+00
3.053353548049926758e+00
2.971822261810302734e+00
3.644480228424072266e+00
3.316714763641357422e+00
3.040755748748779297e+00
2.460510492324829102e+00
2.131694078445434570e+00
2.366290092468261719e+00
2.073862791061401367e+00
2.141197204589843750e+00
1.492659091949462891e+00
1.836297273635864258e+00
1.915755391120910645e+00
1.992967247962951660e+00
1.337078362703323364e-01
3.327623605728149414e-01
1.075143337249755859e+00
1.277320146560668945e+00
2.099983692169189453e+00
2.438937902450561523e+00
2.720261335372924805e+00
2.802201986312866211e+00
2.414706468582153320e+00
2.516380786895751953e+00
2.723797082901000977e+00
2.712555646896362305e+00
2.165009498596191406e+00
1.914509892463684082e+00
2.265583515167236328e+00
2.143715143203735352e+00
2.325601339340209961e+00
3.205610275268554688e+00
3.583319664001464844e+00
3.616095542907714844e+00
3.074882745742797852e+00
2.356835842132568359e+00
2.352704524993896484e+00
1.679852247238159180e+00
1.407326698303222656e+00
3.377544164657592773e+00
2.979406595230102539e+00
1.070125460624694824e+00
1.472806215286254883e+00
1.702314376831054688e+00
2.665719509124755859e+00
3.084784269332885742e+00
2.938257932662963867e+00
3.075572729110717773e+00
2.642210245132446289e+00
1.875430583953857422e+00
1.389994740486145020e+00
2.085273265838623047e+00
1.917524099349975586e+00
1.609742164611816406e+00
1.759081602096557617e+00
2.316586732864379883e+00
2.858221530914306641e+00
2.201491355895996094e+00
2.795629024505615234e+00
2.559209585189819336e+00
7.499066591262817383e-01
8.382918238639831543e-01
9.898819327354431152e-01
1.937693953514099121e+00
3.253265619277954102e+00
3.845536470413208008e+00
3.632153511047363281e+00
3.437120199203491211e+00
3.439973592758178711e+00
2.617021083831787109e+00
3.218310832977294922e+00
3.586015224456787109e+00
4.643925666809082031e+00
4.790126323699951172e+00
4.360219478607177734e+00
4.525804519653320312e+00
5.199366569519042969e+00
4.690295219421386719e+00
4.597426414489746094e+00
4.417593002319335938e+00
3.787519216537475586e+00
3.127430438995361328e+00
3.307389497756958008e+00
3.233187198638916016e+00
3.891935110092163086e+00
3.580978631973266602e+00
3.304186105728149414e+00
2.725455284118652344e+00
2.442828416824340820e+00
2.629418849945068359e+00
2.316054105758666992e+00
2.365372180938720703e+00
1.736773252487182617e+00
2.021805047988891602e+00
2.064643859863281250e+00
2.061954498291015625e+00
3.672807514667510986e-01
9.198357462882995605e-01
1.272385716438293457e+00
1.934341907501220703e+00
2.205542087554931641e+00
2.466330051422119141e+00
2.563136577606201172e+00
2.178248167037963867e+00
2.257026195526123047e+00
2.433143615722656250e+00
2.334826469421386719e+00
1.815855264663696289e+00
1.704200625419616699e+00
2.049178123474121094e+00
1.820071578025817871e+00
1.999558329582214355e+00
2.886840581893920898e+00
3.286008358001708984e+00
3.369260311126708984e+00
2.834835290908813477e+00
2.155364751815795898e+00
2.125370979309082031e+00
1.406339526176452637e+00
1.208072185516357422e+00
3.101342916488647461e+00
2.690110683441162109e+00
7.473605275154113770e-01
1.135444164276123047e+00
1.076968908309936523e+00
2.040902137756347656e+00
2.368779420852661133e+00
2.187058448791503906e+00
2.274275779724121094e+00
1.956624865531921387e+00
1.265402197837829590e+00
1.246036410331726074e+00
1.970914483070373535e+00
1.918017983436584473e+00
1.628761887550354004e+00
1.568343281745910645e+00
2.088377952575683594e+00
2.606300115585327148e+00
1.925332427024841309e+00
2.443450212478637695e+00
2.064204216003417969e+00
3.041268587112426758e-01
2.897755503654479980e-01
6.583122611045837402e-01
1.623424530029296875e+00
3.005050897598266602e+00
3.651476144790649414e+00
3.510143041610717773e+00
3.275353908538818359e+00
3.298303604125976562e+00
2.456419229507446289e+00
2.566704988479614258e+00
2.883182048797607422e+00
3.949366331100463867e+00
4.021679401397705078e+00
3.644937276840209961e+00
3.726138353347778320e+00
4.596040725708007812e+00
4.199301242828369141e+00
4.158628463745117188e+00
3.966598033905029297e+00
3.189476966857910156e+00
2.646072387695312500e+00
2.865029096603393555e+00
2.894051313400268555e+00
3.550772190093994141e+00
3.360104322433471680e+00
3.034741640090942383e+00
2.563215494155883789e+00
2.410880327224731445e+00
2.312852382659912109e+00
1.957788705825805664e+00
1.891077995300292969e+00
1.405292868614196777e+00
1.451760530471801758e+00
1.459477186203002930e+00
1.220832943916320801e+00
6.785793900489807129e-01
8.950276970863342285e-01
1.669810175895690918e+00
2.073719263076782227e+00
2.383905410766601562e+00
2.492846488952636719e+00
2.137830972671508789e+00
2.333378314971923828e+00
2.562825441360473633e+00
2.683825731277465820e+00
2.151571989059448242e+00
1.614714503288269043e+00
2.009848833084106445e+00
1.993669271469116211e+00
2.151864767074584961e+00
2.985397100448608398e+00
3.294221401214599609e+00
3.255654096603393555e+00
2.710969686508178711e+00
2.007657527923583984e+00
2.058562755584716797e+00
1.433102846145629883e+00
1.052762031555175781e+00
3.041039466857910156e+00
2.672950506210327148e+00
1.045458793640136719e+00
1.465337753295898438e+00
1.807568430900573730e+00
2.660794258117675781e+00
3.160287618637084961e+00
3.060360908508300781e+00
3.221853256225585938e+00
2.846623182296752930e+00
2.038381099700927734e+00
1.624713420867919922e+00
1.948879599571228027e+00
1.830054521560668945e+00
1.470696449279785156e+00
1.468493103981018066e+00
2.082807540893554688e+00
2.660251617431640625e+00
1.999539971351623535e+00
2.666064500808715820e+00
2.512421846389770508e+00
9.953500628471374512e-01
1.016384243965148926e+00
9.981958866119384766e-01
1.756220698356628418e+00
2.976874589920043945e+00
3.530738830566406250e+00
3.425975084304809570e+00
3.187939405441284180e+00
3.285492897033691406e+00
2.509554386138916016e+00
3.208008289337158203e+00
3.635442495346069336e+00
4.704506397247314453e+00
4.895149707794189453e+00
4.417477607727050781e+00
4.674477577209472656e+00
5.168593406677246094e+00
4.606844425201416016e+00
4.501288890838623047e+00
4.418674468994140625e+00
3.887895107269287109e+00
3.331724166870117188e+00
3.469655275344848633e+00
3.350448131561279297e+00
3.912330150604248047e+00
3.646725177764892578e+00
3.315838098526000977e+00
2.782767772674560547e+00
2.529901981353759766e+00
2.864101409912109375e+00
2.638978242874145508e+00
2.691863059997558594e+00
2.041045427322387695e+00
2.372258901596069336e+00
2.441843509674072266e+00
2.366865396499633789e+00
3.113949000835418701e-01
6.960154771804809570e-01
1.120856404304504395e+00
1.457513928413391113e+00
1.599159240722656250e+00
1.208231449127197266e+00
1.631315827369689941e+00
1.895994305610656738e+00
2.187960147857666016e+00
1.700348854064941406e+00
7.975403070449829102e-01
1.279360413551330566e+00
1.359381794929504395e+00
1.437233805656433105e+00
2.166653394699096680e+00
2.415140390396118164e+00
2.360874652862548828e+00
1.818588733673095703e+00
1.204858183860778809e+00
1.250104665756225586e+00
6.927077174186706543e-01
2.851593196392059326e-01
2.154243707656860352e+00
1.801115870475769043e+00
8.140692114830017090e-01
1.121498227119445801e+00
1.677563428878784180e+00
2.428469181060791016e+00
2.918188571929931641e+00
2.940273761749267578e+00
3.236875534057617188e+00
3.056699514389038086e+00
2.258341550827026367e+00
1.703714132308959961e+00
1.745867729187011719e+00
1.736746311187744141e+00
1.394012451171875000e+00
1.052128314971923828e+00
1.691163659095764160e+00
2.166577577590942383e+00
1.622346401214599609e+00
2.260736942291259766e+00
2.211171627044677734e+00
1.319196820259094238e+00
1.407027125358581543e+00
1.183124423027038574e+00
1.066993355751037598e+00
2.252039194107055664e+00
2.812498807907104492e+00
2.993702888488769531e+00
2.673485040664672852e+00
2.901160001754760742e+00
2.231276035308837891e+00
2.937072515487670898e+00
3.435923814773559570e+00
4.548594951629638672e+00
4.804627418518066406e+00
4.228196144104003906e+00
4.686645507812500000e+00
4.758388519287109375e+00
4.180329799652099609e+00
4.078711509704589844e+00
4.187277793884277344e+00
3.832293272018432617e+00
3.532223463058471680e+00
3.576932430267333984e+00
3.370415925979614258e+00
3.704790592193603516e+00
3.623435020446777344e+00
3.172790050506591797e+00
2.813613891601562500e+00
2.676611900329589844e+00
3.147432804107666016e+00
3.067180156707763672e+00
3.152530670166015625e+00
2.523841857910156250e+00
2.889864683151245117e+00
2.991143226623535156e+00
2.749536752700805664e+00
6.908412575721740723e-01
1.165266871452331543e+00
1.492159962654113770e+00
1.489307641983032227e+00
1.042180776596069336e+00
1.503780484199523926e+00
1.863897085189819336e+00
2.414958715438842773e+00
1.812478661537170410e+00
6.541534066200256348e-01
1.000126123428344727e+00
1.624869942665100098e+00
1.831193447113037109e+00
2.567349910736083984e+00
2.821174383163452148e+00
2.758072376251220703e+00
2.254683971405029297e+00
1.786135792732238770e+00
1.964082121849060059e+00
1.576601386070251465e+00
1.009032845497131348e+00
2.298121690750122070e+00
2.077853441238403320e+00
1.327403783798217773e+00
1.477734923362731934e+00
2.027376651763916016e+00
2.965817928314208984e+00
3.388782024383544922e+00
3.317822456359863281e+00
3.842304706573486328e+00
3.742567777633666992e+00
2.968991518020629883e+00
2.556201457977294922e+00
2.656633853912353516e+00
2.593352079391479492e+00
2.242996215820312500e+00
1.917056083679199219e+00
2.527192115783691406e+00
3.065163135528564453e+00
2.395313024520874023e+00
3.145328283309936523e+00
3.005222320556640625e+00
1.582518219947814941e+00
1.850374579429626465e+00
1.683566927909851074e+00
1.859728574752807617e+00
3.009564876556396484e+00
3.448245048522949219e+00
3.852340459823608398e+00
3.516038894653320312e+00
3.809962987899780273e+00
3.154643535614013672e+00
3.709462165832519531e+00
4.173068523406982422e+00
5.307689189910888672e+00
5.500407218933105469e+00
4.941831588745117188e+00
5.341452121734619141e+00
5.487295627593994141e+00
5.005632400512695312e+00
4.932631492614746094e+00
5.070226669311523438e+00
4.657347202301025391e+00
4.321321964263916016e+00
4.419080257415771484e+00
4.253957748413085938e+00
4.621024608612060547e+00
4.529117107391357422e+00
4.084087371826171875e+00
3.702852010726928711e+00
3.536994457244873047e+00
3.947013854980468750e+00
3.780353307723999023e+00
3.794633150100708008e+00
3.178238153457641602e+00
3.424599409103393555e+00
3.447262525558471680e+00
3.071732282638549805e+00
3.636561334133148193e-01
7.162492275238037109e-01
8.336341977119445801e-01
4.563253223896026611e-01
1.193920254707336426e+00
1.496955990791320801e+00
2.137025594711303711e+00
1.601652741432189941e+00
4.793337583541870117e-01
9.189310669898986816e-01
1.048520207405090332e+00
1.419213175773620605e+00
1.915950059890747070e+00
1.846069335937500000e+00
1.701518893241882324e+00
1.254003047943115234e+00
1.299089312553405762e+00
1.512492656707763672e+00
1.607844829559326172e+00
1.218306303024291992e+00
1.265586256980895996e+00
1.266408562660217285e+00
1.429223775863647461e+00
1.615307092666625977e+00
2.221953630447387695e+00
2.866666555404663086e+00
3.237769603729248047e+00
3.327514886856079102e+00
3.983496665954589844e+00
4.060502052307128906e+00
3.344528198242187500e+00
2.923270702362060547e+00
2.851659774780273438e+00
2.841430187225341797e+00
2.429574251174926758e+00
2.040377855300903320e+00
2.532797813415527344e+00
2.943161964416503906e+00
2.365519046783447266e+00
3.052986145019531250e+00
2.946740627288818359e+00
2.257788896560668945e+00
2.363693714141845703e+00
2.123546838760375977e+00
1.686069965362548828e+00
2.477291345596313477e+00
2.847628355026245117e+00
3.684387683868408203e+00
3.289013624191284180e+00
3.723947286605834961e+00
3.219380378723144531e+00
3.632919311523437500e+00
4.102620601654052734e+00
5.252373218536376953e+00
5.478628635406494141e+00
4.855799674987792969e+00
5.418118953704833984e+00
5.181981563568115234e+00
4.728482723236083984e+00
4.689143657684326172e+00
5.007443428039550781e+00
4.738230705261230469e+00
4.636561393737792969e+00
4.664166927337646484e+00
4.428105831146240234e+00
4.612221717834472656e+00
4.686038970947265625e+00
4.128278255462646484e+00
3.962598085403442383e+00
3.875899553298950195e+00
4.359931468963623047e+00
4.269983291625976562e+00
4.309220314025878906e+00
3.721509933471679688e+00
3.993919372558593750e+00
4.033680915832519531e+00
3.616910457611083984e+00
1.314777582883834839e-01
3.298234641551971436e-01
2.896030843257904053e-01
7.542481422424316406e-01
1.016703963279724121e+00
1.703104257583618164e+00
1.246585607528686523e+00
5.581024885177612305e-01
7.482290267944335938e-01
5.363088846206665039e-01
1.139151930809020996e+00
1.395156264305114746e+00
1.691561698913574219e+00
1.814296007156372070e+00
1.338366746902465820e+00
1.529421687126159668e+00
1.727018475532531738e+00
1.640691637992858887e+00
1.480897426605224609e+00
9.673515558242797852e-01
9.143421649932861328e-01
1.442803382873535156e+00
1.575721263885498047e+00
2.099802255630493164e+00
2.635739088058471680e+00
2.912278413772583008e+00
3.008087158203125000e+00
3.800399303436279297e+00
4.031556606292724609e+00
3.371482372283935547e+00
3.018458127975463867e+00
2.944917678833007812e+00
3.017077445983886719e+00
2.618908643722534180e+00
2.195540428161621094e+00
2.560443401336669922e+00
2.890996217727661133e+00
2.349915981292724609e+00
2.960660934448242188e+00
2.792138814926147461e+00
2.424601078033447266e+00
2.441200733184814453e+00
2.207996368408203125e+00
1.647592902183532715e+00
2.409264087677001953e+00
3.083265066146850586e+00
3.797585725784301758e+00
3.398362874984741211e+00
3.743471860885620117e+00
3.223353624343872070e+00
3.417167663574218750e+00
3.876498460769653320e+00
5.019973754882812500e+00
5.217358589172363281e+00
4.587834358215332031e+00
5.184284687042236328e+00
4.837964057922363281e+00
4.458215713500976562e+00
4.482177257537841797e+00
4.886127948760986328e+00
4.627762317657470703e+00
4.637055397033691406e+00
4.653903007507324219e+00
4.414679527282714844e+00
4.553108692169189453e+00
4.688017368316650391e+00
4.091039180755615234e+00
4.011304378509521484e+00
3.958238124847412109e+00
4.426982879638671875e+00
4.339766979217529297e+00
4.372920989990234375e+00
3.829750537872314453e+00
4.065340518951416016e+00
4.088144302368164062e+00
3.593654632568359375e+00
1.319819390773773193e-01
2.977171242237091064e-01
5.677325129508972168e-01
7.650679945945739746e-01
1.407259106636047363e+00
1.090576171875000000e+00
7.455123066902160645e-01
7.758342623710632324e-01
2.776009142398834229e-01
9.501590132713317871e-01
9.485290050506591797e-01
1.456102371215820312e+00
1.768477678298950195e+00
1.284718871116638184e+00
1.671254634857177734e+00
1.872874855995178223e+00
1.762718319892883301e+00
1.761662006378173828e+00
7.012376189231872559e-01
4.960335791110992432e-01
1.585388898849487305e+00
1.582812666893005371e+00
2.077631950378417969e+00
2.396995067596435547e+00
2.615146398544311523e+00
2.803348779678344727e+00
3.635092020034790039e+00
3.973464012145996094e+00
3.416529178619384766e+00
3.187951564788818359e+00
3.100305080413818359e+00
3.214022159576416016e+00
2.824524402618408203e+00
2.392982959747314453e+00
2.671802282333374023e+00
2.837631225585937500e+00
2.389063358306884766e+00
2.811308145523071289e+00
2.572553873062133789e+00
2.546500921249389648e+00
2.558298110961914062e+00
2.373329639434814453e+00
1.718916296958923340e+00
2.338778972625732422e+00
3.152447462081909180e+00
3.882405996322631836e+00
3.380658626556396484e+00
3.755709648132324219e+00
3.252447128295898438e+00
3.158431768417358398e+00
3.606957197189331055e+00
4.725713729858398438e+00
4.926017284393310547e+00
4.282863140106201172e+00
4.946224689483642578e+00
4.439812183380126953e+00
4.119566440582275391e+00
4.190723419189453125e+00
4.652110576629638672e+00
4.418538570404052734e+00
4.600230693817138672e+00
4.599861621856689453e+00
4.362807273864746094e+00
4.425191402435302734e+00
4.668472766876220703e+00
4.014033794403076172e+00
4.090144157409667969e+00
4.095554828643798828e+00
4.493057727813720703e+00
4.437768936157226562e+00
4.457456588745117188e+00
3.989192724227905273e+00
4.145647048950195312e+00
4.129270553588867188e+00
3.592742681503295898e+00
1.336514651775360107e-01
6.177621483802795410e-01
8.764215111732482910e-01
1.695871949195861816e+00
1.264549255371093750e+00
7.216160297393798828e-01
5.252243280410766602e-01
5.838754773139953613e-01
1.285556316375732422e+00
1.351224899291992188e+00
1.739665746688842773e+00
2.045376300811767578e+00
1.519650220870971680e+00
1.950193285942077637e+00
2.152937173843383789e+00
2.018013477325439453e+00
1.999971151351928711e+00
9.383451342582702637e-01
8.849245905876159668e-01
1.748126149177551270e+00
1.727766394615173340e+00
2.233205318450927734e+00
2.748264312744140625e+00
2.967589378356933594e+00
3.020976066589355469e+00
3.927266836166381836e+00
4.227142810821533203e+00
3.633123159408569336e+00
3.399015426635742188e+00
3.342303991317749023e+00
3.468468904495239258e+00
3.086043119430541992e+00
2.652197837829589844e+00
2.916155815124511719e+00
3.149583816528320312e+00
2.656135797500610352e+00
3.148846864700317383e+00
2.935096502304077148e+00
2.603333234786987305e+00
2.683372259140014648e+00
2.516562223434448242e+00
1.960690379142761230e+00
2.640270948410034180e+00
3.415131568908691406e+00
4.144221782684326172e+00
3.673628091812133789e+00
4.047830581665039062e+00
3.532585144042968750e+00
3.519108057022094727e+00
3.969871759414672852e+00
5.100047111511230469e+00
5.287319183349609375e+00
4.654144287109375000e+00
5.275203704833984375e+00
4.852751731872558594e+00
4.530795574188232422e+00
4.589159011840820312e+00
5.025577545166015625e+00
4.767748832702636719e+00
4.874264240264892578e+00
4.894345283508300781e+00
4.667343616485595703e+00
4.768404483795166016e+00
4.971036911010742188e+00
4.337890625000000000e+00
4.346536159515380859e+00
4.323960781097412109e+00
4.741242408752441406e+00
4.649516582489013672e+00
4.640382289886474609e+00
4.154089450836181641e+00
4.297119617462158203e+00
4.271251678466796875e+00
3.715049982070922852e+00
4.245216548442840576e-01
7.503085136413574219e-01
1.534550309181213379e+00
1.016795754432678223e+00
3.504791855812072754e-01
2.660973370075225830e-01
6.513500213623046875e-01
1.282915234565734863e+00
1.555249691009521484e+00
1.990305066108703613e+00
2.251942634582519531e+00
1.751766085624694824e+00
1.966496229171752930e+00
2.164764642715454102e+00
1.980970025062561035e+00
1.772189259529113770e+00
1.208367466926574707e+00
1.095036149024963379e+00
1.424376606941223145e+00
1.355733156204223633e+00
1.865799546241760254e+00
2.574104785919189453e+00
2.822980165481567383e+00
2.752648353576660156e+00
3.630189418792724609e+00
3.901257753372192383e+00
3.302062273025512695e+00
3.169191360473632812e+00
3.234827756881713867e+00
3.342206001281738281e+00
2.967245817184448242e+00
2.541502475738525391e+00
2.882601022720336914e+00
3.157999038696289062e+00
2.593209981918334961e+00
3.096548080444335938e+00
2.892854213714599609e+00
2.168140172958374023e+00
2.288154125213623047e+00
2.150409936904907227e+00
1.907643675804138184e+00
2.786242961883544922e+00
3.547732591629028320e+00
4.207144260406494141e+00
3.800111532211303711e+00
4.087456703186035156e+00
3.469097614288330078e+00
3.396204233169555664e+00
3.827165126800537109e+00
4.982570171356201172e+00
5.121613502502441406e+00
4.527987003326416016e+00
5.036490917205810547e+00
4.872745037078857422e+00
4.598338127136230469e+00
4.636746883392333984e+00
4.991470336914062500e+00
4.620037555694580078e+00
4.614181518554687500e+00
4.687279224395751953e+00
4.518674373626708984e+00
4.742414474487304688e+00
4.877599716186523438e+00
4.293499469757080078e+00
4.193735599517822266e+00
4.140433788299560547e+00
4.477128505706787109e+00
4.329224109649658203e+00
4.275806427001953125e+00
3.792451381683349609e+00
3.909549236297607422e+00
3.874170780181884766e+00
3.309696197509765625e+00
1.299262493848800659e-01
9.141941666603088379e-01
4.366807043552398682e-01
5.100691914558410645e-01
3.334274888038635254e-01
6.235044598579406738e-01
1.140337347984313965e+00
1.474190354347229004e+00
2.226117134094238281e+00
2.561507701873779297e+00
2.149580478668212891e+00
2.334367513656616211e+00
2.418449878692626953e+00
2.062522888183593750e+00
2.039866924285888672e+00
1.536818623542785645e+00
1.174883127212524414e+00
1.319601774215698242e+00
1.065557122230529785e+00
1.458286285400390625e+00
2.103477954864501953e+00
2.264116764068603516e+00
2.131023883819580078e+00
3.111802816390991211e+00
3.515056610107421875e+00
3.024180173873901367e+00
3.066582441329956055e+00
3.215182304382324219e+00
3.412685394287109375e+00
3.122875690460205078e+00
2.689489841461181641e+00
2.859297513961791992e+00
3.036744594573974609e+00
2.492593765258789062e+00
2.833039045333862305e+00
2.541711091995239258e+00
2.018743038177490234e+00
2.127065181732177734e+00
2.045530080795288086e+00
1.888540506362915039e+00
2.868386983871459961e+00
3.803582668304443359e+00
4.280235767364501953e+00
3.858764648437500000e+00
4.027215003967285156e+00
3.332877397537231445e+00
2.925167560577392578e+00
3.310037612915039062e+00
4.461761474609375000e+00
4.553702354431152344e+00
3.982008457183837891e+00
4.470726490020751953e+00
4.384238243103027344e+00
4.236113548278808594e+00
4.305331707000732422e+00
4.632031440734863281e+00
4.183843612670898438e+00
4.282721042633056641e+00
4.363368988037109375e+00
4.238399982452392578e+00
4.486609935760498047e+00
4.658192157745361328e+00
4.066644668579101562e+00
4.032623291015625000e+00
4.014803409576416016e+00
4.237762451171875000e+00
4.091744899749755859e+00
4.000039577484130859e+00
3.601716518402099609e+00
3.636346578598022461e+00
3.566042661666870117e+00
2.944097757339477539e+00
5.822991132736206055e-01
3.800988197326660156e-01
7.548944950103759766e-01
8.099526762962341309e-01
6.997472643852233887e-01
9.837394356727600098e-01
9.340837597846984863e-01
1.835174441337585449e+00
2.357769489288330078e+00
2.102749586105346680e+00
2.423256158828735352e+00
2.440120935440063477e+00
2.045053720474243164e+00
2.230786800384521484e+00
1.353353023529052734e+00
9.157257676124572754e-01
1.418718934059143066e+00
1.100044488906860352e+00
1.460782408714294434e+00
1.821423888206481934e+00
1.909293532371520996e+00
1.940429568290710449e+00
2.936960458755493164e+00
3.431258678436279297e+00
3.020350456237792969e+00
3.073626995086669922e+00
3.175525188446044922e+00
3.400978803634643555e+00
3.162308216094970703e+00
2.736030578613281250e+00
2.755800247192382812e+00
2.804948091506958008e+00
2.377320528030395508e+00
2.588579893112182617e+00
2.306707382202148438e+00
2.132018089294433594e+00
2.236009120941162109e+00
2.144550323486328125e+00
1.805436849594116211e+00
2.565457820892333984e+00
3.680931806564331055e+00
4.073741436004638672e+00
3.553311347961425781e+00
3.797733068466186523e+00
3.187378168106079102e+00
2.609321355819702148e+00
2.980348348617553711e+00
4.087288856506347656e+00
4.211158752441406250e+00
3.599813938140869141e+00
4.218998432159423828e+00
3.791764974594116211e+00
3.667650699615478516e+00
3.810805082321166992e+00
4.252908706665039062e+00
3.937228202819824219e+00
4.177433490753173828e+00
4.224463462829589844e+00
4.070750713348388672e+00
4.213302135467529297e+00
4.482432365417480469e+00
3.838171720504760742e+00
3.937462091445922852e+00
3.963771820068359375e+00
4.182694911956787109e+00
4.089017391204833984e+00
3.964315652847290039e+00
3.659145116806030273e+00
3.664838790893554688e+00
3.582534313201904297e+00
2.944821834564208984e+00
4.706450402736663818e-01
1.352646708488464355e+00
1.588640928268432617e+00
7.811390757560729980e-01
9.688636064529418945e-01
1.010988116264343262e+00
1.933788537979125977e+00
2.528432130813598633e+00
2.394915580749511719e+00
2.600182533264160156e+00
2.471918582916259766e+00
1.953379511833190918e+00
2.192684650421142578e+00
1.699204802513122559e+00
1.303776264190673828e+00
1.224890470504760742e+00
8.280262351036071777e-01
1.006243228912353516e+00
1.046485900878906250e+00
1.139854550361633301e+00
1.195634007453918457e+00
2.096743106842041016e+00
2.645930290222167969e+00
2.401294469833374023e+00
2.613651514053344727e+00
2.813150405883789062e+00
3.064073562622070312e+00
2.951435089111328125e+00
2.567376375198364258e+00
2.446783065795898438e+00
2.310734510421752930e+00
2.014573097229003906e+00
1.950471639633178711e+00
1.622690439224243164e+00
1.838994145393371582e+00
1.771586418151855469e+00
1.620668768882751465e+00
1.509084820747375488e+00
2.329644680023193359e+00
3.593774080276489258e+00
3.695536136627197266e+00
3.170183420181274414e+00
3.280087709426879883e+00
2.567000150680541992e+00
1.873543977737426758e+00
2.152041673660278320e+00
3.237559795379638672e+00
3.390916585922241211e+00
2.759511470794677734e+00
3.393967151641845703e+00
2.979268550872802734e+00
2.891292572021484375e+00
3.031361103057861328e+00
3.417141675949096680e+00
3.130495309829711914e+00
3.455706596374511719e+00
3.513782024383544922e+00
3.400965452194213867e+00
3.423414707183837891e+00
3.823993444442749023e+00
3.167262077331542969e+00
3.392793655395507812e+00
3.446964502334594727e+00
3.544455289840698242e+00
3.459939241409301758e+00
3.229207754135131836e+00
3.116161108016967773e+00
3.095167160034179688e+00
3.019970893859863281e+00
2.393372297286987305e+00
7.640064954757690430e-01
1.035624980926513672e+00
5.109946131706237793e-01
7.442618608474731445e-01
1.335727572441101074e+00
2.127913713455200195e+00
2.591481447219848633e+00
2.350997924804687500e+00
2.339678287506103516e+00
2.241816997528076172e+00
1.718479514122009277e+00
1.912480831146240234e+00
1.824644565582275391e+00
1.302902817726135254e+00
8.790590763092041016e-01
3.780891299247741699e-01
6.405214667320251465e-01
1.410430550575256348e+00
1.613790631294250488e+00
1.433832406997680664e+00
2.295604228973388672e+00
2.718014240264892578e+00
2.342778682708740234e+00
2.526204586029052734e+00
2.710469722747802734e+00
2.937010049819946289e+00
2.743185758590698242e+00
2.337597131729125977e+00
2.353936195373535156e+00
2.453912019729614258e+00
1.946148157119750977e+00
2.177521467208862305e+00
1.858403444290161133e+00
1.335338354110717773e+00
1.516222834587097168e+00
1.535605669021606445e+00
1.402743697166442871e+00
2.500843763351440430e+00
3.611359834671020508e+00
3.790413141250610352e+00
3.391913890838623047e+00
3.462885618209838867e+00
2.719838857650756836e+00
2.232962369918823242e+00
2.633667945861816406e+00
3.788706779479980469e+00
3.862608194351196289e+00
3.322852849960327148e+00
3.699472665786743164e+00
3.762637138366699219e+00
3.583433866500854492e+00
3.647463083267211914e+00
3.942065238952636719e+00
3.493892431259155273e+00
3.586947679519653320e+00
3.699319362640380859e+00
3.572948694229125977e+00
3.819680690765380859e+00
4.007864475250244141e+00
3.414170980453491211e+00
3.426095008850097656e+00
3.438705682754516602e+00
3.580928087234497070e+00
3.392886877059936523e+00
3.236554861068725586e+00
2.933586597442626953e+00
2.845149278640747070e+00
2.728904724121093750e+00
2.053652524948120117e+00
1.326290220022201538e-01
8.570600152015686035e-01
1.205586194992065430e+00
1.836912155151367188e+00
2.287457227706909180e+00
2.414422273635864258e+00
1.972776174545288086e+00
1.893399953842163086e+00
2.028601408004760742e+00
1.699258089065551758e+00
1.416353702545166016e+00
1.640052676200866699e+00
1.404647827148437500e+00
1.057405471801757812e+00
9.566432833671569824e-01
1.446877002716064453e+00
2.290928602218627930e+00
2.565540313720703125e+00
2.422063112258911133e+00
3.261729955673217773e+00
3.514547586441040039e+00
2.923608064651489258e+00
2.798601865768432617e+00
2.919891595840454102e+00
3.021129846572875977e+00
2.668961286544799805e+00
2.262449026107788086e+00
2.629830121994018555e+00
2.968449115753173828e+00
2.337821006774902344e+00
2.884588479995727539e+00
2.617961645126342773e+00
1.739090204238891602e+00
1.865991473197937012e+00
1.734023690223693848e+00
1.690593719482421875e+00
2.766756772994995117e+00
3.489883184432983398e+00
4.026165485382080078e+00
3.648785829544067383e+00
3.892990827560424805e+00
3.196677923202514648e+00
3.127948045730590820e+00
3.542237043380737305e+00
4.705016136169433594e+00
4.817811012268066406e+00
4.252912044525146484e+00
4.698116779327392578e+00
4.729448318481445312e+00
4.481205940246582031e+00
4.506052494049072266e+00
4.768463611602783203e+00
4.308763027191162109e+00
4.258212089538574219e+00
4.354296684265136719e+00
4.218046188354492188e+00
4.517831802368164062e+00
4.587558746337890625e+00
4.045139312744140625e+00
3.863697052001953125e+00
3.787955999374389648e+00
4.098463535308837891e+00
3.939107418060302734e+00
3.873755455017089844e+00
3.379495143890380859e+00
3.490778446197509766e+00
3.444126367568969727e+00
2.869583606719970703e+00
9.545405507087707520e-01
1.432739973068237305e+00
1.944872260093688965e+00
2.511342048645019531e+00
2.733381986618041992e+00
2.292330980300903320e+00
2.311867952346801758e+00
2.421751022338867188e+00
2.038340330123901367e+00
1.848197579383850098e+00
1.755696892738342285e+00
1.533175230026245117e+00
1.398083806037902832e+00
1.280660390853881836e+00
1.757947087287902832e+00
2.601285934448242188e+00
2.859117507934570312e+00
2.706726074218750000e+00
3.582287073135375977e+00
3.838614940643310547e+00
3.238130569458007812e+00
3.148108005523681641e+00
3.266201019287109375e+00
3.386124372482299805e+00
3.049287796020507812e+00
2.630096673965454102e+00
2.957891702651977539e+00
3.269931077957153320e+00
2.659012556076049805e+00
3.172153711318969727e+00
2.926856279373168945e+00
1.986183285713195801e+00
2.169448852539062500e+00
2.064973354339599609e+00
2.000564098358154297e+00
3.071935176849365234e+00
3.876699209213256836e+00
4.370333671569824219e+00
3.995891332626342773e+00
4.205142021179199219e+00
3.523716449737548828e+00
3.435790300369262695e+00
3.853269577026367188e+00
5.013958454132080078e+00
5.126790523529052734e+00
4.557668685913085938e+00
5.012056350708007812e+00
4.996269702911376953e+00
4.752391338348388672e+00
4.776081562042236328e+00
5.065677165985107422e+00
4.629272460937500000e+00
4.578199386596679688e+00
4.671963214874267578e+00
4.533496379852294922e+00
4.817801475524902344e+00
4.912545680999755859e+00
4.355825901031494141e+00
4.203444004058837891e+00
4.134424209594726562e+00
4.424298286437988281e+00
4.258052825927734375e+00
4.180780887603759766e+00
3.700861930847167969e+00
3.791001081466674805e+00
3.743265151977539062e+00
3.162873506546020508e+00
1.337780058383941650e-01
9.036201834678649902e-01
1.412857413291931152e+00
1.722109794616699219e+00
1.363692522048950195e+00
1.636862754821777344e+00
1.656967163085937500e+00
1.194430232048034668e+00
1.405887007713317871e+00
8.694089055061340332e-01
4.593043923377990723e-01
7.131545543670654297e-01
7.272849082946777344e-01
1.135671973228454590e+00
1.483604192733764648e+00
1.765120625495910645e+00
2.032362461090087891e+00
2.678386211395263672e+00
2.937463521957397461e+00
2.373768329620361328e+00
2.270996570587158203e+00
2.335736274719238281e+00
2.555748224258422852e+00
2.290559053421020508e+00
1.862209081649780273e+00
1.909669399261474609e+00
2.048891544342041016e+00
1.549092292785644531e+00
1.923278450965881348e+00
1.715717315673828125e+00
1.749225616455078125e+00
1.652864933013916016e+00
1.423951387405395508e+00
9.511909484863281250e-01
1.932985424995422363e+00
2.998772382736206055e+00
3.285270452499389648e+00
2.864722967147827148e+00
3.031165361404418945e+00
2.399309158325195312e+00
2.246588230133056641e+00
2.703790187835693359e+00
3.843772649765014648e+00
4.051784038543701172e+00
3.414628267288208008e+00
4.052604198455810547e+00
3.718457460403442383e+00
3.404460430145263672e+00
3.434124469757080078e+00
3.795758724212646484e+00
3.492296457290649414e+00
3.588436365127563477e+00
3.627470493316650391e+00
3.426859140396118164e+00
3.572910547256469727e+00
3.774344921112060547e+00
3.146827459335327148e+00
3.187211990356445312e+00
3.182790279388427734e+00
3.496260881423950195e+00
3.410251617431640625e+00
3.412506580352783203e+00
2.971491098403930664e+00
3.130552530288696289e+00
3.133057832717895508e+00
2.652995824813842773e+00
7.251871228218078613e-01
1.246959328651428223e+00
1.646079301834106445e+00
1.403118491172790527e+00
1.453673243522644043e+00
1.301752686500549316e+00
7.000387310981750488e-01
1.133357167243957520e+00
1.153070211410522461e+00
6.875691413879394531e-01
8.990846276283264160e-01
9.912747144699096680e-01
1.380268573760986328e+00
1.198546171188354492e+00
1.605932354927062988e+00
2.073296070098876953e+00
2.451805830001831055e+00
2.610175132751464844e+00
2.061537027359008789e+00
1.781334638595581055e+00
1.679607868194580078e+00
1.931088447570800781e+00
1.776324629783630371e+00
1.411281704902648926e+00
1.279622673988342285e+00
1.258857607841491699e+00
9.074105024337768555e-01
1.178905010223388672e+00
1.088897824287414551e+00
2.006589174270629883e+00
1.697366237640380859e+00
1.116040587425231934e+00
2.700867354869842529e-01
1.390089869499206543e+00
2.526024818420410156e+00
2.560015678405761719e+00
2.176304817199707031e+00
2.252281188964843750e+00
1.637624979019165039e+00
1.781068682670593262e+00
2.281627416610717773e+00
3.397557020187377930e+00
3.701339960098266602e+00
3.049435853958129883e+00
3.697309970855712891e+00
3.342751502990722656e+00
2.831681489944458008e+00
2.787286758422851562e+00
3.100712776184082031e+00
2.886263847351074219e+00
3.060400009155273438e+00
2.996906518936157227e+00
2.720446825027465820e+00
2.805738925933837891e+00
3.018927097320556641e+00
2.373920679092407227e+00
2.481034278869628906e+00
2.535239458084106445e+00
2.930801630020141602e+00
2.985367059707641602e+00
3.087496757507324219e+00
2.686974763870239258e+00
2.975198268890380859e+00
3.056324958801269531e+00
2.688636064529418945e+00
4.541532695293426514e-01
1.080344796180725098e+00
1.078398704528808594e+00
1.636723160743713379e+00
1.550239324569702148e+00
1.298004031181335449e+00
1.841298341751098633e+00
5.637928247451782227e-01
3.607572913169860840e-01
1.823445439338684082e+00
1.862451553344726562e+00
2.247019767761230469e+00
1.849385023117065430e+00
2.059654951095581055e+00
2.603854179382324219e+00
3.202787160873413086e+00
3.593683958053588867e+00
3.118662357330322266e+00
2.830149650573730469e+00
2.590128183364868164e+00
2.820055246353149414e+00
2.552550077438354492e+00
2.162292957305908203e+00
2.031527042388916016e+00
1.963827610015869141e+00
1.778871059417724609e+00
1.996195912361145020e+00
1.711946368217468262e+00
2.950450658798217773e+00
2.691110610961914062e+00
2.171458244323730469e+00
1.291053533554077148e+00
1.218101620674133301e+00
2.351492643356323242e+00
2.921333789825439453e+00
2.227353811264038086e+00
2.722175359725952148e+00
2.494643449783325195e+00
2.470726966857910156e+00
2.910992383956909180e+00
3.954555511474609375e+00
4.219787120819091797e+00
3.544784784317016602e+00
4.324258327484130859e+00
3.456376314163208008e+00
2.936163663864135742e+00
3.018220186233520508e+00
3.618913650512695312e+00
3.634999275207519531e+00
4.036403656005859375e+00
3.925191402435302734e+00
3.594686746597290039e+00
3.424926042556762695e+00
3.835416793823242188e+00
3.107502937316894531e+00
3.425830125808715820e+00
3.515814065933227539e+00
3.943506956100463867e+00
4.043341159820556641e+00
4.075822830200195312e+00
3.763103961944580078e+00
4.024061203002929688e+00
4.077378749847412109e+00
3.640580415725708008e+00
3.998993933200836182e-01
4.272014498710632324e-01
1.353676199913024902e+00
1.229223251342773438e+00
1.450734972953796387e+00
2.014477968215942383e+00
5.547212958335876465e-01
6.210131049156188965e-01
2.297946929931640625e+00
2.483978271484375000e+00
2.874871015548706055e+00
2.474140167236328125e+00
2.759895563125610352e+00
3.373350620269775391e+00
3.838378429412841797e+00
4.114492893218994141e+00
3.605496883392333984e+00
3.146803379058837891e+00
2.726712703704833984e+00
2.888272762298583984e+00
2.552379369735717773e+00
2.206695318222045898e+00
2.157998085021972656e+00
2.126810073852539062e+00
2.076380491256713867e+00
2.358907699584960938e+00
2.117531776428222656e+00
3.482467651367187500e+00
3.238242626190185547e+00
2.674204111099243164e+00
1.693428277969360352e+00
1.034076690673828125e+00
1.811176180839538574e+00
2.701527118682861328e+00
1.996996521949768066e+00
2.609901666641235352e+00
2.669674873352050781e+00
2.977009773254394531e+00
3.411839246749877930e+00
4.397891998291015625e+00
4.752339363098144531e+00
4.063843727111816406e+00
4.863804817199707031e+00
3.853096485137939453e+00
3.254715442657470703e+00
3.311579465866088867e+00
3.920551538467407227e+00
4.036397457122802734e+00
4.459341526031494141e+00
4.295706272125244141e+00
3.893910169601440430e+00
3.637799978256225586e+00
3.980745792388916016e+00
3.310074329376220703e+00
3.642561197280883789e+00
3.738438606262207031e+00
4.309186458587646484e+00
4.458313465118408203e+00
4.570150852203369141e+00
4.199549198150634766e+00
4.531383037567138672e+00
4.616212844848632812e+00
4.226625442504882812e+00
2.784201800823211670e-01
1.091194391250610352e+00
1.175089836120605469e+00
1.619237542152404785e+00
2.041795730590820312e+00
1.026928186416625977e+00
9.940276741981506348e-01
2.561563253402709961e+00
2.804003000259399414e+00
3.275119066238403320e+00
3.004950523376464844e+00
3.336756467819213867e+00
3.926690816879272461e+00
4.297885894775390625e+00
4.448004722595214844e+00
3.913834333419799805e+00
3.286381483078002930e+00
2.771383047103881836e+00
2.888985872268676758e+00
2.534027099609375000e+00
2.196765661239624023e+00
2.241164684295654297e+00
2.145871400833129883e+00
2.208768844604492188e+00
2.486531019210815430e+00
2.487147331237792969e+00
3.735118150711059570e+00
3.538778305053710938e+00
3.017864227294921875e+00
1.931840896606445312e+00
9.258627295494079590e-01
1.388511657714843750e+00
2.407791376113891602e+00
1.727810740470886230e+00
2.356660604476928711e+00
2.725829839706420898e+00
3.320486307144165039e+00
3.783259868621826172e+00
4.688432693481445312e+00
5.113405227661132812e+00
4.431842803955078125e+00
5.227514743804931641e+00
4.127551078796386719e+00
3.350335121154785156e+00
3.339323520660400391e+00
3.940815687179565430e+00
4.224566459655761719e+00
4.635436534881591797e+00
4.404539108276367188e+00
3.921482324600219727e+00
3.576946735382080078e+00
3.896135091781616211e+00
3.280968427658081055e+00
3.638026714324951172e+00
3.765278577804565430e+00
4.409619808197021484e+00
4.630484104156494141e+00
4.851142883300781250e+00
4.429188251495361328e+00
4.844085693359375000e+00
4.957782268524169922e+00
4.615783691406250000e+00
5.775793194770812988e-01
7.636804580688476562e-01
1.197615981101989746e+00
1.531137108802795410e+00
5.930578112602233887e-01
7.637147903442382812e-01
2.083805561065673828e+00
2.367879629135131836e+00
2.905960798263549805e+00
2.910439729690551758e+00
3.275141716003417969e+00
3.784153461456298828e+00
4.154922008514404297e+00
4.218235015869140625e+00
3.554268836975097656e+00
2.881677627563476562e+00
2.469335317611694336e+00
2.499832630157470703e+00
2.093333005905151367e+00
1.771777510643005371e+00
1.981095671653747559e+00
2.217423915863037109e+00
1.982662200927734375e+00
2.514399766921997070e+00
2.469056606292724609e+00
3.223218202590942383e+00
3.049741983413696289e+00
2.643002748489379883e+00
1.523553490638732910e+00
1.249200463294982910e+00
1.514108419418334961e+00
2.663093090057373047e+00
2.132975816726684570e+00
2.716979026794433594e+00
2.665739774703979492e+00
3.381273269653320312e+00
3.889961481094360352e+00
4.933555603027343750e+00
5.300882816314697266e+00
4.626312732696533203e+00
5.337747573852539062e+00
4.587671756744384766e+00
3.915251493453979492e+00
3.858299970626831055e+00
4.338471412658691406e+00
4.377311229705810547e+00
4.531137466430664062e+00
4.391847133636474609e+00
3.979227304458618164e+00
3.869380474090576172e+00
4.069673538208007812e+00
3.457949638366699219e+00
3.568144798278808594e+00
3.576040506362915039e+00
4.244744300842285156e+00
4.342050552368164062e+00
4.526461124420166016e+00
3.998025178909301758e+00
4.418490886688232422e+00
4.540966033935546875e+00
4.229660511016845703e+00
1.320243924856185913e-01
7.225742340087890625e-01
8.062707185745239258e-01
1.526191234588623047e+00
1.243858933448791504e+00
1.685995340347290039e+00
2.024348974227905273e+00
2.575430393218994141e+00
2.739057779312133789e+00
3.217798709869384766e+00
3.616211175918579102e+00
3.846655368804931641e+00
3.719402551651000977e+00
2.974659442901611328e+00
2.169122219085693359e+00
1.778373837471008301e+00
1.706063628196716309e+00
1.275431871414184570e+00
9.708828926086425781e-01
1.385837674140930176e+00
1.895707011222839355e+00
1.518936038017272949e+00
2.183003425598144531e+00
2.313847064971923828e+00
2.641399621963500977e+00
2.476983785629272461e+00
2.090321540832519531e+00
1.159761905670166016e+00
1.292582273483276367e+00
1.335378050804138184e+00
2.301845788955688477e+00
1.908205032348632812e+00
2.406217098236083984e+00
2.166362762451171875e+00
3.174264192581176758e+00
3.717536449432373047e+00
4.771357059478759766e+00
5.137653350830078125e+00
4.499375820159912109e+00
5.103279590606689453e+00
4.695003509521484375e+00
3.960448265075683594e+00
3.815324068069458008e+00
4.117102146148681641e+00
4.065834522247314453e+00
3.989656448364257812e+00
3.883033514022827148e+00
3.498726129531860352e+00
3.547499179840087891e+00
3.605778455734252930e+00
3.071472406387329102e+00
2.958558320999145508e+00
2.893328428268432617e+00
3.582730293273925781e+00
3.673449277877807617e+00
3.879152536392211914e+00
3.293229341506958008e+00
3.773927688598632812e+00
3.929711103439331055e+00
3.712383270263671875e+00
4.665948748588562012e-01
6.667348742485046387e-01
1.729036927223205566e+00
1.399522304534912109e+00
1.598810315132141113e+00
1.928879737854003906e+00
2.424758434295654297e+00
2.458606004714965820e+00
2.943377733230590820e+00
3.357569694519042969e+00
3.552668809890747070e+00
3.426338911056518555e+00
2.709483861923217773e+00
1.908754229545593262e+00
1.480911493301391602e+00
1.489050745964050293e+00
1.079847335815429688e+00
7.584129571914672852e-01
1.036284685134887695e+00
1.378951072692871094e+00
1.174271941184997559e+00
1.774563193321228027e+00
1.964963316917419434e+00
2.574220895767211914e+00
2.341531515121459961e+00
1.879369616508483887e+00
9.158179163932800293e-01
6.400599479675292969e-01
1.083928227424621582e+00
1.646420001983642578e+00
1.235509991645812988e+00
1.737783789634704590e+00
1.769947767257690430e+00
2.832166671752929688e+00
3.377969741821289062e+00
4.394340515136718750e+00
4.794537544250488281e+00
4.157492160797119141e+00
4.764848232269287109e+00
4.244286537170410156e+00
3.412313699722290039e+00
3.235639572143554688e+00
3.579221010208129883e+00
3.679130554199218750e+00
3.665795087814331055e+00
3.541042566299438477e+00
3.095008134841918945e+00
2.985307693481445312e+00
3.092829465866088867e+00
2.558396816253662109e+00
2.606537103652954102e+00
2.602588415145874023e+00
3.288001775741577148e+00
3.398909568786621094e+00
3.615829229354858398e+00
3.063591957092285156e+00
3.550368785858154297e+00
3.715975046157836914e+00
3.504932403564453125e+00
1.324901282787322998e-01
1.748436689376831055e+00
1.256800413131713867e+00
8.770084381103515625e-01
1.201186180114746094e+00
1.668848156929016113e+00
1.805720925331115723e+00
2.302791833877563477e+00
2.705176115036010742e+00
2.900756835937500000e+00
2.784002304077148438e+00
2.031861782073974609e+00
1.395816922187805176e+00
1.215828776359558105e+00
1.301045536994934082e+00
9.283142089843750000e-01
5.054237842559814453e-01
7.550493478775024414e-01
1.070728302001953125e+00
6.138782501220703125e-01
1.281004309654235840e+00
1.340311050415039062e+00
1.789712548255920410e+00
1.535031080245971680e+00
1.112675786018371582e+00
2.725460827350616455e-01
1.026975154876708984e+00
1.888844251632690430e+00
2.055282831192016602e+00
1.692604780197143555e+00
1.899558305740356445e+00
1.422733902931213379e+00
2.196210145950317383e+00
2.738532781600952148e+00
3.796468257904052734e+00
4.159356594085693359e+00
3.518794059753417969e+00
4.136168956756591797e+00
3.771300315856933594e+00
3.086515426635742188e+00
2.959371328353881836e+00
3.235394477844238281e+00
3.132889270782470703e+00
3.147043228149414062e+00
3.051819562911987305e+00
2.706543445587158203e+00
2.763028144836425781e+00
2.897591114044189453e+00
2.291983604431152344e+00
2.284550189971923828e+00
2.282603263854980469e+00
2.835851907730102539e+00
2.839515209197998047e+00
2.987029075622558594e+00
2.418828964233398438e+00
2.835527181625366211e+00
2.970978975296020508e+00
2.727763891220092773e+00
2.121449708938598633e+00
1.670697927474975586e+00
1.012311339378356934e+00
1.340405702590942383e+00
1.840179443359375000e+00
2.127669811248779297e+00
2.661029100418090820e+00
2.946711778640747070e+00
3.103758096694946289e+00
2.858752012252807617e+00
2.066801309585571289e+00
1.297420859336853027e+00
1.116431474685668945e+00
1.087084650993347168e+00
7.195870280265808105e-01
3.291159272193908691e-01
9.858485460281372070e-01
1.548900842666625977e+00
9.511940479278564453e-01
1.715905189514160156e+00
1.858086824417114258e+00
1.736761689186096191e+00
1.571785211563110352e+00
1.186883091926574707e+00
6.239851117134094238e-01
1.577844023704528809e+00
2.211334466934204102e+00
2.292365312576293945e+00
1.988887071609497070e+00
2.229095935821533203e+00
1.647541522979736328e+00
2.592457532882690430e+00
3.122908353805541992e+00
4.206333637237548828e+00
4.531651496887207031e+00
3.926357030868530273e+00
4.444688320159912109e+00
4.330904006958007812e+00
3.656849145889282227e+00
3.522302627563476562e+00
3.680716753005981445e+00
3.449550151824951172e+00
3.190247297286987305e+00
3.165353536605834961e+00
2.873037815093994141e+00
3.139063596725463867e+00
3.052557468414306641e+00
2.614276885986328125e+00
2.274660587310791016e+00
2.157270908355712891e+00
2.757068395614624023e+00
2.783303499221801758e+00
2.954003572463989258e+00
2.342227935791015625e+00
2.809953689575195312e+00
2.961870431900024414e+00
2.792961835861206055e+00
3.212318420410156250e-01
2.134507179260253906e+00
2.294010639190673828e+00
2.730064868927001953e+00
2.576753854751586914e+00
2.810783624649047852e+00
3.268671751022338867e+00
3.930023908615112305e+00
4.296198844909667969e+00
3.774296760559082031e+00
3.418892145156860352e+00
3.161576509475708008e+00
3.300047636032104492e+00
2.911807537078857422e+00
2.511919736862182617e+00
2.623182058334350586e+00
2.675747871398925781e+00
2.431603670120239258e+00
2.765729665756225586e+00
2.496163845062255859e+00
3.304599285125732422e+00
3.182570695877075195e+00
2.801673412322998047e+00
1.857647061347961426e+00
1.821463227272033691e+00
2.634285688400268555e+00
3.510204076766967773e+00
2.870371103286743164e+00
3.410152673721313477e+00
3.201509475708007812e+00
3.228496313095092773e+00
3.666068792343139648e+00
4.710971832275390625e+00
4.989815235137939453e+00
4.312380313873291016e+00
5.086473941802978516e+00
4.200220584869384766e+00
3.761234760284423828e+00
3.859224081039428711e+00
4.450765132904052734e+00
4.421311378479003906e+00
4.783172130584716797e+00
4.688582897186279297e+00
4.356916904449462891e+00
4.227321624755859375e+00
4.581844329833984375e+00
3.873662471771240234e+00
4.131217479705810547e+00
4.185335636138916016e+00
4.664383888244628906e+00
4.726435661315917969e+00
4.783260345458984375e+00
4.382016181945800781e+00
4.636891365051269531e+00
4.674536705017089844e+00
4.210766315460205078e+00
1.701354861259460449e+00
1.804229736328125000e+00
2.228777885437011719e+00
2.210401058197021484e+00
2.449990749359130859e+00
2.808975458145141602e+00
3.536876201629638672e+00
3.852091789245605469e+00
3.283274173736572266e+00
2.896728754043579102e+00
2.653695821762084961e+00
2.832220554351806641e+00
2.470222234725952148e+00
2.064112424850463867e+00
2.121964454650878906e+00
2.221356153488159180e+00
1.914906740188598633e+00
2.335020065307617188e+00
2.107982397079467773e+00
2.850495815277099609e+00
2.729747772216796875e+00
2.311216354370117188e+00
1.331633567810058594e+00
1.510970711708068848e+00
2.422917127609252930e+00
3.138220071792602539e+00
2.566827774047851562e+00
3.025540351867675781e+00
2.714194059371948242e+00
2.888164281845092773e+00
3.332563161849975586e+00
4.403533935546875000e+00
4.667532920837402344e+00
3.995123147964477539e+00
4.745915889739990234e+00
3.976152658462524414e+00
3.540382623672485352e+00
3.596929311752319336e+00
4.133200168609619141e+00
4.053889274597167969e+00
4.320722103118896484e+00
4.234092235565185547e+00
3.904515981674194336e+00
3.837745904922485352e+00
4.131334781646728516e+00
3.446321964263916016e+00
3.628619670867919922e+00
3.669762134552001953e+00
4.166386604309082031e+00
4.217474937438964844e+00
4.319483757019042969e+00
3.861822843551635742e+00
4.148698806762695312e+00
4.205836772918701172e+00
3.733347654342651367e+00
1.333569139242172241e-01
6.811683773994445801e-01
1.393356919288635254e+00
1.859799027442932129e+00
1.891655683517456055e+00
2.333784580230712891e+00
2.238824367523193359e+00
1.527751088142395020e+00
1.395079016685485840e+00
1.729640364646911621e+00
1.874480366706848145e+00
1.626456260681152344e+00
1.359858155250549316e+00
1.653041481971740723e+00
2.024506568908691406e+00
1.364003777503967285e+00
1.828725695610046387e+00
1.528909087181091309e+00
6.470195651054382324e-01
4.584092795848846436e-01
2.994147539138793945e-01
8.262746930122375488e-01
2.288821458816528320e+00
3.153307199478149414e+00
3.191097259521484375e+00
2.908608675003051758e+00
2.902107477188110352e+00
2.038156747817993164e+00
2.171908378601074219e+00
2.605713844299316406e+00
3.755612373352050781e+00
3.934527397155761719e+00
3.367791175842285156e+00
3.807586431503295898e+00
3.976784229278564453e+00
3.590216636657714844e+00
3.574195384979248047e+00
3.697760105133056641e+00
3.191765308380126953e+00
2.897641181945800781e+00
3.007684946060180664e+00
2.902434825897216797e+00
3.361070871353149414e+00
3.279277801513671875e+00
2.815961122512817383e+00
2.505545377731323242e+00
2.396230459213256836e+00
2.648806571960449219e+00
2.488263130187988281e+00
2.438209295272827148e+00
1.926306247711181641e+00
2.086137056350708008e+00
2.111449241638183594e+00
1.752699732780456543e+00
3.567336797714233398e-01
1.307683467864990234e+00
1.593640923500061035e+00
1.429494738578796387e+00
2.120937824249267578e+00
2.317945718765258789e+00
1.720505714416503906e+00
1.843677282333374023e+00
2.157652854919433594e+00
2.336235046386718750e+00
2.093194723129272461e+00
1.743418693542480469e+00
1.952035665512084961e+00
2.251188755035400391e+00
1.594993591308593750e+00
1.991877198219299316e+00
1.607038021087646484e+00
7.944910526275634766e-01
7.666498422622680664e-01
7.350863218307495117e-01
1.052600741386413574e+00
2.534066438674926758e+00
3.465285778045654297e+00
3.491206407546997070e+00
3.181746721267700195e+00
3.192116975784301758e+00
2.350788354873657227e+00
2.141567707061767578e+00
2.467921733856201172e+00
3.645055770874023438e+00
3.720485687255859375e+00
3.197125911712646484e+00
3.570763826370239258e+00
3.855652809143066406e+00
3.649537801742553711e+00
3.689844369888305664e+00
3.784235954284667969e+00
3.200807094573974609e+00
3.074348211288452148e+00
3.191248655319213867e+00
3.121817350387573242e+00
3.533722639083862305e+00
3.564103126525878906e+00
3.049798965454101562e+00
2.871576070785522461e+00
2.815004348754882812e+00
2.936357259750366211e+00
2.758711338043212891e+00
2.663378715515136719e+00
2.234016180038452148e+00
2.297549009323120117e+00
2.268701791763305664e+00
1.777013301849365234e+00
1.153021574020385742e+00
1.346237421035766602e+00
1.021151781082153320e+00
1.674189090728759766e+00
1.977087259292602539e+00
1.512394547462463379e+00
1.903659462928771973e+00
2.348019838333129883e+00
2.546919822692871094e+00
2.401311397552490234e+00
2.130198955535888672e+00
2.204479217529296875e+00
2.388109445571899414e+00
1.805712461471557617e+00
2.018687486648559570e+00
1.545299053192138672e+00
4.985847175121307373e-01
7.267861366271972656e-01
9.063688516616821289e-01
1.279314279556274414e+00
2.872793197631835938e+00
3.899889945983886719e+00
3.733701467514038086e+00
3.465379238128662109e+00
3.326572656631469727e+00
2.353347539901733398e+00
1.905490994453430176e+00
2.151422023773193359e+00
3.324105262756347656e+00
3.338503599166870117e+00
2.878629207611083984e+00
3.139863014221191406e+00
3.682384729385375977e+00
3.543259143829345703e+00
3.602692127227783203e+00
3.638950586318969727e+00
2.920197963714599609e+00
2.839942216873168945e+00
3.016658067703247070e+00
3.036899328231811523e+00
3.467310905456542969e+00
3.524707078933715820e+00
3.024219751358032227e+00
2.867940187454223633e+00
2.833357810974121094e+00
2.769485950469970703e+00
2.530688524246215820e+00
2.375377893447875977e+00
2.073352813720703125e+00
1.969799280166625977e+00
1.871057510375976562e+00
1.269030928611755371e+00
3.457272052764892578e-01
5.688126683235168457e-01
9.393956661224365234e-01
1.468993782997131348e+00
1.379607796669006348e+00
1.776515245437622070e+00
2.178032875061035156e+00
2.453494548797607422e+00
2.521995306015014648e+00
2.244020462036132812e+00
1.912566781044006348e+00
1.749572277069091797e+00
1.472356677055358887e+00
1.164131045341491699e+00
6.399078965187072754e-01
1.658183336257934570e+00
1.231812715530395508e+00
1.010694265365600586e+00
1.197487592697143555e+00
2.343741655349731445e+00
3.582972764968872070e+00
3.214224100112915039e+00
2.893844604492187500e+00
2.616332769393920898e+00
1.551271557807922363e+00
6.223646402359008789e-01
9.628751277923583984e-01
2.124118566513061523e+00
2.243693828582763672e+00
1.666404962539672852e+00
2.204026460647583008e+00
2.413984298706054688e+00
2.207985401153564453e+00
2.300008535385131836e+00
2.431371688842773438e+00
1.854194521903991699e+00
2.172056436538696289e+00
2.212224721908569336e+00
2.164973497390747070e+00
2.388142824172973633e+00
2.701549530029296875e+00
2.149582624435424805e+00
2.300318479537963867e+00
2.425877094268798828e+00
2.307269573211669922e+00
2.333165884017944336e+00
2.041246175765991211e+00
2.167371034622192383e+00
2.042562961578369141e+00
2.184700727462768555e+00
1.723192453384399414e+00
1.330272257328033447e-01
6.633362174034118652e-01
1.410842776298522949e+00
1.689703345298767090e+00
2.276954889297485352e+00
2.710485458374023438e+00
3.009835004806518555e+00
3.086430311203002930e+00
2.801971197128295898e+00
2.432887077331542969e+00
2.183182716369628906e+00
1.999756813049316406e+00
1.589629411697387695e+00
1.116690039634704590e+00
1.867401838302612305e+00
1.590541958808898926e+00
1.570334911346435547e+00
1.740361332893371582e+00
2.714946269989013672e+00
3.980060815811157227e+00
3.634454250335693359e+00
3.256777763366699219e+00
3.024320840835571289e+00
2.034135580062866211e+00
8.453795909881591797e-01
8.841340541839599609e-01
2.023119926452636719e+00
1.978090882301330566e+00
1.523384690284729004e+00
1.856909155845642090e+00
2.243995189666748047e+00
2.304468870162963867e+00
2.464193582534790039e+00
2.585202455520629883e+00
1.854825258255004883e+00
2.319490909576416016e+00
2.351854085922241211e+00
2.457471609115600586e+00
2.660231113433837891e+00
3.046134710311889648e+00
2.541732788085937500e+00
2.734066486358642578e+00
2.891477823257446289e+00
2.547620058059692383e+00
2.595581531524658203e+00
2.103778123855590820e+00
2.405189037322998047e+00
2.126942396163940430e+00
2.260037899017333984e+00
1.705929875373840332e+00
6.271752119064331055e-01
1.387758851051330566e+00
1.743899941444396973e+00
2.433081626892089844e+00
2.962507963180541992e+00
3.224717617034912109e+00
3.294779777526855469e+00
3.067964553833007812e+00
2.775863409042358398e+00
2.624987125396728516e+00
2.334517002105712891e+00
2.000481843948364258e+00
1.430319309234619141e+00
1.598703503608703613e+00
1.494927644729614258e+00
1.663056015968322754e+00
2.057010412216186523e+00
3.299051523208618164e+00
4.517079830169677734e+00
4.066850662231445312e+00
3.797090053558349609e+00
3.427043437957763672e+00
2.291202306747436523e+00
1.132344484329223633e+00
1.124449133872985840e+00
2.183074951171875000e+00
2.072383880615234375e+00
1.731634140014648438e+00
1.854305744171142578e+00
2.646183729171752930e+00
2.747269153594970703e+00
2.911702156066894531e+00
2.882190465927124023e+00
2.078424692153930664e+00
2.421875000000000000e+00
2.507206678390502930e+00
2.691734313964843750e+00
2.941312789916992188e+00
3.296658992767333984e+00
2.805044651031494141e+00
2.951459407806396484e+00
3.090754985809326172e+00
2.689409494400024414e+00
2.669220447540283203e+00
2.097256183624267578e+00
2.420869350433349609e+00
2.063363552093505859e+00
2.092870473861694336e+00
1.456985235214233398e+00
7.093566060066223145e-01
1.285874605178833008e+00
2.102507352828979492e+00
2.714198827743530273e+00
2.971028804779052734e+00
3.171788692474365234e+00
3.062528133392333984e+00
2.715620040893554688e+00
2.581196069717407227e+00
2.220688343048095703e+00
1.952715516090393066e+00
1.401649475097656250e+00
1.823090791702270508e+00
1.584297537803649902e+00
1.725197076797485352e+00
2.253803491592407227e+00
3.483066082000732422e+00
4.632661819458007812e+00
3.911449432373046875e+00
3.795229434967041016e+00
3.205243825912475586e+00
1.989257335662841797e+00
6.372014880180358887e-01
6.340302824974060059e-01
1.156756639480590820e+00
1.066093683242797852e+00
7.433080673217773438e-01
7.917900681495666504e-01
2.237360715866088867e+00
2.413996934890747070e+00
2.531512260437011719e+00
2.224804878234863281e+00
1.135273575782775879e+00
1.629447102546691895e+00
1.642656445503234863e+00
1.949773550033569336e+00
2.305396318435668945e+00
2.664955377578735352e+00
2.344836950302124023e+00
2.446694850921630859e+00
2.616583347320556641e+00
1.977713704109191895e+00
2.069498062133789062e+00
1.432621121406555176e+00
1.895110249519348145e+00
1.491888284683227539e+00
1.669114708900451660e+00
1.263252496719360352e+00
5.150364041328430176e-01
1.482409119606018066e+00
2.248819112777709961e+00
2.355597496032714844e+00
2.660854816436767578e+00
2.716481447219848633e+00
2.441048860549926758e+00
2.424223184585571289e+00
2.015361070632934570e+00
1.915034413337707520e+00
1.556071519851684570e+00
1.671051979064941406e+00
1.436988115310668945e+00
1.513556718826293945e+00
2.247327327728271484e+00
3.478852510452270508e+00
4.490777969360351562e+00
3.578899860382080078e+00
3.531403064727783203e+00
2.909566879272460938e+00
1.708627223968505859e+00
1.043273806571960449e+00
1.278834939002990723e+00
1.859920978546142578e+00
1.962351918220520020e+00
1.685295343399047852e+00
1.631426692008972168e+00
3.054260253906250000e+00
2.827124595642089844e+00
2.786783695220947266e+00
2.302996635437011719e+00
1.144898176193237305e+00
5.704664587974548340e-01
8.443579673767089844e-01
1.338000059127807617e+00
2.096511602401733398e+00
2.041659593582153320e+00
1.918053507804870605e+00
1.764423727989196777e+00
1.793127417564392090e+00
9.365655779838562012e-01
1.060085415840148926e+00
3.557989597320556641e-01
9.550937414169311523e-01
6.244258284568786621e-01
1.085734724998474121e+00
1.077876329421997070e+00
7.901054024696350098e-01
1.684434175491333008e+00
1.724628567695617676e+00
1.894122719764709473e+00
1.952808618545532227e+00
1.824445843696594238e+00
1.984314680099487305e+00
1.536346197128295898e+00
1.587464690208435059e+00
1.266498446464538574e+00
1.051556587219238281e+00
7.826976180076599121e-01
7.988061308860778809e-01
1.610202312469482422e+00
2.958164930343627930e+00
3.891603708267211914e+00
3.119917631149291992e+00
3.019487142562866211e+00
2.573356866836547852e+00
1.447718977928161621e+00
1.418771624565124512e+00
1.787881731986999512e+00
2.623897552490234375e+00
2.752292156219482422e+00
2.443919658660888672e+00
2.472505807876586914e+00
3.538825988769531250e+00
3.081155538558959961e+00
3.037955999374389648e+00
2.682467222213745117e+00
1.759503364562988281e+00
1.186446785926818848e+00
1.430903553962707520e+00
1.591201305389404297e+00
2.310989618301391602e+00
2.186818361282348633e+00
1.876482486724853516e+00
1.512116312980651855e+00
1.491644024848937988e+00
1.122369408607482910e+00
7.376039624214172363e-01
5.772513151168823242e-01
3.578011691570281982e-01
2.642520666122436523e-01
4.799863696098327637e-01
6.803603768348693848e-01
6.955510973930358887e-01
7.251760959625244141e-01
8.439346551895141602e-01
1.007827401161193848e+00
1.026230692863464355e+00
1.430072546005249023e+00
9.826646447181701660e-01
1.339438080787658691e+00
1.346403717994689941e+00
1.403620958328247070e+00
1.129527449607849121e+00
8.763938546180725098e-01
1.292391061782836914e+00
2.227694988250732422e+00
2.996939897537231445e+00
2.269291162490844727e+00
2.153371334075927734e+00
1.917371153831481934e+00
1.048947453498840332e+00
1.799566507339477539e+00
2.212565660476684570e+00
3.134957313537597656e+00
3.436937093734741211e+00
2.993580579757690430e+00
3.236254453659057617e+00
3.778542280197143555e+00
3.068940639495849609e+00
2.937973976135253906e+00
2.659298658370971680e+00
2.145219564437866211e+00
1.608218312263488770e+00
1.645118594169616699e+00
1.491235971450805664e+00
2.098022699356079102e+00
1.826748609542846680e+00
1.515715718269348145e+00
1.008480429649353027e+00
8.848260045051574707e-01
1.161596894264221191e+00
1.007252931594848633e+00
1.185162305831909180e+00
5.232470631599426270e-01
1.146449327468872070e+00
1.356887340545654297e+00
1.588928461074829102e+00
1.331739574670791626e-01
3.380038142204284668e-01
4.375032782554626465e-01
3.950302004814147949e-01
6.104162931442260742e-01
5.886799693107604980e-01
8.506490588188171387e-01
1.387899875640869141e+00
2.350990056991577148e+00
1.848652243614196777e+00
1.331627845764160156e+00
1.208081364631652832e+00
1.502071499824523926e+00
2.165010690689086914e+00
1.094889044761657715e+00
1.110934972763061523e+00
7.109879851341247559e-01
3.250033855438232422e-01
1.976730704307556152e+00
2.409786224365234375e+00
3.229838609695434570e+00
3.688371658325195312e+00
3.162157058715820312e+00
3.614848852157592773e+00
3.517004013061523438e+00
2.560117483139038086e+00
2.335515499114990234e+00
2.257542848587036133e+00
2.286918640136718750e+00
2.096872568130493164e+00
1.889748215675354004e+00
1.446830391883850098e+00
1.541982173919677734e+00
1.419114828109741211e+00
1.034462690353393555e+00
8.302900791168212891e-01
8.879300355911254883e-01
1.644535899162292480e+00
1.930388450622558594e+00
2.196502208709716797e+00
1.870820641517639160e+00
2.472731351852416992e+00
2.692864656448364258e+00
2.731352806091308594e+00
1.324582546949386597e-01
3.697709143161773682e-01
5.614320635795593262e-01
1.223511815071105957e+00
1.024655580520629883e+00
1.407692670822143555e+00
1.795273423194885254e+00
2.373756170272827148e+00
1.955167293548583984e+00
1.548149824142456055e+00
1.427697181701660156e+00
1.767014980316162109e+00
2.216349124908447266e+00
1.598692536354064941e+00
1.479434251785278320e+00
1.437258958816528320e+00
9.297283291816711426e-01
2.454593658447265625e+00
2.876694202423095703e+00
3.731275320053100586e+00
4.121815681457519531e+00
3.654267549514770508e+00
3.960802555084228516e+00
4.201087474822998047e+00
3.315324068069458008e+00
3.110313177108764648e+00
2.894654750823974609e+00
2.682018518447875977e+00
2.206454277038574219e+00
2.085531473159790039e+00
1.762869000434875488e+00
2.184612512588500977e+00
1.807947158813476562e+00
1.485559940338134766e+00
9.490333795547485352e-01
7.045950889587402344e-01
1.554133892059326172e+00
1.763136863708496094e+00
2.068315267562866211e+00
1.629042029380798340e+00
2.328984498977661133e+00
2.571020603179931641e+00
2.769721746444702148e+00
1.339629888534545898e-01
4.219756126403808594e-01
1.333885312080383301e+00
1.087722063064575195e+00
1.550379991531372070e+00
1.925517320632934570e+00
2.142149925231933594e+00
1.786602258682250977e+00
1.497426390647888184e+00
1.220401883125305176e+00
1.565680146217346191e+00
2.039207935333251953e+00
1.686485290527343750e+00
1.478921890258789062e+00
1.586486101150512695e+00
1.131672620773315430e+00
2.610951900482177734e+00
3.082949399948120117e+00
4.028328895568847656e+00
4.416275024414062500e+00
3.888832569122314453e+00
4.286187648773193359e+00
4.372284412384033203e+00
3.507857561111450195e+00
3.302707433700561523e+00
3.225967884063720703e+00
3.061743259429931641e+00
2.689437150955200195e+00
2.579665184020996094e+00
2.229606628417968750e+00
2.529817819595336914e+00
2.295660495758056641e+00
1.968980789184570312e+00
1.505153536796569824e+00
1.300151586532592773e+00
2.100583314895629883e+00
2.242640972137451172e+00
2.481317281723022461e+00
1.900143623352050781e+00
2.537935495376586914e+00
2.743852138519287109e+00
2.822098493576049805e+00
1.315585225820541382e-01
1.031265377998352051e+00
7.769230604171752930e-01
1.328326344490051270e+00
1.707653880119323730e+00
2.082841634750366211e+00
1.762124776840209961e+00
1.319451689720153809e+00
8.480508327484130859e-01
1.118866205215454102e+00
1.695383787155151367e+00
1.420019030570983887e+00
1.135222077369689941e+00
1.381429791450500488e+00
1.066922187805175781e+00
2.425682783126831055e+00
2.937510490417480469e+00
3.932557106018066406e+00
4.322013854980468750e+00
3.746710062026977539e+00
4.231475353240966797e+00
4.141735076904296875e+00
3.302897214889526367e+00
3.084904193878173828e+00
3.153964519500732422e+00
3.064314842224121094e+00
2.833466529846191406e+00
2.704976558685302734e+00
2.324277639389038086e+00
2.476091623306274414e+00
2.391847610473632812e+00
1.973479986190795898e+00
1.661434531211853027e+00
1.521011352539062500e+00
2.300916433334350586e+00
2.477987527847290039e+00
2.728439092636108398e+00
2.173418045043945312e+00
2.725088357925415039e+00
2.916012287139892578e+00
2.847167015075683594e+00
5.982068181037902832e-01
3.259283304214477539e-01
7.880302071571350098e-01
1.240575194358825684e+00
2.412387847900390625e+00
1.900680899620056152e+00
1.272533774375915527e+00
8.813625574111938477e-01
1.086313962936401367e+00
1.741922974586486816e+00
1.109214067459106445e+00
8.948209881782531738e-01
9.944889545440673828e-01
5.597251653671264648e-01
1.945819497108459473e+00
2.454694986343383789e+00
3.421013116836547852e+00
3.833872318267822266e+00
3.251066923141479492e+00
3.768305540084838867e+00
3.610118627548217773e+00
2.780601739883422852e+00
2.585672378540039062e+00
2.643832921981811523e+00
2.581079483032226562e+00
2.501660346984863281e+00
2.316238641738891602e+00
1.885658144950866699e+00
2.005087852478027344e+00
1.986176967620849609e+00
1.493400096893310547e+00
1.377013683319091797e+00
1.381943821907043457e+00
2.120184659957885742e+00
2.335506916046142578e+00
2.586547136306762695e+00
2.189208030700683594e+00
2.717694282531738281e+00
2.931903839111328125e+00
2.835545778274536133e+00
1.307087540626525879e-01
3.831050992012023926e-01
8.595150113105773926e-01
2.712600946426391602e+00
2.147848367691040039e+00
1.495635271072387695e+00
1.048776745796203613e+00
9.667287468910217285e-01
1.933385491371154785e+00
1.062742114067077637e+00
8.526365756988525391e-01
4.631515741348266602e-01
4.233685433864593506e-01
1.616070747375488281e+00
2.106214284896850586e+00
2.962134361267089844e+00
3.447204589843750000e+00
2.848772048950195312e+00
3.441070318222045898e+00
2.973469734191894531e+00
2.002796411514282227e+00
1.739671230316162109e+00
1.921650052070617676e+00
2.171869754791259766e+00
2.406532049179077148e+00
2.155740261077880859e+00
1.605867624282836914e+00
1.298063635826110840e+00
1.552298903465270996e+00
9.352660775184631348e-01
1.405010104179382324e+00
1.611964225769042969e+00
2.162843704223632812e+00
2.464193582534790039e+00
2.700222969055175781e+00
2.447087526321411133e+00
2.825077056884765625e+00
3.117429256439208984e+00
2.998946905136108398e+00
1.334589272737503052e-01
7.109058499336242676e-01
2.118921279907226562e+00
1.562467932701110840e+00
9.046076536178588867e-01
4.833763539791107178e-01
1.198772907257080078e+00
2.206577062606811523e+00
1.471744298934936523e+00
1.309298038482666016e+00
9.492596387863159180e-01
2.963359653949737549e-01
1.331172108650207520e+00
1.804451704025268555e+00
2.716099977493286133e+00
3.151365756988525391e+00
2.578886270523071289e+00
3.103597164154052734e+00
2.945539236068725586e+00
2.121812582015991211e+00
1.951021552085876465e+00
1.968748092651367188e+00
1.882815122604370117e+00
2.012025356292724609e+00
1.792997360229492188e+00
1.374404072761535645e+00
1.470838427543640137e+00
1.601715922355651855e+00
9.796660542488098145e-01
1.186068296432495117e+00
1.362607479095458984e+00
1.800846934318542480e+00
2.089777469635009766e+00
2.315659999847412109e+00
2.031682491302490234e+00
2.423063993453979492e+00
2.655774593353271484e+00
2.491175651550292969e+00
3.521899878978729248e-01
2.352020263671875000e+00
1.782973766326904297e+00
1.172553658485412598e+00
1.019230365753173828e+00
1.429577231407165527e+00
2.475627660751342773e+00
1.624563932418823242e+00
1.497787237167358398e+00
9.546957015991210938e-01
4.018442928791046143e-01
9.757803082466125488e-01
1.498566269874572754e+00
2.406910181045532227e+00
2.890781402587890625e+00
2.275758504867553711e+00
2.872525930404663086e+00
2.533170938491821289e+00
1.639985918998718262e+00
1.458558559417724609e+00
1.569838523864746094e+00
1.650300860404968262e+00
2.032492637634277344e+00
1.796301364898681641e+00
1.337483882904052734e+00
1.166201114654541016e+00
1.533798217773437500e+00
8.024242520332336426e-01
1.308379411697387695e+00
1.573526501655578613e+00
1.933260202407836914e+00
2.188535928726196289e+00
2.278089761734008789e+00
2.185499429702758789e+00
2.388902664184570312e+00
2.696196794509887695e+00
2.522483348846435547e+00
1.870838403701782227e+00
1.311979770660400391e+00
8.104540109634399414e-01
9.862358570098876953e-01
1.553691029548645020e+00
2.750800609588623047e+00
2.292603015899658203e+00
1.937636971473693848e+00
1.725568771362304688e+00
7.569608688354492188e-01
5.930001139640808105e-01
1.131576061248779297e+00
2.204224586486816406e+00
2.546411037445068359e+00
1.926897168159484863e+00
2.500026941299438477e+00
2.285994291305541992e+00
1.724592804908752441e+00
1.687261819839477539e+00
1.916657924652099609e+00
1.616536140441894531e+00
1.943733453750610352e+00
1.849074959754943848e+00
1.603051781654357910e+00
1.783701181411743164e+00
2.013631343841552734e+00
1.414300680160522461e+00
1.646622419357299805e+00
1.810221552848815918e+00
1.949870944023132324e+00
2.096758127212524414e+00
2.013571500778198242e+00
1.998111248016357422e+00
2.062579393386840820e+00
2.292014598846435547e+00
2.007939815521240234e+00
3.337759077548980713e-01
7.142838239669799805e-01
1.715745449066162109e+00
3.334128618240356445e+00
4.118787765502929688e+00
3.914880037307739258e+00
3.677302360534667969e+00
3.491709232330322266e+00
2.436591386795043945e+00
2.232679843902587891e+00
2.502362012863159180e+00
3.573064804077148438e+00
3.602489471435546875e+00
3.250698566436767578e+00
3.293668746948242188e+00
4.227371215820312500e+00
3.961488485336303711e+00
3.964991092681884766e+00
3.782975435256958008e+00
2.926862955093383789e+00
2.474375247955322266e+00
2.717761993408203125e+00
2.813562870025634766e+00
3.457167625427246094e+00
3.336890459060668945e+00
2.996950864791870117e+00
2.601029872894287109e+00
2.497119426727294922e+00
2.258633375167846680e+00
1.891738176345825195e+00
1.751867651939392090e+00
1.418952584266662598e+00
1.277590870857238770e+00
1.203435778617858887e+00
8.081188797950744629e-01
3.593513369560241699e-01
1.285856127738952637e+00
2.899496316909790039e+00
3.836755514144897461e+00
3.371441364288330078e+00
3.179899930953979492e+00
2.924138069152832031e+00
1.878287911415100098e+00
1.793665051460266113e+00
2.097098350524902344e+00
3.199324846267700195e+00
3.301931619644165039e+00
2.869982719421386719e+00
3.065519571304321289e+00
3.787133455276489258e+00
3.431983709335327148e+00
3.421406269073486328e+00
3.280729055404663086e+00
2.518832206726074219e+00
2.173856973648071289e+00
2.349942922592163086e+00
2.385147333145141602e+00
2.946481227874755859e+00
2.866455316543579102e+00
2.466490030288696289e+00
2.146273612976074219e+00
2.082760095596313477e+00
1.999400973320007324e+00
1.791629314422607422e+00
1.693645000457763672e+00
1.279549598693847656e+00
1.313810467720031738e+00
1.300260663032531738e+00
9.378464221954345703e-01
6.758889555931091309e-01
2.232668399810791016e+00
3.202861547470092773e+00
2.764418363571166992e+00
2.548779010772705078e+00
2.335347890853881836e+00
1.391186356544494629e+00
1.490672826766967773e+00
1.936043977737426758e+00
3.039277076721191406e+00
3.271054744720458984e+00
2.727233171463012695e+00
3.138224363327026367e+00
3.449985027313232422e+00
2.969543933868408203e+00
2.924730062484741211e+00
2.894320964813232422e+00
2.357405185699462891e+00
2.122558116912841797e+00
2.233222723007202148e+00
2.126082181930541992e+00
2.570019960403442383e+00
2.541938066482543945e+00
2.054583787918090820e+00
1.843382954597473145e+00
1.808177232742309570e+00
1.962935924530029297e+00
1.825003385543823242e+00
1.832474350929260254e+00
1.396920204162597656e+00
1.617178678512573242e+00
1.705980896949768066e+00
1.431428194046020508e+00
1.366519212722778320e+00
2.286276102066040039e+00
2.250532627105712891e+00
1.921837687492370605e+00
2.014193296432495117e+00
1.332551002502441406e+00
1.715545535087585449e+00
2.234488010406494141e+00
3.347609281539916992e+00
3.640688896179199219e+00
3.028779268264770508e+00
3.575964212417602539e+00
3.431731700897216797e+00
2.840856790542602539e+00
2.760497808456420898e+00
2.977676153182983398e+00
2.722655296325683594e+00
2.699537754058837891e+00
2.676730394363403320e+00
2.438353300094604492e+00
2.610181331634521484e+00
2.747198343276977539e+00
2.142351865768432617e+00
2.120075225830078125e+00
2.127999305725097656e+00
2.522268295288085938e+00
2.527343988418579102e+00
2.632795810699462891e+00
2.188777208328247070e+00
2.510560035705566406e+00
2.614824295043945312e+00
2.304682493209838867e+00
9.598181247711181641e-01
1.286970257759094238e+00
6.339718103408813477e-01
1.172651886940002441e+00
1.525378823280334473e+00
2.471187114715576172e+00
2.978539228439331055e+00
3.865544795989990234e+00
4.324975013732910156e+00
3.670603752136230469e+00
4.384406566619873047e+00
3.561553478240966797e+00
2.685890436172485352e+00
2.513829231262207031e+00
2.969935655593872070e+00
3.238861083984375000e+00
3.553544998168945312e+00
3.288599014282226562e+00
2.762392282485961914e+00
2.429651498794555664e+00
2.672614574432373047e+00
2.106115579605102539e+00
2.414799690246582031e+00
2.535977125167846680e+00
3.263257741928100586e+00
3.528123140335083008e+00
3.773563861846923828e+00
3.400210380554199219e+00
3.879542827606201172e+00
4.078703880310058594e+00
3.867788314819335938e+00
1.411320805549621582e+00
1.027515411376953125e+00
1.683011531829833984e+00
2.407612800598144531e+00
3.644743919372558594e+00
4.148838520050048828e+00
4.979132652282714844e+00
5.471410274505615234e+00
4.837690830230712891e+00
5.519019603729248047e+00
4.671151161193847656e+00
3.702881097793579102e+00
3.510756969451904297e+00
3.933795928955078125e+00
4.266130924224853516e+00
4.447027206420898438e+00
4.164669990539550781e+00
3.614692687988281250e+00
3.288195610046386719e+00
3.379637002944946289e+00
2.976467370986938477e+00
3.090903043746948242e+00
3.096317768096923828e+00
4.052353382110595703e+00
4.338048458099365234e+00
4.599791526794433594e+00
4.198980808258056641e+00
4.768033981323242188e+00
4.981209278106689453e+00
4.852401256561279297e+00
1.322744935750961304e-01
4.382544755935668945e-01
1.423320174217224121e+00
2.941126585006713867e+00
3.360893964767456055e+00
4.036509513854980469e+00
4.531033039093017578e+00
4.027929782867431641e+00
4.565749168395996094e+00
3.970037937164306641e+00
2.891772985458374023e+00
2.535336732864379883e+00
2.780479907989501953e+00
3.169274568557739258e+00
3.267581701278686523e+00
2.914827346801757812e+00
2.328474283218383789e+00
1.996609687805175781e+00
1.933328866958618164e+00
1.726504683494567871e+00
1.780594944953918457e+00
1.853288173675537109e+00
2.855324029922485352e+00
3.181061983108520508e+00
3.526676416397094727e+00
3.280768871307373047e+00
3.868533849716186523e+00
4.142729759216308594e+00
4.214859485626220703e+00
3.843752145767211914e-01
1.355875015258789062e+00
2.710936784744262695e+00
3.156788110733032227e+00
3.865714788436889648e+00
4.375690937042236328e+00
3.789023399353027344e+00
4.460024356842041016e+00
3.596533536911010742e+00
2.576444387435913086e+00
2.331004619598388672e+00
2.713011026382446289e+00
3.163393735885620117e+00
3.333924770355224609e+00
3.015317201614379883e+00
2.446390628814697266e+00
2.043729782104492188e+00
2.110143184661865234e+00
1.817244887351989746e+00
1.915749788284301758e+00
1.989023327827453613e+00
2.939782619476318359e+00
3.277856826782226562e+00
3.557550907135009766e+00
3.261423349380493164e+00
3.839067935943603516e+00
4.087678909301757812e+00
4.082968711853027344e+00
8.027110099792480469e-01
2.221695899963378906e+00
2.598911523818969727e+00
3.236672878265380859e+00
3.728182077407836914e+00
3.245497703552246094e+00
3.765778303146362305e+00
3.326837062835693359e+00
2.246373891830444336e+00
1.960757732391357422e+00
2.005462169647216797e+00
2.366261720657348633e+00
2.574629545211791992e+00
2.198137521743774414e+00
1.600275635719299316e+00
1.235080838203430176e+00
1.302379369735717773e+00
9.377005100250244141e-01
1.266397714614868164e+00
1.560719013214111328e+00
2.256503343582153320e+00
2.705223560333251953e+00
2.963893651962280273e+00
2.840368032455444336e+00
3.260341405868530273e+00
3.607261419296264648e+00
3.663044452667236328e+00
1.172932863235473633e+00
1.562090992927551270e+00
2.406354904174804688e+00
2.841040611267089844e+00
2.318361520767211914e+00
2.764325618743896484e+00
2.826189517974853516e+00
1.991802573204040527e+00
1.813974380493164062e+00
1.676530003547668457e+00
1.498872399330139160e+00
1.604430556297302246e+00
1.367552399635314941e+00
9.613581299781799316e-01
1.113036274909973145e+00
1.221918940544128418e+00
5.983766317367553711e-01
8.754374980926513672e-01
1.087304115295410156e+00
1.446063876152038574e+00
1.787708282470703125e+00
1.965727567672729492e+00
1.914801478385925293e+00
2.131226062774658203e+00
2.513973474502563477e+00
2.483395099639892578e+00
3.188690245151519775e-01
1.370272517204284668e+00
1.575041532516479492e+00
1.053421139717102051e+00
1.492095112800598145e+00
1.945078611373901367e+00
1.633552670478820801e+00
1.695929527282714844e+00
1.568490028381347656e+00
8.113083243370056152e-01
1.412660241127014160e+00
1.336328506469726562e+00
1.339632391929626465e+00
1.536191701889038086e+00
1.937086701393127441e+00
1.492455601692199707e+00
1.827162384986877441e+00
2.082490682601928711e+00
1.623242855072021484e+00
1.942262530326843262e+00
1.550700783729553223e+00
1.967896699905395508e+00
1.794722199440002441e+00
2.181519508361816406e+00
1.916672945022583008e+00
6.422335505485534668e-01
1.003615021705627441e+00
3.320035338401794434e-01
1.107171535491943359e+00
1.199823498725891113e+00
1.284098505973815918e+00
1.478880882263183594e+00
1.270435690879821777e+00
8.179682493209838867e-01
1.788704752922058105e+00
1.671636581420898438e+00
1.691409587860107422e+00
1.613645315170288086e+00
2.267332077026367188e+00
1.789025664329528809e+00
2.240052461624145508e+00
2.505256175994873047e+00
2.021411418914794922e+00
2.366076469421386719e+00
1.884694695472717285e+00
2.374055862426757812e+00
2.101269483566284180e+00
2.456537008285522461e+00
2.129060506820678711e+00
2.984924018383026123e-01
2.959409356117248535e-01
5.654494762420654297e-01
1.288567900657653809e+00
1.538759589195251465e+00
1.711986422538757324e+00
1.301324486732482910e+00
9.772646427154541016e-01
2.122376441955566406e+00
1.919784545898437500e+00
2.040901660919189453e+00
1.762745261192321777e+00
2.506145477294921875e+00
2.256357431411743164e+00
2.838073968887329102e+00
3.206505537033081055e+00
2.425679683685302734e+00
2.962990760803222656e+00
2.324083328247070312e+00
3.044852256774902344e+00
2.679911851882934570e+00
3.140316724777221680e+00
3.000698566436767578e+00
1.332365572452545166e-01
3.540407717227935791e-01
1.496097207069396973e+00
1.898769378662109375e+00
2.200197696685791016e+00
1.724761247634887695e+00
1.287512421607971191e+00
2.315591096878051758e+00
2.156287431716918945e+00
2.386511087417602539e+00
2.223074913024902344e+00
2.877369165420532227e+00
2.724252939224243164e+00
3.232624292373657227e+00
3.555365324020385742e+00
2.677682161331176758e+00
3.160559654235839844e+00
2.439762830734252930e+00
3.188048124313354492e+00
2.755137443542480469e+00
3.145909547805786133e+00
2.966022491455078125e+00
3.485588431358337402e-01
1.233626961708068848e+00
1.500770568847656250e+00
1.784782767295837402e+00
1.484744668006896973e+00
1.119846582412719727e+00
2.120129108428955078e+00
1.991742968559265137e+00
2.184298753738403320e+00
1.934249997138977051e+00
2.773483753204345703e+00
2.359751939773559570e+00
2.905235052108764648e+00
3.210929393768310547e+00
2.479614496231079102e+00
2.900229454040527344e+00
2.176717758178710938e+00
2.904171705245971680e+00
2.481634855270385742e+00
2.852030277252197266e+00
2.650793313980102539e+00
2.037609815597534180e+00
2.342769861221313477e+00
2.488505125045776367e+00
2.043141603469848633e+00
1.215338706970214844e+00
1.992954373359680176e+00
1.925215959548950195e+00
2.264566898345947266e+00
2.368811607360839844e+00
2.905532121658325195e+00
2.722925901412963867e+00
3.105459928512573242e+00
3.344048023223876953e+00
2.416458368301391602e+00
2.851631641387939453e+00
2.098678112030029297e+00
2.870368003845214844e+00
2.364013671875000000e+00
2.712933778762817383e+00
2.567939281463623047e+00
6.121220588684082031e-01
1.468639731407165527e+00
1.481121301651000977e+00
2.051568508148193359e+00
3.281440734863281250e+00
3.043903589248657227e+00
2.937632083892822266e+00
2.072380065917968750e+00
3.177422761917114258e+00
2.644753456115722656e+00
3.496801376342773438e+00
3.895698070526123047e+00
3.460560083389282227e+00
3.995623350143432617e+00
3.542490005493164062e+00
4.078667640686035156e+00
3.852564334869384766e+00
4.273786067962646484e+00
3.957679033279418945e+00
3.251540064811706543e-01
6.707566380500793457e-01
1.537739753723144531e+00
2.710265398025512695e+00
2.375186920166015625e+00
2.096473217010498047e+00
1.054046154022216797e+00
2.198972463607788086e+00
1.605349302291870117e+00
2.555189847946166992e+00
3.007760286331176758e+00
2.765103816986083984e+00
3.377284288406372070e+00
3.149137735366821289e+00
3.551955938339233398e+00
3.482055425643920898e+00
3.974126338958740234e+00
3.795287132263183594e+00
4.252971410751342773e-01
1.442509531974792480e+00
2.529366731643676758e+00
2.137436628341674805e+00
1.804665088653564453e+00
6.334385275840759277e-01
1.779141664505004883e+00
1.277521967887878418e+00
2.253818035125732422e+00
2.747350692749023438e+00
2.524448633193969727e+00
3.195483922958374023e+00
3.053857088088989258e+00
3.425238847732543945e+00
3.409233331680297852e+00
3.936810493469238281e+00
3.841593027114868164e+00
9.608564972877502441e-01
1.984640240669250488e+00
1.582345962524414062e+00
1.338515043258666992e+00
2.625595033168792725e-01
1.291750192642211914e+00
1.031971693038940430e+00
1.882165789604187012e+00
2.395136594772338867e+00
1.978098273277282715e+00
2.710658311843872070e+00
2.549073934555053711e+00
2.977969408035278320e+00
2.951122045516967773e+00
3.499792337417602539e+00
3.525277614593505859e+00
1.095817565917968750e+00
8.023460507392883301e-01
8.428348898887634277e-01
9.990612268447875977e-01
1.416884541511535645e+00
1.285856366157531738e+00
1.704541921615600586e+00
2.055771589279174805e+00
1.259278178215026855e+00
1.920981526374816895e+00
1.489636898040771484e+00
2.090379476547241211e+00
1.892770648002624512e+00
2.466422557830810547e+00
2.473585844039916992e+00
3.378192782402038574e-01
7.231423258781433105e-01
1.582267642021179199e+00
1.415907979011535645e+00
1.374278903007507324e+00
1.282706141471862793e+00
1.329823255538940430e+00
3.272368311882019043e-01
8.017420768737792969e-01
3.235476016998291016e-01
1.069964766502380371e+00
8.414937257766723633e-01
1.388159632682800293e+00
1.767106056213378906e+00
2.880485355854034424e-01
1.108881950378417969e+00
9.650220274925231934e-01
9.542072415351867676e-01
1.056746482849121094e+00
1.213756084442138672e+00
3.613451123237609863e-01
1.075802206993103027e+00
9.054527878761291504e-01
1.458609580993652344e+00
1.366336941719055176e+00
1.981844782829284668e+00
2.207932233810424805e+00
6.692278385162353516e-01
5.114359259605407715e-01
3.600267767906188965e-01
6.383814215660095215e-01
1.005765318870544434e+00
4.090596139430999756e-01
1.192655563354492188e+00
1.347218275070190430e+00
1.582543134689331055e+00
1.725393772125244141e+00
2.231341123580932617e+00
2.504931688308715820e+00
6.542717218399047852e-01
3.290371298789978027e-01
1.141042947769165039e+00
1.679505705833435059e+00
1.434511899948120117e+00
2.164394617080688477e+00
2.212227344512939453e+00
2.487979888916015625e+00
2.595696687698364258e+00
3.105525255203247070e+00
3.238967895507812500e+00
1.313756555318832397e-01
6.337840557098388672e-01
1.150659084320068359e+00
1.050916194915771484e+00
1.683745741844177246e+00
1.984904289245605469e+00
2.171489238739013672e+00
2.403461456298828125e+00
2.862354278564453125e+00
3.124639034271240234e+00
3.536554276943206787e-01
9.044582843780517578e-01
1.007870435714721680e+00
1.623169660568237305e+00
1.888659000396728516e+00
2.014806985855102539e+00
2.267784357070922852e+00
2.714232206344604492e+00
2.880241870880126953e+00
3.433102965354919434e-01
7.822461724281311035e-01
1.206209540367126465e+00
1.490919470787048340e+00
1.471720933914184570e+00
1.927705526351928711e+00
2.268378019332885742e+00
2.529687643051147461e+00
5.430377125740051270e-01
7.809695601463317871e-01
1.226465940475463867e+00
1.124759674072265625e+00
1.702492237091064453e+00
2.028664588928222656e+00
2.397644996643066406e+00
2.991849780082702637e-01
5.007161498069763184e-01
7.572008967399597168e-01
1.064677715301513672e+00
1.438673734664916992e+00
1.864427208900451660e+00
1.316631734371185303e-01
3.258773982524871826e-01
5.315939784049987793e-01
8.859010338783264160e-01
1.424361824989318848e+00
3.123475313186645508e-01
2.870005667209625244e-01
6.401621103286743164e-01
1.156940817832946777e+00
3.419754505157470703e-01
5.877196192741394043e-01
1.072752833366394043e+00
1.321139186620712280e-01
6.983925104141235352e-01
4.235209524631500244e-01
