6.729745864868164062e-01
4.264122247695922852e-01
1.132096290588378906e+00
1.394165396690368652e+00
1.097864627838134766e+00
2.816580533981323242e+00
3.720064640045166016e+00
3.287724733352661133e+00
1.955700039863586426e+00
1.878829956054687500e+00
3.097267627716064453e+00
4.438416957855224609e+00
1.979190587997436523e+00
2.516251325607299805e+00
2.290157556533813477e+00
1.636284708976745605e+00
3.456948101520538330e-01
1.122140288352966309e+00
4.207864761352539062e+00
2.267574071884155273e+00
2.866461515426635742e+00
2.495831489562988281e+00
1.537801623344421387e+00
2.575141191482543945e+00
3.261491775512695312e+00
3.797394990921020508e+00
3.528429567813873291e-01
1.645653486251831055e+00
1.776071786880493164e+00
1.267539143562316895e+00
3.744218587875366211e+00
4.552832126617431641e+00
4.077648639678955078e+00
2.646569728851318359e+00
2.684081792831420898e+00
4.022966384887695312e+00
4.410004138946533203e+00
2.851386785507202148e+00
3.106217622756958008e+00
2.975884199142456055e+00
2.295659303665161133e+00
9.395330548286437988e-01
1.404138922691345215e+00
4.169604301452636719e+00
2.745821475982666016e+00
3.132288694381713867e+00
2.773663520812988281e+00
2.064695835113525391e+00
3.359103202819824219e+00
3.922739028930664062e+00
3.560774564743041992e+00
1.174156427383422852e+00
1.537085771560668945e+00
1.402183771133422852e+00
3.310834169387817383e+00
4.074445247650146484e+00
3.605301380157470703e+00
2.184396505355834961e+00
2.191115617752075195e+00
3.533579826354980469e+00
4.046361923217773438e+00
2.498935222625732422e+00
2.771777629852294922e+00
2.543038606643676758e+00
1.782688975334167480e+00
4.899212718009948730e-01
1.316167354583740234e+00
3.787034273147583008e+00
2.534127473831176758e+00
2.987686395645141602e+00
2.545818328857421875e+00
1.666708946228027344e+00
2.950542688369750977e+00
3.602810621261596680e+00
3.328418254852294922e+00
1.036531686782836914e+00
1.721060633659362793e+00
1.955698966979980469e+00
2.644311189651489258e+00
2.184206247329711914e+00
8.102968931198120117e-01
1.128079056739807129e+00
2.278344392776489258e+00
2.996136665344238281e+00
1.693725585937500000e+00
2.096287965774536133e+00
1.670056700706481934e+00
4.550970792770385742e-01
6.314007639884948730e-01
1.571355104446411133e+00
2.893734216690063477e+00
1.825870633125305176e+00
2.261086702346801758e+00
1.767850756645202637e+00
4.572322666645050049e-01
1.604658007621765137e+00
2.487289190292358398e+00
2.635366678237915039e+00
6.988337635993957520e-01
1.954182863235473633e+00
2.782762289047241211e+00
2.314157962799072266e+00
1.180246710777282715e+00
2.225552320480346680e+00
3.080083131790161133e+00
3.554654598236083984e+00
2.749253749847412109e+00
3.351075649261474609e+00
2.909180879592895508e+00
1.619503259658813477e+00
1.287781476974487305e+00
2.518127679824829102e+00
3.842481136322021484e+00
4.304251372814178467e-01
9.463384151458740234e-01
5.037027597427368164e-01
6.303696632385253906e-01
1.279546856880187988e+00
1.502639174461364746e+00
3.159594774246215820e+00
3.113741397857666016e+00
4.026741027832031250e+00
3.534806728363037109e+00
2.268218755722045898e+00
3.047191858291625977e+00
4.164018630981445312e+00
4.260377883911132812e+00
3.356478929519653320e+00
3.899688005447387695e+00
3.573988914489746094e+00
2.503750562667846680e+00
1.457183361053466797e+00
2.601914167404174805e+00
4.457946300506591797e+00
1.297269105911254883e+00
1.485108852386474609e+00
1.313535928726196289e+00
1.548323392868041992e+00
2.522298097610473633e+00
2.619397163391113281e+00
3.452619791030883789e+00
6.738392710685729980e-01
4.295056164264678955e-01
1.147944092750549316e+00
1.368464589118957520e+00
1.095676779747009277e+00
3.760546207427978516e+00
2.255681991577148438e+00
2.847108364105224609e+00
2.489888429641723633e+00
1.555015444755554199e+00
2.568720817565917969e+00
3.274746179580688477e+00
3.904427289962768555e+00
1.971062660217285156e+00
2.516277313232421875e+00
2.297715663909912109e+00
1.639098525047302246e+00
4.073562324047088623e-01
1.126039028167724609e+00
4.221918106079101562e+00
3.442448079586029053e-01
1.643121242523193359e+00
1.779860734939575195e+00
1.270443439483642578e+00
3.446901082992553711e+00
2.740621566772460938e+00
3.129838466644287109e+00
2.766330957412719727e+00
1.986519575119018555e+00
3.345144748687744141e+00
3.883505105972290039e+00
3.628250360488891602e+00
2.852943658828735352e+00
3.136378288269042969e+00
2.980749845504760742e+00
2.277774810791015625e+00
9.613531231880187988e-01
1.431722521781921387e+00
4.190731048583984375e+00
1.175453066825866699e+00
1.536244988441467285e+00
1.391027331352233887e+00
3.226399660110473633e+00
2.524177312850952148e+00
2.981317520141601562e+00
2.536125898361206055e+00
1.582995772361755371e+00
2.925066232681274414e+00
3.567756891250610352e+00
3.405431032180786133e+00
2.502786874771118164e+00
2.780395269393920898e+00
2.545602321624755859e+00
1.770292520523071289e+00
5.394298434257507324e-01
1.310491800308227539e+00
3.809922695159912109e+00
1.033225536346435547e+00
1.708027720451354980e+00
2.738402605056762695e+00
1.825347781181335449e+00
2.281971454620361328e+00
1.769441008567810059e+00
4.416671395301818848e-01
1.565243363380432129e+00
2.504240751266479492e+00
2.718297243118286133e+00
1.665669441223144531e+00
2.048624753952026367e+00
1.655360698699951172e+00
4.555326402187347412e-01
6.590332388877868652e-01
1.539842009544372559e+00
2.891688346862792969e+00
7.149001359939575195e-01
3.658230781555175781e+00
4.818427562713623047e-01
1.021697759628295898e+00
5.775994062423706055e-01
6.206634044647216797e-01
1.190699696540832520e+00
1.481107950210571289e+00
3.189432382583618164e+00
2.734488010406494141e+00
3.342234611511230469e+00
2.907912492752075195e+00
1.552181839942932129e+00
1.239490389823913574e+00
2.508884906768798828e+00
3.701126337051391602e+00
3.999520301818847656e+00
1.295558094978332520e+00
1.443740606307983398e+00
1.311774015426635742e+00
1.548682570457458496e+00
2.520710468292236328e+00
2.601538419723510742e+00
3.589524745941162109e+00
3.335618495941162109e+00
3.878640651702880859e+00
3.562556028366088867e+00
2.487020492553710938e+00
1.465790390968322754e+00
2.582706212997436523e+00
4.475776672363281250e+00
4.274272441864013672e+00
4.237678050994873047e+00
3.857549905776977539e+00
2.961732387542724609e+00
3.941455841064453125e+00
4.560520648956298828e+00
1.001397848129272461e+00
3.962887287139892578e+00
3.734180212020874023e+00
3.490959405899047852e+00
2.768281698226928711e+00
3.309434175491333008e+00
3.677089929580688477e+00
1.178254842758178711e+00
6.746382117271423340e-01
4.240922629833221436e-01
1.281878948211669922e+00
1.401886463165283203e+00
1.109099984169006348e+00
3.699481725692749023e+00
3.304501771926879883e+00
3.948390483856201172e+00
3.514882802963256836e+00
2.173247098922729492e+00
2.199502229690551758e+00
3.389520406723022461e+00
4.338476657867431641e+00
3.532907962799072266e-01
1.645504474639892578e+00
1.784039497375488281e+00
1.286927223205566406e+00
3.464408397674560547e+00
3.933726549148559570e+00
4.525437355041503906e+00
4.059858798980712891e+00
2.663141489028930664e+00
2.741998672485351562e+00
4.008342266082763672e+00
4.292737007141113281e+00
1.172338008880615234e+00
1.538108706474304199e+00
1.395633578300476074e+00
3.191994428634643555e+00
3.486592769622802734e+00
4.046636104583740234e+00
3.586348056793212891e+00
2.201181411743164062e+00
2.247788667678833008e+00
3.511322498321533203e+00
3.937267780303955078e+00
1.038602232933044434e+00
1.728253364562988281e+00
2.677004098892211914e+00
2.188561916351318359e+00
2.644035339355468750e+00
2.189828872680664062e+00
8.697135448455810547e-01
1.198197960853576660e+00
2.293078422546386719e+00
2.907925605773925781e+00
7.148840427398681641e-01
3.638042211532592773e+00
2.226348638534545898e+00
2.782479286193847656e+00
2.309990644454956055e+00
1.183450102806091309e+00
2.284860372543334961e+00
3.087523460388183594e+00
3.423368692398071289e+00
4.001912593841552734e+00
3.380967617034912109e+00
3.998786926269531250e+00
3.523002862930297852e+00
2.278594255447387695e+00
3.123288869857788086e+00
4.158315658569335938e+00
4.168667316436767578e+00
4.342856407165527344e+00
4.286686420440673828e+00
3.940404891967773438e+00
2.921247482299804688e+00
3.420443058013916016e+00
4.177526473999023438e+00
1.463766574859619141e+00
6.614105105400085449e-01
4.140141904354095459e-01
1.284873962402343750e+00
1.378054976463317871e+00
1.113981485366821289e+00
3.542751073837280273e+00
3.271754682064056396e-01
1.633670449256896973e+00
1.781290292739868164e+00
1.284753084182739258e+00
3.292318344116210938e+00
1.175788044929504395e+00
1.537420749664306641e+00
1.442961215972900391e+00
3.038987874984741211e+00
1.039959311485290527e+00
1.733623266220092773e+00
2.593002557754516602e+00
6.882348656654357910e-01
3.589476346969604492e+00
3.934298276901245117e+00
