2.970277965068817139e-01
6.970534920692443848e-01
7.833674550056457520e-01
1.077249765396118164e+00
1.202418684959411621e+00
1.803299427032470703e+00
2.362920999526977539e+00
2.319178581237792969e+00
3.653077840805053711e+00
2.408735513687133789e+00
1.726359605789184570e+00
1.293217539787292480e+00
2.609500885009765625e+00
3.155440092086791992e+00
2.067591905593872070e+00
2.202790498733520508e+00
3.662095069885253906e+00
3.078946590423583984e+00
3.385726213455200195e+00
1.790003895759582520e+00
2.180104017257690430e+00
1.981965184211730957e+00
1.849698662757873535e+00
1.639305472373962402e+00
1.619189620018005371e+00
1.725923538208007812e+00
1.176389694213867188e+00
8.332090973854064941e-01
7.219454050064086914e-01
1.104731678962707520e+00
5.293171405792236328e+00
5.432322502136230469e+00
5.016564369201660156e+00
4.482706546783447266e+00
3.958505392074584961e+00
2.455522775650024414e+00
1.668125510215759277e+00
1.755769848823547363e+00
1.523102402687072754e+00
1.701171755790710449e+00
1.615642070770263672e+00
1.555624485015869141e+00
1.673120498657226562e+00
1.716956973075866699e+00
3.868800640106201172e+00
5.004608631134033203e+00
4.320843219757080078e+00
1.381065607070922852e+00
1.343809604644775391e+00
1.475629448890686035e+00
1.093770027160644531e+00
5.592702627182006836e-01
1.938705563545227051e+00
4.347083091735839844e+00
5.452004432678222656e+00
5.409775257110595703e+00
5.209649562835693359e+00
4.965578556060791016e+00
4.675275802612304688e+00
4.355953693389892578e+00
3.989403247833251953e+00
2.442837953567504883e+00
1.507683873176574707e+00
1.676340103149414062e+00
1.636465668678283691e+00
1.202504754066467285e+00
1.279558658599853516e+00
1.949376106262207031e+00
2.292428493499755859e+00
5.191395282745361328e+00
5.403347015380859375e+00
5.513957977294921875e+00
5.752203941345214844e+00
7.363420128822326660e-01
3.349591493606567383e-01
3.165773451328277588e-01
4.979293048381805420e-01
6.802483201026916504e-01
1.221194863319396973e+00
1.761644601821899414e+00
1.715867042541503906e+00
3.087507724761962891e+00
1.857495784759521484e+00
1.327206492424011230e+00
9.704532027244567871e-01
2.040271282196044922e+00
2.620527029037475586e+00
1.711915850639343262e+00
1.793463349342346191e+00
3.159075021743774414e+00
2.757692575454711914e+00
3.082887411117553711e+00
1.506715536117553711e+00
1.889006376266479492e+00
1.652080416679382324e+00
1.617851614952087402e+00
1.462508201599121094e+00
1.472310185432434082e+00
1.619776129722595215e+00
1.208035588264465332e+00
8.323229551315307617e-01
1.187149047851562500e+00
1.499363303184509277e+00
5.818908691406250000e+00
5.997121334075927734e+00
5.564705848693847656e+00
5.028057575225830078e+00
4.516541957855224609e+00
3.009593486785888672e+00
2.219403266906738281e+00
2.242414712905883789e+00
1.923515677452087402e+00
1.765578866004943848e+00
1.535374164581298828e+00
1.570698738098144531e+00
1.762624979019165039e+00
1.949721097946166992e+00
4.384487628936767578e+00
5.484265804290771484e+00
4.762505054473876953e+00
1.701967120170593262e+00
1.526126146316528320e+00
1.624321579933166504e+00
1.267228126525878906e+00
1.062597036361694336e+00
2.298990011215209961e+00
4.821878910064697266e+00
5.950456142425537109e+00
5.991163730621337891e+00
5.732708454132080078e+00
5.488541603088378906e+00
5.201619148254394531e+00
4.881657123565673828e+00
4.518711090087890625e+00
2.958941221237182617e+00
1.922347784042358398e+00
2.012783050537109375e+00
2.048537969589233398e+00
1.628850221633911133e+00
1.796598911285400391e+00
2.473290681838989258e+00
2.820326805114746094e+00
5.743843555450439453e+00
5.951152801513671875e+00
6.014886379241943359e+00
6.261661052703857422e+00
1.223929405212402344e+00
1.337615698575973511e-01
3.167926967144012451e-01
2.924354970455169678e-01
9.010889530181884766e-01
1.512327313423156738e+00
1.586588621139526367e+00
2.871239662170410156e+00
1.667279124259948730e+00
1.199417591094970703e+00
8.173780441284179688e-01
1.928084135055541992e+00
2.570198535919189453e+00
1.926303982734680176e+00
1.724167585372924805e+00
3.020698070526123047e+00
2.673343896865844727e+00
2.980636596679687500e+00
1.456303715705871582e+00
1.986392498016357422e+00
2.049654722213745117e+00
1.952216386795043945e+00
1.906409502029418945e+00
1.814079046249389648e+00
2.016292572021484375e+00
1.920977115631103516e+00
1.630900859832763672e+00
1.696698069572448730e+00
2.085842370986938477e+00
5.393526077270507812e+00
5.654135227203369141e+00
5.185867786407470703e+00
4.653600692749023438e+00
4.171364784240722656e+00
2.734884738922119141e+00
2.007324934005737305e+00
2.220662355422973633e+00
2.007193803787231445e+00
2.040911197662353516e+00
1.614039540290832520e+00
1.482838511466979980e+00
1.271290183067321777e+00
1.343587279319763184e+00
3.980552196502685547e+00
4.979693412780761719e+00
4.200987815856933594e+00
1.124242901802062988e+00
8.284739255905151367e-01
9.364989995956420898e-01
6.195528507232666016e-01
8.057070970535278320e-01
1.997656822204589844e+00
4.465575695037841797e+00
5.600579261779785156e+00
5.813779830932617188e+00
5.631384372711181641e+00
5.457493305206298828e+00
5.069005489349365234e+00
4.831240177154541016e+00
4.441818714141845703e+00
2.698006868362426758e+00
1.664646506309509277e+00
1.745132446289062500e+00
1.908249258995056152e+00
1.481951713562011719e+00
1.607146382331848145e+00
2.327841043472290039e+00
2.586068153381347656e+00
5.466998577117919922e+00
5.715852260589599609e+00
5.893014907836914062e+00
6.117915630340576172e+00
1.328904271125793457e+00
3.214703202247619629e-01
3.137614428997039795e-01
7.520312070846557617e-01
1.337584972381591797e+00
1.367499709129333496e+00
2.781388759613037109e+00
1.577951431274414062e+00
1.306262612342834473e+00
1.029532194137573242e+00
1.792382121086120605e+00
2.422738313674926758e+00
1.836664915084838867e+00
1.778980493545532227e+00
2.981415987014770508e+00
2.788115024566650391e+00
3.115288496017456055e+00
1.614055275917053223e+00
2.030941963195800781e+00
2.108213663101196289e+00
2.089787244796752930e+00
2.090184450149536133e+00
2.029221773147583008e+00
2.232305049896240234e+00
2.084189176559448242e+00
1.756634950637817383e+00
1.970593571662902832e+00
2.351398706436157227e+00
6.101642608642578125e+00
6.328948497772216797e+00
5.875415325164794922e+00
5.340980529785156250e+00
4.845841884613037109e+00
3.355263233184814453e+00
2.584952831268310547e+00
2.704464435577392578e+00
2.434180259704589844e+00
2.304558515548706055e+00
1.868985652923583984e+00
1.781182527542114258e+00
1.778024315834045410e+00
2.019011020660400391e+00
4.675141811370849609e+00
5.719860076904296875e+00
4.960224151611328125e+00
1.872761607170104980e+00
1.592378616333007812e+00
1.670484423637390137e+00
1.253071665763854980e+00
1.402711868286132812e+00
2.533305644989013672e+00
5.114580631256103516e+00
6.242756366729736328e+00
6.294677734375000000e+00
6.246184825897216797e+00
6.034418582916259766e+00
5.687728881835937500e+00
5.409934520721435547e+00
5.010923862457275391e+00
3.260534763336181641e+00
2.184259176254272461e+00
2.138034820556640625e+00
2.134968757629394531e+00
1.849292039871215820e+00
2.137435913085937500e+00
2.851292610168457031e+00
3.184950113296508789e+00
6.129873752593994141e+00
6.356109619140625000e+00
6.509614944458007812e+00
6.739696025848388672e+00
1.805542230606079102e+00
1.337058097124099731e-01
4.817375242710113525e-01
1.073443889617919922e+00
1.164062738418579102e+00
2.387224674224853516e+00
1.195849776268005371e+00
8.898823857307434082e-01
4.856189787387847900e-01
1.487263917922973633e+00
2.151359081268310547e+00
1.725377202033996582e+00
1.411469578742980957e+00
2.591065645217895508e+00
2.383766174316406250e+00
2.673575878143310547e+00
1.333931326866149902e+00
1.826237201690673828e+00
1.996289372444152832e+00
1.957946181297302246e+00
2.021326065063476562e+00
1.952752232551574707e+00
2.190265655517578125e+00
2.189787149429321289e+00
1.892015695571899414e+00
2.319811105728149414e+00
2.647258520126342773e+00
5.944732666015625000e+00
6.259893894195556641e+00
5.784347057342529297e+00
5.277661800384521484e+00
4.799674987792968750e+00
3.418137073516845703e+00
2.615904092788696289e+00
2.782522678375244141e+00
2.510151863098144531e+00
2.287944793701171875e+00
1.736528396606445312e+00
1.515253663063049316e+00
1.401281833648681641e+00
1.732050776481628418e+00
4.624233722686767578e+00
5.561357498168945312e+00
4.751545429229736328e+00
1.692223668098449707e+00
1.331639647483825684e+00
1.348197102546691895e+00
8.798151612281799316e-01
1.547019124031066895e+00
2.703767061233520508e+00
5.163594245910644531e+00
6.279976367950439453e+00
6.578311920166015625e+00
6.379398822784423828e+00
6.221313953399658203e+00
5.817406177520751953e+00
5.595871925354003906e+00
5.208519935607910156e+00
3.450958013534545898e+00
2.423230886459350586e+00
2.403221607208251953e+00
2.562710285186767578e+00
2.211911916732788086e+00
2.385435342788696289e+00
3.094388246536254883e+00
3.342140197753906250e+00
6.141366958618164062e+00
6.339492321014404297e+00
6.548860549926757812e+00
6.764613151550292969e+00
2.091182470321655273e+00
3.016344010829925537e-01
9.026684761047363281e-01
1.081481575965881348e+00
2.376750230789184570e+00
1.214940071105957031e+00
1.138122081756591797e+00
9.316872358322143555e-01
1.539662361145019531e+00
2.210140466690063477e+00
1.962319850921630859e+00
1.643937110900878906e+00
2.713413715362548828e+00
2.655274629592895508e+00
2.971147060394287109e+00
1.584328532218933105e+00
2.073268651962280273e+00
2.269705772399902344e+00
2.240459442138671875e+00
2.306688785552978516e+00
2.236170053482055664e+00
2.471800804138183594e+00
2.445688962936401367e+00
2.138476371765136719e+00
2.255595922470092773e+00
2.688902139663696289e+00
5.963916778564453125e+00
6.212603569030761719e+00
5.761739730834960938e+00
5.168082237243652344e+00
4.719408988952636719e+00
3.352596998214721680e+00
2.648482084274291992e+00
2.886338233947753906e+00
2.671960353851318359e+00
2.560216665267944336e+00
2.011192083358764648e+00
1.913014650344848633e+00
1.784466743469238281e+00
1.962643265724182129e+00
4.448299407958984375e+00
5.429067611694335938e+00
4.647338867187500000e+00
1.697162151336669922e+00
1.243544459342956543e+00
1.412948369979858398e+00
1.154621124267578125e+00
1.398939013481140137e+00
2.342113733291625977e+00
4.857937812805175781e+00
6.007136821746826172e+00
6.184503555297851562e+00
6.165842056274414062e+00
5.986988544464111328e+00
5.593564987182617188e+00
5.358158588409423828e+00
4.947309970855712891e+00
3.128961801528930664e+00
2.049904108047485352e+00
1.996523976325988770e+00
2.064072132110595703e+00
1.832961320877075195e+00
2.111680269241333008e+00
2.790897846221923828e+00
3.097608804702758789e+00
6.017498016357421875e+00
6.306624889373779297e+00
6.505066394805908203e+00
6.725794792175292969e+00
1.946399688720703125e+00
2.957518100738525391e-01
4.883504807949066162e-01
1.876335740089416504e+00
7.271595597267150879e-01
1.194983363151550293e+00
1.234886169433593750e+00
1.150236368179321289e+00
1.846773982048034668e+00
1.961797833442687988e+00
1.643671393394470215e+00
2.402974367141723633e+00
2.636459350585937500e+00
2.950658559799194336e+00
1.782703638076782227e+00
2.176732063293457031e+00
2.442507266998291016e+00
2.517539978027343750e+00
2.680570602416992188e+00
2.629511594772338867e+00
2.887091636657714844e+00
2.938554048538208008e+00
2.604162454605102539e+00
2.984340906143188477e+00
3.370815992355346680e+00
6.762236118316650391e+00
7.077176570892333984e+00
6.592358112335205078e+00
6.050967693328857422e+00
5.603611469268798828e+00
4.171034336090087891e+00
3.501369953155517578e+00
3.673620939254760742e+00
3.362973690032958984e+00
3.036993503570556641e+00
2.398258447647094727e+00
2.300644874572753906e+00
2.241922616958618164e+00
2.501235485076904297e+00
5.342070102691650391e+00
6.255792617797851562e+00
5.438393592834472656e+00
2.423093080520629883e+00
2.033707857131958008e+00
2.130000114440917969e+00
1.730836629867553711e+00
2.317823410034179688e+00
3.183760643005371094e+00
5.762044906616210938e+00
6.873363018035888672e+00
7.040760040283203125e+00
7.105166912078857422e+00
6.926153659820556641e+00
6.532618999481201172e+00
6.297239303588867188e+00
5.884401321411132812e+00
4.055911064147949219e+00
2.960654258728027344e+00
2.877006053924560547e+00
2.900415420532226562e+00
2.716922998428344727e+00
3.040467262268066406e+00
3.722555875778198242e+00
4.017557621002197266e+00
6.928402423858642578e+00
7.182814598083496094e+00
7.396667957305908203e+00
7.613188266754150391e+00
2.824939727783203125e+00
1.335123479366302490e-01
1.519827127456665039e+00
5.114998817443847656e-01
1.492663025856018066e+00
1.644049882888793945e+00
8.993141651153564453e-01
1.611508011817932129e+00
1.911952614784240723e+00
1.783133745193481445e+00
2.215980529785156250e+00
2.720526695251464844e+00
3.021389722824096680e+00
2.080345153808593750e+00
2.328903675079345703e+00
2.447111606597900391e+00
2.768655538558959961e+00
2.958986043930053711e+00
3.015991926193237305e+00
3.277185440063476562e+00
3.341490745544433594e+00
2.954231262207031250e+00
3.494397163391113281e+00
3.855852365493774414e+00
7.570463180541992188e+00
7.890125274658203125e+00
7.398402690887451172e+00
6.899073123931884766e+00
6.422942161560058594e+00
4.971438884735107422e+00
4.161144733428955078e+00
4.272103309631347656e+00
3.929964780807495117e+00
3.531102895736694336e+00
2.835862398147583008e+00
2.701693058013916016e+00
2.871545076370239258e+00
3.248785495758056641e+00
6.215323925018310547e+00
7.159566879272460938e+00
6.342856884002685547e+00
3.288052082061767578e+00
2.921339988708496094e+00
2.960373401641845703e+00
2.450273036956787109e+00
3.038372278213500977e+00
4.009340763092041016e+00
6.611066818237304688e+00
7.759932518005371094e+00
7.818223953247070312e+00
7.877517700195312500e+00
7.649198532104492188e+00
7.311135292053222656e+00
7.025140762329101562e+00
6.616844654083251953e+00
4.815596103668212891e+00
3.697702884674072266e+00
3.583493947982788086e+00
3.521115779876708984e+00
3.384287834167480469e+00
3.748775720596313477e+00
4.444746494293212891e+00
4.779362201690673828e+00
7.743542671203613281e+00
7.952837944030761719e+00
8.136439323425292969e+00
8.359421730041503906e+00
3.430773735046386719e+00
1.218523144721984863e+00
2.965126335620880127e-01
1.329055905342102051e+00
1.508277177810668945e+00
6.073800325393676758e-01
1.268988847732543945e+00
1.587138175964355469e+00
1.409354329109191895e+00
1.910294175148010254e+00
2.420881509780883789e+00
2.745615005493164062e+00
1.743366479873657227e+00
1.917673468589782715e+00
2.080427646636962891e+00
2.425011157989501953e+00
2.638901472091674805e+00
2.716562747955322266e+00
2.985944032669067383e+00
3.143689155578613281e+00
2.791488647460937500e+00
3.472629308700561523e+00
3.781744718551635742e+00
7.661968231201171875e+00
7.956891536712646484e+00
7.494091510772705078e+00
7.005641937255859375e+00
6.499240875244140625e+00
5.049837112426757812e+00
4.122048377990722656e+00
4.183161258697509766e+00
3.780907154083251953e+00
3.290887355804443359e+00
2.566558122634887695e+00
2.667551040649414062e+00
2.951486349105834961e+00
3.445992469787597656e+00
6.356920242309570312e+00
7.354547500610351562e+00
6.556624412536621094e+00
3.497757673263549805e+00
3.137136220932006836e+00
3.124500989913940430e+00
2.577600240707397461e+00
3.084034204483032227e+00
4.214858055114746094e+00
6.784399986267089844e+00
7.950560092926025391e+00
7.990832805633544922e+00
7.911595821380615234e+00
7.691204547882080078e+00
7.358186244964599609e+00
7.070240020751953125e+00
6.678938388824462891e+00
4.938924312591552734e+00
3.849678039550781250e+00
3.779365777969360352e+00
3.689259529113769531e+00
3.505378484725952148e+00
3.813389062881469727e+00
4.526018142700195312e+00
4.888855934143066406e+00
7.801121234893798828e+00
7.968938350677490234e+00
8.116044998168945312e+00
8.345536231994628906e+00
3.398407936096191406e+00
1.002889752388000488e+00
1.948395967483520508e+00
2.213268041610717773e+00
9.066400527954101562e-01
9.174064993858337402e-01
2.457166433334350586e+00
1.570757150650024414e+00
6.855227947235107422e-01
1.977915048599243164e+00
2.029511690139770508e+00
2.067116498947143555e+00
2.269858598709106445e+00
2.734875440597534180e+00
3.069632768630981445e+00
3.437543392181396484e+00
3.508822202682495117e+00
3.783630609512329102e+00
4.168600559234619141e+00
4.006738185882568359e+00
4.792846202850341797e+00
5.074624538421630859e+00
8.389221191406250000e+00
8.832820892333984375e+00
8.287948608398437500e+00
7.999614238739013672e+00
7.483210086822509766e+00
6.036310672760009766e+00
5.082323074340820312e+00
5.130531311035156250e+00
4.685146331787109375e+00
3.964951992034912109e+00
3.149104833602905273e+00
2.915299892425537109e+00
3.490046262741088867e+00
4.105900287628173828e+00
7.445433139801025391e+00
8.284471511840820312e+00
7.428786277770996094e+00
4.397266864776611328e+00
4.127372741699218750e+00
3.925562620162963867e+00
3.434338569641113281e+00
4.365593433380126953e+00
5.480652332305908203e+00
8.050689697265625000e+00
9.122382164001464844e+00
9.332124710083007812e+00
9.164478302001953125e+00
8.997953414916992188e+00
8.600666046142578125e+00
8.381675720214843750e+00
8.018322944641113281e+00
6.306449413299560547e+00
5.232210636138916016e+00
5.182523250579833984e+00
5.186169624328613281e+00
4.942537307739257812e+00
5.185227394104003906e+00
5.916182518005371094e+00
6.184946060180664062e+00
8.857625007629394531e+00
8.878072738647460938e+00
9.078526496887207031e+00
9.286379814147949219e+00
4.682140350341796875e+00
7.406366467475891113e-01
1.000749468803405762e+00
2.690396308898925781e-01
9.193755388259887695e-01
1.628675341606140137e+00
7.238223552703857422e-01
1.191002845764160156e+00
1.623466491699218750e+00
1.919062852859497070e+00
1.181252002716064453e+00
1.522366046905517578e+00
2.028400421142578125e+00
2.153483152389526367e+00
2.462140083312988281e+00
2.457955598831176758e+00
2.739672183990478516e+00
3.061183929443359375e+00
2.864418745040893555e+00
3.563516139984130859e+00
3.858646631240844727e+00
7.270569324493408203e+00
7.676767349243164062e+00
7.140581130981445312e+00
6.803168296813964844e+00
6.282955646514892578e+00
4.825179576873779297e+00
3.872761487960815430e+00
3.932292222976684570e+00
3.509446859359741211e+00
2.915439844131469727e+00
2.127449750900268555e+00
1.922719597816467285e+00
2.385152101516723633e+00
2.955986022949218750e+00
6.234722614288330078e+00
7.116615772247314453e+00
6.278124809265136719e+00
3.224889039993286133e+00
2.955287933349609375e+00
2.773679256439208984e+00
2.240640878677368164e+00
3.117576837539672852e+00
4.299339294433593750e+00
6.843423366546630859e+00
7.908722400665283203e+00
8.104046821594238281e+00
7.912909507751464844e+00
7.742922306060791016e+00
7.357377529144287109e+00
7.126196384429931641e+00
6.762936592102050781e+00
5.074350833892822266e+00
4.031706809997558594e+00
4.011888027191162109e+00
4.017302036285400391e+00
3.746282815933227539e+00
3.937211990356445312e+00
4.668534278869628906e+00
4.933606147766113281e+00
7.640438079833984375e+00
7.700695514678955078e+00
7.887583732604980469e+00
8.101861000061035156e+00
3.430681705474853516e+00
1.334470063447952271e-01
1.136853694915771484e+00
1.655446648597717285e+00
1.178373336791992188e+00
3.386051952838897705e-01
1.812563657760620117e+00
1.245030403137207031e+00
1.574892759323120117e+00
3.098063766956329346e-01
8.448719382286071777e-01
1.382423520088195801e+00
1.226384401321411133e+00
1.587587356567382812e+00
1.510621666908264160e+00
1.787503957748413086e+00
2.184861421585083008e+00
2.041446685791015625e+00
2.734360456466674805e+00
3.035829782485961914e+00
6.289684295654296875e+00
6.671109199523925781e+00
6.144460678100585938e+00
5.862395286560058594e+00
5.320031166076660156e+00
3.844390869140625000e+00
2.865360975265502930e+00
2.906287193298339844e+00
2.475624322891235352e+00
1.888230204582214355e+00
1.123607635498046875e+00
9.631734490394592285e-01
1.476899385452270508e+00
2.111141443252563477e+00
5.361571788787841797e+00
6.265922546386718750e+00
5.457563877105712891e+00
2.506659507751464844e+00
2.251397848129272461e+00
2.026710271835327148e+00
1.480040907859802246e+00
2.336551189422607422e+00
3.632017612457275391e+00
6.073291778564453125e+00
7.087759017944335938e+00
7.332216262817382812e+00
7.006266593933105469e+00
6.860869884490966797e+00
6.415655136108398438e+00
6.256166458129882812e+00
5.924107074737548828e+00
4.348194599151611328e+00
3.345062971115112305e+00
3.491436481475830078e+00
3.576836585998535156e+00
3.148104190826416016e+00
3.215052366256713867e+00
3.933202028274536133e+00
4.124671936035156250e+00
6.674031734466552734e+00
6.677889823913574219e+00
6.859479904174804688e+00
7.071084022521972656e+00
2.609206199645996094e+00
1.387146592140197754e+00
1.906184911727905273e+00
1.391138792037963867e+00
6.876767277717590332e-01
2.126239061355590820e+00
1.632979512214660645e+00
1.938704013824462891e+00
5.828737020492553711e-01
1.259748697280883789e+00
1.576742529869079590e+00
1.379406094551086426e+00
1.543829441070556641e+00
1.391694426536560059e+00
1.650560975074768066e+00
1.908790469169616699e+00
1.738994240760803223e+00
2.317020177841186523e+00
2.622944355010986328e+00
5.972836971282958984e+00
6.347473621368408203e+00
5.820263385772705078e+00
5.469490051269531250e+00
4.948861598968505859e+00
3.499629735946655273e+00
2.572674989700317383e+00
2.616068840026855469e+00
2.197076082229614258e+00
1.707826495170593262e+00
1.039614558219909668e+00
9.539845585823059082e-01
1.192993760108947754e+00
1.690217852592468262e+00
4.918968200683593750e+00
5.824394702911376953e+00
5.008333683013916016e+00
1.993486881256103516e+00
1.723838925361633301e+00
1.549903512001037598e+00
9.657812714576721191e-01
1.882135152816772461e+00
3.137730121612548828e+00
5.597350120544433594e+00
6.623533725738525391e+00
6.884850978851318359e+00
6.635355949401855469e+00
6.480126857757568359e+00
6.061654090881347656e+00
5.871932983398437500e+00
5.530869483947753906e+00
3.893157720565795898e+00
2.890554189682006836e+00
2.998498678207397461e+00
3.156364440917968750e+00
2.724816560745239258e+00
2.784899711608886719e+00
3.505274534225463867e+00
3.693646907806396484e+00
6.312750816345214844e+00
6.382574558258056641e+00
6.584090709686279297e+00
6.795636177062988281e+00
2.189645051956176758e+00
4.422322809696197510e-01
1.381589055061340332e+00
8.298357725143432617e-01
1.180086731910705566e+00
1.739239096641540527e+00
2.035732507705688477e+00
1.357010006904602051e+00
1.504147410392761230e+00
1.759100794792175293e+00
2.227540731430053711e+00
2.490867376327514648e+00
2.602124691009521484e+00
2.880319595336914062e+00
3.170973777770996094e+00
2.945517063140869141e+00
3.742236375808715820e+00
4.012068748474121094e+00
7.716844081878662109e+00
8.073452949523925781e+00
7.556925296783447266e+00
7.191268920898437500e+00
6.663720607757568359e+00
5.188070297241210938e+00
4.214679241180419922e+00
4.248630046844482422e+00
3.798695564270019531e+00
3.120449781417846680e+00
2.394747734069824219e+00
2.371160745620727539e+00
2.877962350845336914e+00
3.438540935516357422e+00
6.608022212982177734e+00
7.558482170104980469e+00
6.742703914642333984e+00
3.683145999908447266e+00
3.373794555664062500e+00
3.254438400268554688e+00
2.689391851425170898e+00
3.419683694839477539e+00
4.585391998291015625e+00
7.152880668640136719e+00
8.251510620117187500e+00
8.365935325622558594e+00
8.194456100463867188e+00
7.997310161590576172e+00
7.652972698211669922e+00
7.381857395172119141e+00
7.014154911041259766e+00
5.328359603881835938e+00
4.278860569000244141e+00
4.258735656738281250e+00
4.231453895568847656e+00
3.947687625885009766e+00
4.176599979400634766e+00
4.902716636657714844e+00
5.214302062988281250e+00
7.994246482849121094e+00
8.070832252502441406e+00
8.227491378784179688e+00
8.449676513671875000e+00
3.660528421401977539e+00
1.554991483688354492e+00
7.557321786880493164e-01
8.315037488937377930e-01
1.599698901176452637e+00
1.811491370201110840e+00
1.471444964408874512e+00
1.528221726417541504e+00
1.794688344001770020e+00
2.350677251815795898e+00
2.668633460998535156e+00
2.840269327163696289e+00
3.098159074783325195e+00
3.462136030197143555e+00
3.295484304428100586e+00
4.199715137481689453e+00
4.412764072418212891e+00
8.210215568542480469e+00
8.571221351623535156e+00
8.054659843444824219e+00
7.738925457000732422e+00
7.194776058197021484e+00
5.701270103454589844e+00
4.696855068206787109e+00
4.693063735961914062e+00
4.201284408569335938e+00
3.337828159332275391e+00
2.590933799743652344e+00
2.737698554992675781e+00
3.378289222717285156e+00
3.998049736022949219e+00
7.190824508666992188e+00
8.145288467407226562e+00
7.334156990051269531e+00
4.298792362213134766e+00
4.004106998443603516e+00
3.855586051940917969e+00
3.284410715103149414e+00
3.999275207519531250e+00
5.209508895874023438e+00
7.758583068847656250e+00
8.851696014404296875e+00
8.946458816528320312e+00
8.716459274291992188e+00
8.513549804687500000e+00
8.170356750488281250e+00
7.906188488006591797e+00
7.552596569061279297e+00
5.916059970855712891e+00
4.875523090362548828e+00
4.875604629516601562e+00
4.824888706207275391e+00
4.539405822753906250e+00
4.751149177551269531e+00
5.471730232238769531e+00
5.784862518310546875e+00
8.515405654907226562e+00
8.542115211486816406e+00
8.679941177368164062e+00
8.902335166931152344e+00
4.177772998809814453e+00
7.668766975402832031e-01
2.223559379577636719e+00
1.776908755302429199e+00
2.107392072677612305e+00
8.513873219490051270e-01
4.537897706031799316e-01
2.950565814971923828e-01
8.289463520050048828e-01
1.076964616775512695e+00
1.360244870185852051e+00
1.584611296653747559e+00
1.836365818977355957e+00
1.690768837928771973e+00
2.751401185989379883e+00
2.768912315368652344e+00
7.145833969116210938e+00
7.391289234161376953e+00
6.923982143402099609e+00
6.611454963684082031e+00
6.037559986114501953e+00
4.527070522308349609e+00
3.495151996612548828e+00
3.402100324630737305e+00
2.862210512161254883e+00
1.923924684524536133e+00
1.442512512207031250e+00
1.973591566085815430e+00
2.758321046829223633e+00
3.306040287017822266e+00
6.098952770233154297e+00
7.187311172485351562e+00
6.462588310241699219e+00
3.516465663909912109e+00
3.322220563888549805e+00
3.178966045379638672e+00
2.668977022171020508e+00
2.889065742492675781e+00
4.252345085144042969e+00
6.646218776702880859e+00
7.736234188079833984e+00
7.686439990997314453e+00
7.327179431915283203e+00
7.087854385375976562e+00
6.801974296569824219e+00
6.508412837982177734e+00
6.190592765808105469e+00
4.758040428161621094e+00
3.805491924285888672e+00
3.874048948287963867e+00
3.748869657516479492e+00
3.450431823730468750e+00
3.595432519912719727e+00
4.259462833404541016e+00
4.534528255462646484e+00
7.242511749267578125e+00
7.264395236968994141e+00
7.323328495025634766e+00
7.557941436767578125e+00
2.900834321975708008e+00
1.238331675529479980e+00
9.601095318794250488e-01
1.290319442749023438e+00
3.938506543636322021e-01
5.985404849052429199e-01
1.011844873428344727e+00
1.375889420509338379e+00
1.687940597534179688e+00
1.787456750869750977e+00
2.061403751373291016e+00
2.487856626510620117e+00
2.395257234573364258e+00
3.174571990966796875e+00
3.451807022094726562e+00
6.804100036621093750e+00
7.189856529235839844e+00
6.713087081909179688e+00
6.416399002075195312e+00
5.866044521331787109e+00
4.382558345794677734e+00
3.383423328399658203e+00
3.391616582870483398e+00
2.918788909912109375e+00
2.214884519577026367e+00
1.396165132522583008e+00
1.440598964691162109e+00
2.101211786270141602e+00
2.789061069488525391e+00
5.931545734405517578e+00
6.833906650543212891e+00
6.024872303009033203e+00
3.080614089965820312e+00
2.827513217926025391e+00
2.589383602142333984e+00
2.054016828536987305e+00
2.895321130752563477e+00
4.266270160675048828e+00
6.638711452484130859e+00
7.706210613250732422e+00
7.987495899200439453e+00
7.533996582031250000e+00
7.379228115081787109e+00
6.986243724822998047e+00
6.778266429901123047e+00
6.450776576995849609e+00
4.887495040893554688e+00
3.884451866149902344e+00
4.029495716094970703e+00
4.089004039764404297e+00
3.667471885681152344e+00
3.739454984664916992e+00
4.457670211791992188e+00
4.670351028442382812e+00
7.209206104278564453e+00
7.184069156646728516e+00
7.352216243743896484e+00
7.564083576202392578e+00
3.105209589004516602e+00
1.119154930114746094e+00
9.240880012512207031e-01
1.618204832077026367e+00
1.817099452018737793e+00
2.343085765838623047e+00
2.632437467575073242e+00
3.067771196365356445e+00
2.977566719055175781e+00
3.408323049545288086e+00
3.891535997390747070e+00
3.828502416610717773e+00
4.692853450775146484e+00
4.960492610931396484e+00
7.976280212402343750e+00
8.449445724487304688e+00
7.908845424652099609e+00
7.775272846221923828e+00
7.233386039733886719e+00
5.791372299194335938e+00
4.819023609161376953e+00
4.821116924285888672e+00
4.343724250793457031e+00
3.506299972534179688e+00
2.638593435287475586e+00
2.466298580169677734e+00
3.214593172073364258e+00
3.939979791641235352e+00
7.340458869934082031e+00
8.120613098144531250e+00
7.275581836700439453e+00
4.379852294921875000e+00
4.157705783843994141e+00
3.850909709930419922e+00
3.396049022674560547e+00
4.370452880859375000e+00
5.608183383941650391e+00
8.100842475891113281e+00
9.103552818298339844e+00
9.374123573303222656e+00
9.032884597778320312e+00
8.903276443481445312e+00
8.411800384521484375e+00
8.308294296264648438e+00
7.977353572845458984e+00
6.362873077392578125e+00
5.336207866668701172e+00
5.400245666503906250e+00
5.436579704284667969e+00
5.079200744628906250e+00
5.217350006103515625e+00
5.944907665252685547e+00
6.173774242401123047e+00
8.580671310424804688e+00
8.488307952880859375e+00
8.689400672912597656e+00
8.884098052978515625e+00
4.625820159912109375e+00
1.342074722051620483e-01
7.594404816627502441e-01
1.073740839958190918e+00
1.769705772399902344e+00
1.503541707992553711e+00
2.042116880416870117e+00
1.655944108963012695e+00
2.193760633468627930e+00
2.811420679092407227e+00
2.955591678619384766e+00
3.836133241653442383e+00
3.989360570907592773e+00
6.930196762084960938e+00
7.331165313720703125e+00
6.845319271087646484e+00
6.813957214355468750e+00
6.237421035766601562e+00
4.798301219940185547e+00
3.808989763259887695e+00
3.720234394073486328e+00
3.195534944534301758e+00
2.250862598419189453e+00
1.413964748382568359e+00
1.559678912162780762e+00
2.405110836029052734e+00
3.170964002609252930e+00
6.470913887023925781e+00
7.245647430419921875e+00
6.435902595520019531e+00
3.731968164443969727e+00
3.553206682205200195e+00
3.175693750381469727e+00
2.792088508605957031e+00
3.661044120788574219e+00
5.025853633880615234e+00
7.347479820251464844e+00
8.263806343078613281e+00
8.574025154113769531e+00
7.974431037902832031e+00
7.865658283233642578e+00
7.346693992614746094e+00
7.313915252685546875e+00
7.061974048614501953e+00
5.670392513275146484e+00
4.718373298645019531e+00
4.933603763580322266e+00
5.019145488739013672e+00
4.557259082794189453e+00
4.548604965209960938e+00
5.240535259246826172e+00
5.351025104522705078e+00
7.433790683746337891e+00
7.286966800689697266e+00
7.425983428955078125e+00
7.619422435760498047e+00
3.843972682952880859e+00
1.099504709243774414e+00
1.398965477943420410e+00
2.124249458312988281e+00
1.902081966400146484e+00
2.454447031021118164e+00
2.069567203521728516e+00
2.624454498291015625e+00
3.215361833572387695e+00
3.310299634933471680e+00
4.125345706939697266e+00
4.345878124237060547e+00
6.912403583526611328e+00
7.396186351776123047e+00
6.866550922393798828e+00
6.862189769744873047e+00
6.307919979095458984e+00
4.910920619964599609e+00
3.970412492752075195e+00
3.937987804412841797e+00
3.462978601455688477e+00
2.624554634094238281e+00
1.734820842742919922e+00
1.658828496932983398e+00
2.483258962631225586e+00
3.248554229736328125e+00
6.545104026794433594e+00
7.265784263610839844e+00
6.453574180603027344e+00
3.837295293807983398e+00
3.685381174087524414e+00
3.270541667938232422e+00
2.942703723907470703e+00
3.873155355453491211e+00
5.191749572753906250e+00
7.471746444702148438e+00
8.351369857788085938e+00
8.746769905090332031e+00
8.149641990661621094e+00
8.109404563903808594e+00
7.531489849090576172e+00
7.542726039886474609e+00
7.274702072143554688e+00
5.889463901519775391e+00
4.953198432922363281e+00
5.181946277618408203e+00
5.323564529418945312e+00
4.851402759552001953e+00
4.803869247436523438e+00
5.479231834411621094e+00
5.553045272827148438e+00
7.587230205535888672e+00
7.430750370025634766e+00
7.636283874511718750e+00
7.817254543304443359e+00
4.102189064025878906e+00
1.326595842838287354e-01
8.984456658363342285e-01
7.974244356155395508e-01
1.269437074661254883e+00
1.134617805480957031e+00
1.405852198600769043e+00
1.886299490928649902e+00
1.849133610725402832e+00
2.635577201843261719e+00
2.900560379028320312e+00
6.294679164886474609e+00
6.644613742828369141e+00
6.186923980712890625e+00
5.924209117889404297e+00
5.354119777679443359e+00
3.858344793319702148e+00
2.833180904388427734e+00
2.796749353408813477e+00
2.290727853775024414e+00
1.531303167343139648e+00
7.077606916427612305e-01
9.451947808265686035e-01
1.747361660003662109e+00
2.389009714126586914e+00
5.491950988769531250e+00
6.422763824462890625e+00
5.650306701660156250e+00
2.817781925201416016e+00
2.554526329040527344e+00
2.329842805862426758e+00
1.816155314445495605e+00
2.482504844665527344e+00
3.824654102325439453e+00
6.209944248199462891e+00
7.225899696350097656e+00
7.412391185760498047e+00
6.997878074645996094e+00
6.847713947296142578e+00
6.421991348266601562e+00
6.260582447052001953e+00
5.945979595184326172e+00
4.449584007263183594e+00
3.476224184036254883e+00
3.682559013366699219e+00
3.744095563888549805e+00
3.283036708831787109e+00
3.301554203033447266e+00
4.003009319305419922e+00
4.198534011840820312e+00
6.642512798309326172e+00
6.603411674499511719e+00
6.746618747711181641e+00
6.960506916046142578e+00
2.607320785522460938e+00
4.541313052177429199e-01
6.668637990951538086e-01
1.000650763511657715e+00
1.191562175750732422e+00
1.429956436157226562e+00
1.885492563247680664e+00
1.871362686157226562e+00
2.877047061920166016e+00
2.994069814682006836e+00
6.870242118835449219e+00
7.162974357604980469e+00
6.681890487670898438e+00
6.455954551696777344e+00
5.872639179229736328e+00
4.364697933197021484e+00
3.320410251617431641e+00
3.226685285568237305e+00
2.675181627273559570e+00
1.675587654113769531e+00
1.052541971206665039e+00
1.633925080299377441e+00
2.433856487274169922e+00
3.080748081207275391e+00
6.010722637176513672e+00
7.025910377502441406e+00
6.286420822143554688e+00
3.460063934326171875e+00
3.229843139648437500e+00
3.022891283035278320e+00
2.536538362503051758e+00
2.959106445312500000e+00
4.331064701080322266e+00
6.692815780639648438e+00
7.721698284149169922e+00
7.809755802154541016e+00
7.358344554901123047e+00
7.170334815979003906e+00
6.774836540222167969e+00
6.593072414398193359e+00
6.296736717224121094e+00
4.873343944549560547e+00
3.917838335037231445e+00
4.106683731079101562e+00
4.098084449768066406e+00
3.671271324157714844e+00
3.715296268463134766e+00
4.392436027526855469e+00
4.601521492004394531e+00
7.088559150695800781e+00
7.063518047332763672e+00
7.151200294494628906e+00
7.375209331512451172e+00
2.972606658935546875e+00
3.573107123374938965e-01
5.214645266532897949e-01
9.099357724189758301e-01
1.069862008094787598e+00
1.293561697006225586e+00
1.271895289421081543e+00
2.378894090652465820e+00
2.321608066558837891e+00
6.764577388763427734e+00
6.956109046936035156e+00
6.518350601196289062e+00
6.225759029388427734e+00
5.637692928314208984e+00
4.143942832946777344e+00
3.120579719543457031e+00
2.975458145141601562e+00
2.425365447998046875e+00
1.451287746429443359e+00
1.129211187362670898e+00
1.794589996337890625e+00
2.707305669784545898e+00
3.218822240829467773e+00
5.744092941284179688e+00
6.892709255218505859e+00
6.222080707550048828e+00
3.411606550216674805e+00
3.266084194183349609e+00
3.119690895080566406e+00
2.697433471679687500e+00
2.688536405563354492e+00
4.091549873352050781e+00
6.343569755554199219e+00
7.390658855438232422e+00
7.350352764129638672e+00
6.887244224548339844e+00
6.656828403472900391e+00
6.345490455627441406e+00
6.093967437744140625e+00
5.805254459381103516e+00
4.465978145599365234e+00
3.610963344573974609e+00
3.825957059860229492e+00
3.759631633758544922e+00
3.351387262344360352e+00
3.351469993591308594e+00
3.950953722000122070e+00
4.185795307159423828e+00
6.760048389434814453e+00
6.784464359283447266e+00
6.804425239562988281e+00
7.043526172637939453e+00
2.599817037582397461e+00
1.334176808595657349e-01
2.976543605327606201e-01
4.250048995018005371e-01
9.280909895896911621e-01
1.075883030891418457e+00
2.095240354537963867e+00
2.113827228546142578e+00
6.126724720001220703e+00
6.344826221466064453e+00
5.899896144866943359e+00
5.681716918945312500e+00
5.084269523620605469e+00
3.596366643905639648e+00
2.566795587539672852e+00
2.399394273757934570e+00
1.827368855476379395e+00
7.626670598983764648e-01
3.817227780818939209e-01
1.165792465209960938e+00
2.225936412811279297e+00
2.770317316055297852e+00
5.261775970458984375e+00
6.361445426940917969e+00
5.695327758789062500e+00
3.052616119384765625e+00
2.915491104125976562e+00
2.698616981506347656e+00
2.351346015930175781e+00
2.450516223907470703e+00
3.839405775070190430e+00
5.978939533233642578e+00
6.970800399780273438e+00
7.021651268005371094e+00
6.458301544189453125e+00
6.267073631286621094e+00
5.873781681060791016e+00
5.711792945861816406e+00
5.448625087738037109e+00
4.204685211181640625e+00
3.385380268096923828e+00
3.706732273101806641e+00
3.728237867355346680e+00
3.227643489837646484e+00
3.128316402435302734e+00
3.670888423919677734e+00
3.803703784942626953e+00
6.203141689300537109e+00
6.185659885406494141e+00
6.226582527160644531e+00
6.457155704498291016e+00
2.303444862365722656e+00
3.072530031204223633e-01
2.943722009658813477e-01
5.778161883354187012e-01
7.231414318084716797e-01
1.763686418533325195e+00
1.677313566207885742e+00
5.943858623504638672e+00
6.138747215270996094e+00
5.705773353576660156e+00
5.444870948791503906e+00
4.849633216857910156e+00
3.367472171783447266e+00
2.352526426315307617e+00
2.175811052322387695e+00
1.618042111396789551e+00
7.081173062324523926e-01
7.662574052810668945e-01
1.375544667243957520e+00
2.326359748840332031e+00
2.702472686767578125e+00
5.002820968627929688e+00
6.148121356964111328e+00
5.505578994750976562e+00
2.876783847808837891e+00
2.791570663452148438e+00
2.653828144073486328e+00
2.295671939849853516e+00
2.193186283111572266e+00
3.577839612960815430e+00
5.684222221374511719e+00
6.685531616210937500e+00
6.699110507965087891e+00
6.149545192718505859e+00
5.928554058074951172e+00
5.580196380615234375e+00
5.390086650848388672e+00
5.124110698699951172e+00
3.875180482864379883e+00
3.104748010635375977e+00
3.437387228012084961e+00
3.448664426803588867e+00
2.949551582336425781e+00
2.823171615600585938e+00
3.347617864608764648e+00
3.495827436447143555e+00
5.951643466949462891e+00
5.961256027221679688e+00
5.986078739166259766e+00
6.222585201263427734e+00
2.009223937988281250e+00
1.331955194473266602e-01
6.965459585189819336e-01
8.628444075584411621e-01
1.717378854751586914e+00
1.795651674270629883e+00
5.550312995910644531e+00
5.759886264801025391e+00
5.314728736877441406e+00
5.108412742614746094e+00
4.508702278137207031e+00
3.027588129043579102e+00
2.005100727081298828e+00
1.823835968971252441e+00
1.248215317726135254e+00
2.818925976753234863e-01
3.518483936786651611e-01
1.006109952926635742e+00
1.982160449028015137e+00
2.337436676025390625e+00
4.711695194244384766e+00
5.801258563995361328e+00
5.150580406188964844e+00
2.646827459335327148e+00
2.552470207214355469e+00
2.380387544631958008e+00
2.061265707015991211e+00
2.111247777938842773e+00
3.448962211608886719e+00
5.482506752014160156e+00
6.438892841339111328e+00
6.540331363677978516e+00
5.934559822082519531e+00
5.765172481536865234e+00
5.331590652465820312e+00
5.212324619293212891e+00
4.961098194122314453e+00
3.782826423645019531e+00
3.014671802520751953e+00
3.412135362625122070e+00
3.441677570343017578e+00
2.938191652297973633e+00
2.751947402954101562e+00
3.236457347869873047e+00
3.310308456420898438e+00
5.630402088165283203e+00
5.607004642486572266e+00
5.660431385040283203e+00
5.888835906982421875e+00
1.909196496009826660e+00
3.987593054771423340e-01
6.612017750740051270e-01
1.614613175392150879e+00
1.527385473251342773e+00
5.260127544403076172e+00
5.465597629547119141e+00
5.059732437133789062e+00
4.918990612030029297e+00
4.310789108276367188e+00
2.904037237167358398e+00
1.973021984100341797e+00
1.698478460311889648e+00
1.165802240371704102e+00
3.583096563816070557e-01
6.453859210014343262e-01
1.238296747207641602e+00
2.190090417861938477e+00
2.537595510482788086e+00
4.584984779357910156e+00
5.706050395965576172e+00
5.127231121063232422e+00
2.823375225067138672e+00
2.733739376068115234e+00
2.571911811828613281e+00
2.239355564117431641e+00
2.171394824981689453e+00
3.515013217926025391e+00
5.405517578125000000e+00
6.295406818389892578e+00
6.376501083374023438e+00
5.639524459838867188e+00
5.475549221038818359e+00
5.028638839721679688e+00
4.958816051483154297e+00
4.755939960479736328e+00
3.682037115097045898e+00
3.043949365615844727e+00
3.431433439254760742e+00
3.423590421676635742e+00
2.941704988479614258e+00
2.733423709869384766e+00
3.155967235565185547e+00
3.204723358154296875e+00
5.301716327667236328e+00
5.255325317382812500e+00
5.260668277740478516e+00
5.489460945129394531e+00
1.921408891677856445e+00
1.335355341434478760e-01
9.215943217277526855e-01
7.021719217300415039e-01
5.156402587890625000e+00
5.299165248870849609e+00
4.969473361968994141e+00
4.599865913391113281e+00
4.015081405639648438e+00
2.629730701446533203e+00
1.786719679832458496e+00
1.547892332077026367e+00
1.180278301239013672e+00
7.103948593139648438e-01
1.157436847686767578e+00
1.607280611991882324e+00
2.313841819763183594e+00
2.438217401504516602e+00
4.136226654052734375e+00
5.411712646484375000e+00
4.884746551513671875e+00
2.456300258636474609e+00
2.502587795257568359e+00
2.468150854110717773e+00
2.107409954071044922e+00
1.604867935180664062e+00
2.903575181961059570e+00
4.752954959869384766e+00
5.693556785583496094e+00
5.756519794464111328e+00
5.056181907653808594e+00
4.826985359191894531e+00
4.594492435455322266e+00
4.287947177886962891e+00
4.042724609375000000e+00
2.941694498062133789e+00
2.395065546035766602e+00
2.779394388198852539e+00
2.724752426147460938e+00
2.268842697143554688e+00
2.048724412918090820e+00
2.392415761947631836e+00
2.525977849960327148e+00
4.994971275329589844e+00
5.071335792541503906e+00
5.033975124359130859e+00
5.285338878631591797e+00
1.290168762207031250e+00
8.112283349037170410e-01
8.580287694931030273e-01
5.489710330963134766e+00
5.617723464965820312e+00
5.237210273742675781e+00
4.804468631744384766e+00
4.236160278320312500e+00
2.784345388412475586e+00
1.862224459648132324e+00
1.742508292198181152e+00
1.321200132369995117e+00
9.030554294586181641e-01
1.262481570243835449e+00
1.604425907135009766e+00
2.205516099929809570e+00
2.366778135299682617e+00
4.261458873748779297e+00
5.504588603973388672e+00
4.902949333190917969e+00
2.257828235626220703e+00
2.293184995651245117e+00
2.295228481292724609e+00
1.912441849708557129e+00
1.338609933853149414e+00
2.682436704635620117e+00
4.794050216674804688e+00
5.829671382904052734e+00
5.783243179321289062e+00
5.366995811462402344e+00
5.130702495574951172e+00
4.851892948150634766e+00
4.552795410156250000e+00
4.247667789459228516e+00
2.896750688552856445e+00
2.168201446533203125e+00
2.498995065689086914e+00
2.400233030319213867e+00
1.970073699951171875e+00
1.847472310066223145e+00
2.383963584899902344e+00
2.630949497222900391e+00
5.357629299163818359e+00
5.465423583984375000e+00
5.479794025421142578e+00
5.729553222656250000e+00
1.100241541862487793e+00
1.334765404462814331e-01
4.682625293731689453e+00
4.756917476654052734e+00
4.442452907562255859e+00
3.914186000823974609e+00
3.367616176605224609e+00
1.979286789894104004e+00
1.211405992507934570e+00
1.252984166145324707e+00
1.203519463539123535e+00
1.532217144966125488e+00
2.003058671951293945e+00
2.080851316452026367e+00
2.262350082397460938e+00
2.135318994522094727e+00
3.342597723007202148e+00
4.676947116851806641e+00
4.173488616943359375e+00
1.851119518280029297e+00
1.857059597969055176e+00
2.177093267440795898e+00
1.859496116638183594e+00
8.249599337577819824e-01
1.721134305000305176e+00
3.741429328918457031e+00
4.796114444732666016e+00
4.707105636596679688e+00
4.338991641998291016e+00
4.098941802978515625e+00
3.844439029693603516e+00
3.518556833267211914e+00
3.216719388961791992e+00
1.792873501777648926e+00
1.165925145149230957e+00
1.529749274253845215e+00
1.395795226097106934e+00
9.393603801727294922e-01
7.530910968780517578e-01
1.283141493797302246e+00
1.634066343307495117e+00
4.400950908660888672e+00
4.598655223846435547e+00
4.590528488159179688e+00
4.847486495971679688e+00
4.944030344486236572e-01
4.569679260253906250e+00
4.634551525115966797e+00
4.355414390563964844e+00
3.841512918472290039e+00
3.297777652740478516e+00
2.007397890090942383e+00
1.317436099052429199e+00
1.313231110572814941e+00
1.337728261947631836e+00
1.637295722961425781e+00
2.189556598663330078e+00
2.357837677001953125e+00
2.575749397277832031e+00
2.411756753921508789e+00
3.296764612197875977e+00
4.670958518981933594e+00
4.229239940643310547e+00
2.199760675430297852e+00
2.269524335861206055e+00
2.508541345596313477e+00
2.202600240707397461e+00
1.270513296127319336e+00
2.178444385528564453e+00
3.780722141265869141e+00
4.706988811492919922e+00
4.629132747650146484e+00
4.124460697174072266e+00
3.871131896972656250e+00
3.640899896621704102e+00
3.312011718750000000e+00
3.039715528488159180e+00
1.884270191192626953e+00
1.694018244743347168e+00
2.086787700653076172e+00
1.946261644363403320e+00
1.506465911865234375e+00
1.210124015808105469e+00
1.405992150306701660e+00
1.570194721221923828e+00
4.226613044738769531e+00
4.409853458404541016e+00
4.370002746582031250e+00
4.641196727752685547e+00
8.232541084289550781e-01
1.332022994756698608e-01
3.102222084999084473e-01
1.169320225715637207e+00
1.430080294609069824e+00
2.501196384429931641e+00
3.385514974594116211e+00
3.456926584243774414e+00
3.770908832550048828e+00
4.874091148376464844e+00
5.566036701202392578e+00
5.067511558532714844e+00
4.398245811462402344e+00
3.639384031295776367e+00
1.884358406066894531e+00
1.626907825469970703e+00
1.743102908134460449e+00
4.096475124359130859e+00
4.534445762634277344e+00
4.433802604675292969e+00
4.743150711059570312e+00
4.384735107421875000e+00
3.717377185821533203e+00
3.100068092346191406e+00
2.749761819839477539e+00
3.342710494995117188e+00
2.173532962799072266e+00
3.101534128189086914e+00
2.226305484771728516e+00
3.069955587387084961e+00
3.112592935562133789e+00
3.985070466995239258e+00
4.489860534667968750e+00
4.695296764373779297e+00
4.997543811798095703e+00
5.039056777954101562e+00
4.428679943084716797e+00
3.982672691345214844e+00
3.391259908676147461e+00
1.117546319961547852e+00
6.818258762359619141e-01
1.366839885711669922e+00
1.184418678283691406e+00
4.581995487213134766e+00
3.450254499912261963e-01
8.566156029701232910e-01
1.257108211517333984e+00
2.630238533020019531e+00
3.601707696914672852e+00
3.588635683059692383e+00
3.970370769500732422e+00
5.079980373382568359e+00
5.848606109619140625e+00
5.457246780395507812e+00
4.878350734710693359e+00
4.014621257781982422e+00
1.739994168281555176e+00
1.708940505981445312e+00
2.043139457702636719e+00
4.400054454803466797e+00
4.821841239929199219e+00
4.872328281402587891e+00
5.078878402709960938e+00
4.575531005859375000e+00
3.733278989791870117e+00
2.850327014923095703e+00
2.465227842330932617e+00
2.983896970748901367e+00
1.777824878692626953e+00
2.717982292175292969e+00
1.899737954139709473e+00
2.733955621719360352e+00
2.798784494400024414e+00
3.849866628646850586e+00
4.472007751464843750e+00
4.670648574829101562e+00
4.921728134155273438e+00
5.003420352935791016e+00
4.387435436248779297e+00
3.918689966201782227e+00
3.343686580657958984e+00
7.924039959907531738e-01
3.771826624870300293e-01
1.126247167587280273e+00
7.940809726715087891e-01
4.639425277709960938e+00
6.509681344032287598e-01
9.998927116394042969e-01
2.193917989730834961e+00
3.129642963409423828e+00
3.221619367599487305e+00
3.598264932632446289e+00
4.637190341949462891e+00
5.372099876403808594e+00
4.931694507598876953e+00
4.316538333892822266e+00
3.482301950454711914e+00
1.402198076248168945e+00
1.211858749389648438e+00
1.456988573074340820e+00
3.918012380599975586e+00
4.360702514648437500e+00
4.352238655090332031e+00
4.572972774505615234e+00
4.133421421051025391e+00
3.311985731124877930e+00
2.613738536834716797e+00
2.314545869827270508e+00
2.990220308303833008e+00
1.949465394020080566e+00
2.842906713485717773e+00
1.965497732162475586e+00
2.764611959457397461e+00
2.753972768783569336e+00
3.577003479003906250e+00
4.116903781890869141e+00
4.278192520141601562e+00
4.591399192810058594e+00
4.688784599304199219e+00
4.129981040954589844e+00
3.664769887924194336e+00
3.096123218536376953e+00
9.935900568962097168e-01
8.749862909317016602e-01
1.507243394851684570e+00
1.375681519508361816e+00
4.268716335296630859e+00
2.886404991149902344e-01
1.789021849632263184e+00
2.811836004257202148e+00
2.844201803207397461e+00
3.419709920883178711e+00
4.468754768371582031e+00
5.193844795227050781e+00
4.751314640045166016e+00
4.112715721130371094e+00
3.132761001586914062e+00
5.870789289474487305e-01
8.858879804611206055e-01
1.130203723907470703e+00
3.377681255340576172e+00
3.763903379440307617e+00
3.955451011657714844e+00
4.135085582733154297e+00
3.597652912139892578e+00
2.550101757049560547e+00
1.792120099067687988e+00
1.567589402198791504e+00
2.189407348632812500e+00
1.255930542945861816e+00
2.020059108734130859e+00
1.188273429870605469e+00
1.913930058479309082e+00
1.898580908775329590e+00
2.771743059158325195e+00
3.362237691879272461e+00
3.505584001541137695e+00
3.799841642379760742e+00
3.919061660766601562e+00
3.376251935958862305e+00
2.904340267181396484e+00
2.358302116394042969e+00
4.067257940769195557e-01
1.022270679473876953e+00
1.484613537788391113e+00
1.517641663551330566e+00
3.626015424728393555e+00
1.215530991554260254e+00
2.246623992919921875e+00
2.249837875366210938e+00
2.809753417968750000e+00
3.864443063735961914e+00
4.601800441741943359e+00
4.192830562591552734e+00
3.616352558135986328e+00
2.640094757080078125e+00
3.204848468303680420e-01
1.265433669090270996e+00
1.251397728919982910e+00
2.952883720397949219e+00
3.332470893859863281e+00
3.505288600921630859e+00
3.644507169723510742e+00
3.093055486679077148e+00
2.262882232666015625e+00
1.648136258125305176e+00
1.761809468269348145e+00
2.298794507980346680e+00
1.492951989173889160e+00
2.093152761459350586e+00
1.234804511070251465e+00
1.839762449264526367e+00
1.751349449157714844e+00
2.448476791381835938e+00
2.955111980438232422e+00
3.169756412506103516e+00
3.446799278259277344e+00
3.511363267898559570e+00
2.945486068725585938e+00
2.495633602142333984e+00
1.916048526763916016e+00
9.085649251937866211e-01
1.410985231399536133e+00
1.805774331092834473e+00
1.935828924179077148e+00
3.142436981201171875e+00
7.618336677551269531e-01
8.505643606185913086e-01
1.461623072624206543e+00
2.408087491989135742e+00
3.110354185104370117e+00
2.740169525146484375e+00
2.296974658966064453e+00
1.375947117805480957e+00
1.232954025268554688e+00
2.487410306930541992e+00
1.995207905769348145e+00
1.688491940498352051e+00
1.935229539871215820e+00
2.209652662277221680e+00
2.273151636123657227e+00
1.651272773742675781e+00
1.045897126197814941e+00
2.113586664199829102e+00
2.951725959777832031e+00
3.328075408935546875e+00
2.857518911361694336e+00
2.831736326217651367e+00
2.289643526077270508e+00
2.259553194046020508e+00
1.996288657188415527e+00
1.266791701316833496e+00
1.486984491348266602e+00
1.816956400871276855e+00
1.959813475608825684e+00
1.963531255722045898e+00
1.487649798393249512e+00
1.141654610633850098e+00
6.871141791343688965e-01
2.551985979080200195e+00
2.684725761413574219e+00
2.942943096160888672e+00
3.138838529586791992e+00
1.598308682441711426e+00
1.336660087108612061e-01
4.679100811481475830e-01
1.421350359916687012e+00
2.074096202850341797e+00
1.786277651786804199e+00
1.534812092781066895e+00
9.537738561630249023e-01
2.329092741012573242e+00
3.482588529586791992e+00
2.867131471633911133e+00
1.265234351158142090e+00
1.511044144630432129e+00
1.566512823104858398e+00
1.520375251770019531e+00
9.493514299392700195e-01
1.434227943420410156e+00
3.168164014816284180e+00
4.066816806793212891e+00
4.341197967529296875e+00
3.811460018157958984e+00
3.715948104858398438e+00
3.199956178665161133e+00
3.134175539016723633e+00
2.864418745040893555e+00
1.818070411682128906e+00
1.397579789161682129e+00
1.858329772949218750e+00
2.079756021499633789e+00
1.869435310363769531e+00
1.364639163017272949e+00
1.426471590995788574e+00
1.196440458297729492e+00
3.500324010848999023e+00
3.571948289871215820e+00
3.759623289108276367e+00
3.970976591110229492e+00
1.032065272331237793e+00
2.892564833164215088e-01
1.198521137237548828e+00
1.956609487533569336e+00
1.827565312385559082e+00
1.720088601112365723e+00
1.197163343429565430e+00
2.455784559249877930e+00
3.644381523132324219e+00
3.100030660629272461e+00
1.601930022239685059e+00
1.791749477386474609e+00
1.789836764335632324e+00
1.736909508705139160e+00
1.241280913352966309e+00
1.785272002220153809e+00
3.354712486267089844e+00
4.195874691009521484e+00
4.443539142608642578e+00
3.725247621536254883e+00
3.628758668899536133e+00
3.149271726608276367e+00
3.079501628875732422e+00
2.866210699081420898e+00
1.998571872711181641e+00
1.680992245674133301e+00
2.175187349319458008e+00
2.285379648208618164e+00
2.057015657424926758e+00
1.569194436073303223e+00
1.560494065284729004e+00
1.304462790489196777e+00
3.395849227905273438e+00
3.465095520019531250e+00
3.552551507949829102e+00
3.787800073623657227e+00
1.191970109939575195e+00
6.283582448959350586e-01
1.404682755470275879e+00
1.423861980438232422e+00
1.559116005897521973e+00
1.308706760406494141e+00
3.157087087631225586e+00
4.234079837799072266e+00
3.648081064224243164e+00
1.688775539398193359e+00
1.791080355644226074e+00
1.729908227920532227e+00
1.567646026611328125e+00
1.226064801216125488e+00
2.228629112243652344e+00
4.029385089874267578e+00
4.912383556365966797e+00
5.148223876953125000e+00
4.323161125183105469e+00
4.255602836608886719e+00
3.752299070358276367e+00
3.747941017150878906e+00
3.582361221313476562e+00
2.553353548049926758e+00
1.985785722732543945e+00
2.481544256210327148e+00
2.578319072723388672e+00
2.259013652801513672e+00
1.806785941123962402e+00
2.074209451675415039e+00
1.948312520980834961e+00
3.844451427459716797e+00
3.797093629837036133e+00
3.865299701690673828e+00
4.088435649871826172e+00
1.169847011566162109e+00
5.650382637977600098e-01
8.807275295257568359e-01
1.652591347694396973e+00
1.906544327735900879e+00
4.121927261352539062e+00
5.188095569610595703e+00
4.566061973571777344e+00
2.352200746536254883e+00
2.314960241317749023e+00
2.124255418777465820e+00
1.867400169372558594e+00
1.887271404266357422e+00
3.113219261169433594e+00
4.981528759002685547e+00
5.873578548431396484e+00
6.048583507537841797e+00
5.365259647369384766e+00
5.230388164520263672e+00
4.733479499816894531e+00
4.688981056213378906e+00
4.463766574859619141e+00
3.400434255599975586e+00
2.744848251342773438e+00
3.191900730133056641e+00
3.240881443023681641e+00
2.808954000473022461e+00
2.494984865188598633e+00
2.863256216049194336e+00
2.833416700363159180e+00
4.974099636077880859e+00
4.932230949401855469e+00
5.000623226165771484e+00
5.224388122558593750e+00
1.686381101608276367e+00
5.177442431449890137e-01
1.489474773406982422e+00
2.071256637573242188e+00
4.810372352600097656e+00
5.809200763702392578e+00
5.106071949005126953e+00
2.531036853790283203e+00
2.326656103134155273e+00
2.080327510833740234e+00
1.746114253997802734e+00
2.124134302139282227e+00
3.504877567291259766e+00
5.620946884155273438e+00
6.565829753875732422e+00
6.756801128387451172e+00
6.181611537933349609e+00
6.037891387939453125e+00
5.559115409851074219e+00
5.473750114440917969e+00
5.211001873016357422e+00
3.950438022613525391e+00
3.121109247207641602e+00
3.473749876022338867e+00
3.558964014053344727e+00
3.035627126693725586e+00
2.886698961257934570e+00
3.461936712265014648e+00
3.515936374664306641e+00
5.800134658813476562e+00
5.752266407012939453e+00
5.856183528900146484e+00
6.074390888214111328e+00
2.079761505126953125e+00
6.721719503402709961e-01
1.266688346862792969e+00
4.364161968231201172e+00
5.213783264160156250e+00
4.437199115753173828e+00
1.863009810447692871e+00
1.669554948806762695e+00
1.357158780097961426e+00
1.143786072731018066e+00
1.725356101989746094e+00
3.025781869888305664e+00
5.248355388641357422e+00
6.150741577148437500e+00
6.517252445220947266e+00
5.997794628143310547e+00
5.930394649505615234e+00
5.375894546508789062e+00
5.350980281829833984e+00
5.069757938385009766e+00
3.703910589218139648e+00
2.816785097122192383e+00
3.143357753753662109e+00
3.343949079513549805e+00
2.875349998474121094e+00
2.700768709182739258e+00
3.310189247131347656e+00
3.349207639694213867e+00
5.530611515045166016e+00
5.470869541168212891e+00
5.672870159149169922e+00
5.873003005981445312e+00
1.997577190399169922e+00
3.891480267047882080e-01
3.703315496444702148e+00
4.397181034088134766e+00
3.561145305633544922e+00
1.107824563980102539e+00
1.056327342987060547e+00
6.400824785232543945e-01
5.368972420692443848e-01
1.318236827850341797e+00
2.418620824813842773e+00
4.678694725036621094e+00
5.501980304718017578e+00
6.041802883148193359e+00
5.544760227203369141e+00
5.569870471954345703e+00
4.974997043609619141e+00
4.985295295715332031e+00
4.690468311309814453e+00
3.284685373306274414e+00
2.412159681320190430e+00
2.691177368164062500e+00
2.995274543762207031e+00
2.604053258895874023e+00
2.402399301528930664e+00
2.921188592910766602e+00
2.940145969390869141e+00
5.034482002258300781e+00
5.003224372863769531e+00
5.289550781250000000e+00
5.471087455749511719e+00
1.925271391868591309e+00
2.673371553421020508e+00
3.478399276733398438e+00
2.690476179122924805e+00
5.513834357261657715e-01
6.024531126022338867e-01
3.238545060157775879e-01
5.782795548439025879e-01
9.415154457092285156e-01
1.514620304107666016e+00
3.650434732437133789e+00
4.470930099487304688e+00
5.019238948822021484e+00
4.545066356658935547e+00
4.603033065795898438e+00
3.992220878601074219e+00
4.029921531677246094e+00
3.745555162429809570e+00
2.482107877731323242e+00
1.822130680084228516e+00
2.101130723953247070e+00
2.522583961486816406e+00
2.231681585311889648e+00
1.937098503112792969e+00
2.170200347900390625e+00
2.088276386260986328e+00
4.054164886474609375e+00
4.136940956115722656e+00
4.429824352264404297e+00
4.616202354431152344e+00
1.603869438171386719e+00
1.337044715881347656e+00
1.272261977195739746e+00
2.734985828399658203e+00
3.058660030364990234e+00
3.385709762573242188e+00
3.552163362503051758e+00
2.988908290863037109e+00
1.689569354057312012e+00
1.142128825187683105e+00
1.493733406066894531e+00
2.147481679916381836e+00
1.692738056182861328e+00
2.073135852813720703e+00
1.318219661712646484e+00
1.727062463760375977e+00
1.577734231948852539e+00
1.948265552520751953e+00
2.586441040039062500e+00
2.654684543609619141e+00
2.984073400497436523e+00
3.140185832977294922e+00
2.643160820007324219e+00
2.138689517974853516e+00
1.689723491668701172e+00
1.272062063217163086e+00
1.894322872161865234e+00
2.257799386978149414e+00
2.413671255111694336e+00
2.938262462615966797e+00
5.709262490272521973e-01
3.597466468811035156e+00
4.028934478759765625e+00
4.148145675659179688e+00
4.409898757934570312e+00
4.048459053039550781e+00
2.802126646041870117e+00
1.894424796104431152e+00
1.670837879180908203e+00
2.674032211303710938e+00
2.454766273498535156e+00
3.083548545837402344e+00
2.465615510940551758e+00
2.965648651123046875e+00
2.839539289474487305e+00
3.294841527938842773e+00
3.799261569976806641e+00
3.805765390396118164e+00
4.243971347808837891e+00
4.349366664886474609e+00
4.042732715606689453e+00
3.477486610412597656e+00
3.125214576721191406e+00
1.892535090446472168e+00
2.297342538833618164e+00
2.903342723846435547e+00
2.750750780105590820e+00
4.194080352783203125e+00
2.791163206100463867e+00
3.263404607772827148e+00
3.293356180191040039e+00
3.586143493652343750e+00
3.321149110794067383e+00
2.243227958679199219e+00
2.195729970932006836e+00
2.293394565582275391e+00
3.244034051895141602e+00
2.898986816406250000e+00
3.498981714248657227e+00
2.741814136505126953e+00
3.222506523132324219e+00
3.044543743133544922e+00
2.973045110702514648e+00
3.227145195007324219e+00
3.232962846755981445e+00
3.748956680297851562e+00
3.772832393646240234e+00
3.535098314285278320e+00
3.053658485412597656e+00
2.757872819900512695e+00
2.242552280426025391e+00
2.567895174026489258e+00
3.121493577957153320e+00
3.077645778656005859e+00
3.618205785751342773e+00
2.972442209720611572e-01
3.164516687393188477e-01
5.513834357261657715e-01
3.257207870483398438e-01
1.084280490875244141e+00
3.474041700363159180e+00
4.423925876617431641e+00
4.853624343872070312e+00
4.711404323577880859e+00
4.627981185913085938e+00
4.154035568237304688e+00
4.018573760986328125e+00
3.657541275024414062e+00
2.060405492782592773e+00
1.216572284698486328e+00
1.378821730613708496e+00
1.765737652778625488e+00
1.513558626174926758e+00
1.334802031517028809e+00
1.767884254455566406e+00
1.827818036079406738e+00
4.321471691131591797e+00
4.570718288421630859e+00
4.858280658721923828e+00
5.051118850708007812e+00
1.135778307914733887e+00
1.335594505071640015e-01
3.130551278591156006e-01
4.281351864337921143e-01
1.238260626792907715e+00
3.625241041183471680e+00
4.666316032409667969e+00
4.980684757232666016e+00
4.919387817382812500e+00
4.804835319519042969e+00
4.352183818817138672e+00
4.185738086700439453e+00
3.801020383834838867e+00
2.090781688690185547e+00
1.151735067367553711e+00
1.135582923889160156e+00
1.575010895729064941e+00
1.300208210945129395e+00
1.312201976776123047e+00
1.802410483360290527e+00
1.938460826873779297e+00
4.649694442749023438e+00
4.955026626586914062e+00
5.193174839019775391e+00
5.401976108551025391e+00
1.186862707138061523e+00
1.334477216005325317e-01
7.746885418891906738e-01
1.707022786140441895e+00
4.108838081359863281e+00
5.070979118347167969e+00
5.502839088439941406e+00
5.348597049713134766e+00
5.278481960296630859e+00
4.786676883697509766e+00
4.669987201690673828e+00
4.311942100524902344e+00
2.684638738632202148e+00
1.767187952995300293e+00
1.838666319847106934e+00
2.254718542098999023e+00
1.910048365592956543e+00
1.889863729476928711e+00
2.384557723999023438e+00
2.471884965896606445e+00
4.918971061706542969e+00
5.034152030944824219e+00
5.324419498443603516e+00
5.519644737243652344e+00
1.613820314407348633e+00
6.833428740501403809e-01
1.898882865905761719e+00
4.278920650482177734e+00
5.260406970977783203e+00
5.621127128601074219e+00
5.390007972717285156e+00
5.289075851440429688e+00
4.818245887756347656e+00
4.677898883819580078e+00
4.329611778259277344e+00
2.729121923446655273e+00
1.773505687713623047e+00
1.957934260368347168e+00
2.275626182556152344e+00
1.882739424705505371e+00
1.792016029357910156e+00
2.383049249649047852e+00
2.481940746307373047e+00
5.018394470214843750e+00
5.169101715087890625e+00
5.407983303070068359e+00
5.613646030426025391e+00
1.381043910980224609e+00
1.234961152076721191e+00
3.595088481903076172e+00
4.644034385681152344e+00
4.885321617126464844e+00
4.662040710449218750e+00
4.534408569335937500e+00
4.111575126647949219e+00
3.919236898422241211e+00
3.552007198333740234e+00
1.883638739585876465e+00
9.010891318321228027e-01
1.191664576530456543e+00
1.281622290611267090e+00
8.141754865646362305e-01
7.716947793960571289e-01
1.490695238113403320e+00
1.704205751419067383e+00
4.402174472808837891e+00
4.621561050415039062e+00
4.808285236358642578e+00
5.029367446899414062e+00
4.148427546024322510e-01
2.063312292098999023e+00
3.121375083923339844e+00
3.463352680206298828e+00
3.541190385818481445e+00
3.458325147628784180e+00
2.968255996704101562e+00
2.864634513854980469e+00
2.473087072372436523e+00
7.427293658256530762e-01
3.686775267124176025e-01
3.455132246017456055e-01
7.328102588653564453e-01
8.603361248970031738e-01
8.335548043251037598e-01
6.292283535003662109e-01
7.993891835212707520e-01
3.375749826431274414e+00
3.883982896804809570e+00
4.157338619232177734e+00
4.358036518096923828e+00
1.146679282188415527e+00
8.856542706489562988e-01
1.274989008903503418e+00
1.868701696395874023e+00
1.884140968322753906e+00
1.481943607330322266e+00
1.612928986549377441e+00
1.340652704238891602e+00
1.728054642677307129e+00
2.643667697906494141e+00
2.747273206710815430e+00
2.873687028884887695e+00
3.095181226730346680e+00
2.794900655746459961e+00
2.275549650192260742e+00
2.063798427581787109e+00
2.156343221664428711e+00
2.976604938507080078e+00
3.121690034866333008e+00
3.439724683761596680e+00
3.294231891632080078e+00
3.293446600437164307e-01
1.371405839920043945e+00
1.351534008979797363e+00
1.361702799797058105e+00
1.463209033012390137e+00
1.521015048027038574e+00
2.804852008819580078e+00
3.815404176712036133e+00
3.942265510559082031e+00
4.015452861785888672e+00
4.199716091156005859e+00
3.835743188858032227e+00
3.381499290466308594e+00
3.141668558120727539e+00
1.780931115150451660e+00
2.671955347061157227e+00
2.683649063110351562e+00
3.021970510482788086e+00
4.391635417938232422e+00
1.299443721771240234e+00
1.066513895988464355e+00
1.334664225578308105e+00
1.372483611106872559e+00
1.417851090431213379e+00
2.719620227813720703e+00
3.769292593002319336e+00
3.969771623611450195e+00
3.896842002868652344e+00
4.040616512298583984e+00
3.731700658798217773e+00
3.321857929229736328e+00
3.143465042114257812e+00
2.029005289077758789e+00
2.862222194671630859e+00
2.754074573516845703e+00
3.197051286697387695e+00
4.356518268585205078e+00
3.203500509262084961e-01
2.860395908355712891e-01
6.336460709571838379e-01
1.039672732353210449e+00
2.854574203491210938e+00
3.934197664260864258e+00
4.192699909210205078e+00
4.116327285766601562e+00
4.174973011016845703e+00
3.603475570678710938e+00
3.135364532470703125e+00
2.807735919952392578e+00
8.234894275665283203e-01
1.346784472465515137e+00
1.291586041450500488e+00
1.714433789253234863e+00
4.174900531768798828e+00
3.819005489349365234e-01
3.308192789554595947e-01
8.001943230628967285e-01
2.592494964599609375e+00
3.705738306045532227e+00
3.969475746154785156e+00
3.848282337188720703e+00
3.877715826034545898e+00
3.332245826721191406e+00
2.891297101974487305e+00
2.642189502716064453e+00
1.665621399879455566e+00
2.239488124847412109e+00
1.898384332656860352e+00
2.551737546920776367e+00
3.943092823028564453e+00
3.295698463916778564e-01
5.167333483695983887e-01
2.291069746017456055e+00
3.356899499893188477e+00
3.611332893371582031e+00
3.547936677932739258e+00
3.621143102645874023e+00
3.059563636779785156e+00
2.584389209747314453e+00
2.263677358627319336e+00
9.573460221290588379e-01
1.439208388328552246e+00
1.376983761787414551e+00
1.804849267005920410e+00
3.627622365951538086e+00
3.015969395637512207e-01
1.972148656845092773e+00
3.084014177322387695e+00
3.349519014358520508e+00
3.235009193420410156e+00
3.271493196487426758e+00
2.716729640960693359e+00
2.268223524093627930e+00
2.027952432632446289e+00
1.752332687377929688e+00
2.325554609298706055e+00
2.098387718200683594e+00
2.677590370178222656e+00
3.323525667190551758e+00
1.530465483665466309e+00
2.637057065963745117e+00
2.899416208267211914e+00
2.782229185104370117e+00
2.839970111846923828e+00
2.322490453720092773e+00
1.878818392753601074e+00
1.670139789581298828e+00
1.895602345466613770e+00
2.498892307281494141e+00
2.379677534103393555e+00
2.877715826034545898e+00
2.944449424743652344e+00
7.773663401603698730e-01
1.031227469444274902e+00
1.005301713943481445e+00
1.152453541755676270e+00
8.196636438369750977e-01
4.113360941410064697e-01
3.523662686347961426e-01
3.214434146881103516e+00
3.755071401596069336e+00
3.783179521560668945e+00
4.111887454986572266e+00
1.411314487457275391e+00
1.334988027811050415e-01
3.154134452342987061e-01
2.545674145221710205e-01
2.738443911075592041e-01
5.339748263359069824e-01
8.708643317222595215e-01
4.070402145385742188e+00
4.502069473266601562e+00
4.668817043304443359e+00
4.901082992553710938e+00
6.186673641204833984e-01
1.326954960823059082e-01
3.593754470348358154e-01
6.012924313545227051e-01
8.083908557891845703e-01
1.135789632797241211e+00
4.244584560394287109e+00
4.744960308074951172e+00
4.952995300292968750e+00
5.175958633422851562e+00
1.051837086677551270e+00
3.352167904376983643e-01
5.587179660797119141e-01
7.626595497131347656e-01
1.131461977958679199e+00
4.385832309722900391e+00
4.892364501953125000e+00
5.001924514770507812e+00
5.271398067474365234e+00
1.069871664047241211e+00
3.322333395481109619e-01
8.048149943351745605e-01
1.240472912788391113e+00
4.476981163024902344e+00
4.933804035186767578e+00
4.977137565612792969e+00
5.275199890136718750e+00
7.244583368301391602e-01
3.282862901687622070e-01
7.815865278244018555e-01
3.853306770324707031e+00
4.262720108032226562e+00
4.284900665283203125e+00
4.581746101379394531e+00
3.261477649211883545e-01
2.966919839382171631e-01
3.360300302505493164e+00
3.794312715530395508e+00
3.836771488189697266e+00
4.127652645111083984e+00
9.133849143981933594e-01
2.845621585845947266e+00
3.237895488739013672e+00
3.339849948883056641e+00
3.585838079452514648e+00
1.224946022033691406e+00
2.900074124336242676e-01
6.759890913963317871e-01
7.488913536071777344e-01
4.250204563140869141e+00
3.272819817066192627e-01
3.294954895973205566e-01
4.586797714233398438e+00
1.335778832435607910e-01
4.665377616882324219e+00
4.914371013641357422e+00
