1.328198760747909546e-01
1.986358404159545898e+00
3.004503726959228516e+00
6.774994373321533203e+00
6.682325363159179688e+00
6.792963504791259766e+00
6.033754348754882812e+00
4.742663860321044922e+00
3.314951181411743164e+00
3.047672033309936523e+00
5.274414539337158203e+00
5.824497222900390625e+00
5.704773426055908203e+00
6.556605815887451172e+00
6.449910640716552734e+00
6.381746768951416016e+00
3.457370996475219727e+00
3.176644563674926758e+00
2.726645469665527344e+00
2.711387157440185547e+00
2.440230846405029297e+00
1.957999467849731445e+00
2.578823328018188477e+00
3.512052536010742188e+00
5.815951824188232422e+00
6.127848625183105469e+00
7.138797760009765625e+00
6.757807731628417969e+00
6.471604824066162109e+00
6.125813961029052734e+00
5.648748874664306641e+00
3.289906501770019531e+00
2.398554086685180664e+00
1.973401904106140137e+00
1.721907854080200195e+00
1.528559327125549316e+00
1.460747122764587402e+00
1.867817997932434082e+00
2.245475530624389648e+00
2.454009056091308594e+00
3.210479974746704102e+00
4.396614551544189453e+00
6.696366310119628906e+00
6.517011165618896484e+00
7.080789566040039062e+00
6.908693790435791016e+00
7.655066013336181641e+00
3.000523567199707031e+00
2.728088617324829102e+00
2.383810758590698242e+00
7.368379831314086914e-01
6.145454049110412598e-01
1.486698746681213379e+00
1.812902808189392090e+00
1.583381533622741699e+00
1.235723972320556641e+00
1.303776621818542480e+00
1.227075695991516113e+00
8.740932941436767578e-01
1.051939725875854492e+00
1.562142848968505859e+00
1.104980945587158203e+00
1.601653695106506348e+00
1.692949771881103516e+00
1.893096923828125000e+00
2.092247486114501953e+00
2.327699661254882812e+00
1.732475876808166504e+00
2.678090810775756836e+00
6.331761360168457031e+00
6.227365493774414062e+00
6.336520195007324219e+00
5.573399543762207031e+00
4.301660060882568359e+00
3.027666568756103516e+00
2.748782157897949219e+00
4.804996490478515625e+00
5.354856967926025391e+00
5.238598823547363281e+00
6.087708473205566406e+00
5.982625007629394531e+00
5.923294067382812500e+00
3.021529674530029297e+00
2.946448802947998047e+00
2.590904712677001953e+00
2.548844575881958008e+00
2.233005285263061523e+00
1.731248497962951660e+00
2.233852148056030273e+00
3.052742004394531250e+00
5.357287883758544922e+00
5.683377742767333984e+00
6.710257530212402344e+00
6.322015285491943359e+00
6.031784534454345703e+00
5.689650058746337891e+00
5.217277050018310547e+00
2.826597452163696289e+00
1.929333925247192383e+00
1.509203076362609863e+00
1.295920848846435547e+00
1.203923344612121582e+00
9.991794824600219727e-01
1.476516842842102051e+00
1.828581094741821289e+00
2.058339834213256836e+00
2.757935285568237305e+00
3.960669517517089844e+00
6.243400573730468750e+00
6.054870605468750000e+00
6.620534420013427734e+00
6.439613819122314453e+00
7.188447952270507812e+00
2.567300558090209961e+00
2.268591403961181641e+00
2.045768976211547852e+00
4.738207161426544189e-01
1.126397609710693359e+00
1.642311811447143555e+00
1.548248410224914551e+00
1.511643648147583008e+00
1.368340015411376953e+00
1.557470202445983887e+00
1.368178963661193848e+00
1.025762677192687988e+00
1.195331811904907227e+00
1.755790829658508301e+00
1.368040680885314941e+00
1.957002997398376465e+00
2.080766201019287109e+00
2.256153583526611328e+00
2.380961894989013672e+00
2.633767127990722656e+00
6.820508837699890137e-01
4.711251258850097656e+00
4.772666454315185547e+00
4.944096088409423828e+00
4.268337726593017578e+00
2.835044622421264648e+00
1.530591130256652832e+00
1.455042719841003418e+00
3.874041795730590820e+00
4.429676532745361328e+00
4.039214611053466797e+00
5.186156749725341797e+00
5.047559738159179688e+00
4.965169429779052734e+00
2.451966762542724609e+00
2.338178396224975586e+00
1.995194911956787109e+00
1.829749941825866699e+00
2.238287210464477539e+00
2.202675819396972656e+00
2.634035825729370117e+00
2.842131614685058594e+00
4.538513183593750000e+00
4.763620853424072266e+00
5.419577598571777344e+00
5.000922679901123047e+00
4.796019554138183594e+00
4.353993415832519531e+00
3.910697698593139648e+00
2.166988849639892578e+00
1.618615984916687012e+00
1.526821613311767578e+00
2.158447504043579102e+00
9.099244475364685059e-01
9.513701200485229492e-01
6.617212891578674316e-01
9.270941019058227539e-01
8.214213848114013672e-01
1.560868263244628906e+00
2.469612598419189453e+00
4.812015056610107422e+00
4.802708148956298828e+00
5.321912288665771484e+00
5.301895618438720703e+00
6.169935703277587891e+00
1.555331349372863770e+00
1.194819927215576172e+00
1.021051764488220215e+00
1.833984255790710449e+00
2.726114511489868164e+00
1.866402983665466309e+00
1.779032111167907715e+00
1.996059298515319824e+00
1.483471274375915527e+00
2.158734321594238281e+00
1.500832438468933105e+00
1.578993797302246094e+00
2.228373765945434570e+00
2.585315942764282227e+00
2.702982187271118164e+00
2.786543846130371094e+00
2.938080787658691406e+00
2.816962480545043945e+00
2.626395940780639648e+00
2.871128797531127930e+00
3.767928123474121094e+00
3.862319231033325195e+00
4.026039600372314453e+00
3.423199415206909180e+00
1.954515695571899414e+00
6.926683187484741211e-01
7.859786152839660645e-01
3.255128145217895508e+00
3.798881769180297852e+00
3.365540742874145508e+00
4.530657768249511719e+00
4.340158939361572266e+00
4.201110839843750000e+00
2.089267253875732422e+00
1.936114549636840820e+00
1.701077103614807129e+00
1.537673115730285645e+00
2.197843790054321289e+00
2.454222679138183594e+00
2.755678415298461914e+00
2.582678079605102539e+00
4.085844039916992188e+00
4.291533470153808594e+00
4.815091609954833984e+00
4.365555286407470703e+00
4.200842380523681641e+00
3.703235149383544922e+00
3.337804555892944336e+00
1.911102652549743652e+00
1.751783847808837891e+00
1.927000999450683594e+00
2.584986209869384766e+00
1.613789677619934082e+00
1.415581941604614258e+00
1.173665285110473633e+00
9.941588044166564941e-01
9.158453345298767090e-01
1.117537021636962891e+00
1.762526988983154297e+00
4.026924133300781250e+00
4.100310325622558594e+00
4.589745044708251953e+00
4.582834720611572266e+00
5.513761043548583984e+00
1.092565298080444336e+00
8.785745501518249512e-01
8.846533894538879395e-01
2.608188390731811523e+00
3.415231227874755859e+00
2.281535148620605469e+00
2.029304027557373047e+00
2.264951705932617188e+00
2.017492055892944336e+00
2.772171258926391602e+00
2.245949983596801758e+00
2.348637580871582031e+00
2.750730276107788086e+00
2.945825099945068359e+00
3.169441223144531250e+00
3.135439634323120117e+00
3.295101642608642578e+00
3.096757650375366211e+00
2.797334432601928711e+00
3.025160551071166992e+00
1.328412294387817383e-01
4.303143918514251709e-01
7.724898457527160645e-01
1.839181423187255859e+00
4.156843662261962891e+00
4.169165611267089844e+00
2.130152463912963867e+00
1.791993260383605957e+00
1.731957793235778809e+00
2.299712896347045898e+00
1.790659785270690918e+00
1.751240372657775879e+00
3.549829959869384766e+00
4.173823356628417969e+00
4.460808277130126953e+00
4.639040470123291016e+00
4.610236644744873047e+00
5.109707832336425781e+00
4.953009128570556641e+00
3.608271121978759766e+00
2.932186841964721680e+00
3.015992879867553711e+00
2.585239648818969727e+00
2.333905935287475586e+00
2.439877271652221680e+00
1.691430687904357910e+00
2.330011367797851562e+00
3.307799816131591797e+00
4.420704841613769531e+00
4.854776859283447266e+00
5.307463169097900391e+00
5.126805782318115234e+00
4.817042827606201172e+00
4.688219070434570312e+00
4.230451107025146484e+00
4.083527565002441406e+00
3.185137271881103516e+00
2.157045841217041016e+00
1.326142549514770508e+00
1.768679618835449219e+00
1.775739431381225586e+00
1.846995830535888672e+00
2.707535743713378906e+00
3.333167552947998047e+00
3.759399414062500000e+00
4.330504894256591797e+00
6.043099880218505859e+00
7.124913692474365234e+00
6.411438941955566406e+00
5.090911388397216797e+00
5.412705898284912109e+00
6.300816535949707031e+00
7.002411842346191406e+00
6.476352691650390625e+00
6.479035377502441406e+00
6.124865055084228516e+00
6.254592418670654297e+00
6.542648315429687500e+00
6.745247840881347656e+00
6.969628810882568359e+00
7.080503940582275391e+00
6.655149936676025391e+00
6.948181629180908203e+00
1.331520378589630127e-01
3.999675512313842773e-01
1.709588289260864258e+00
4.265046596527099609e+00
4.224798679351806641e+00
1.740977168083190918e+00
1.404470205307006836e+00
1.453701972961425781e+00
1.859607458114624023e+00
1.368487358093261719e+00
1.327431201934814453e+00
3.344619989395141602e+00
4.129798889160156250e+00
4.410110950469970703e+00
4.638204574584960938e+00
4.469065666198730469e+00
4.944356441497802734e+00
4.724231719970703125e+00
3.321959018707275391e+00
2.564412832260131836e+00
2.674900293350219727e+00
2.349066019058227539e+00
2.121737957000732422e+00
2.200015068054199219e+00
1.551208853721618652e+00
2.224576950073242188e+00
3.118472099304199219e+00
4.245476245880126953e+00
4.694745063781738281e+00
5.089756965637207031e+00
5.093684673309326172e+00
4.749188899993896484e+00
4.660381317138671875e+00
4.186515808105468750e+00
4.076632499694824219e+00
3.137423992156982422e+00
2.123012065887451172e+00
1.115583658218383789e+00
1.448428869247436523e+00
1.479735493659973145e+00
1.439428806304931641e+00
2.341762781143188477e+00
3.279546499252319336e+00
3.669909715652465820e+00
4.311901092529296875e+00
5.916010856628417969e+00
7.024937152862548828e+00
6.427128314971923828e+00
4.982129096984863281e+00
5.303689002990722656e+00
6.332449436187744141e+00
7.008720397949218750e+00
6.485949516296386719e+00
6.462922096252441406e+00
5.994973659515380859e+00
6.145901679992675781e+00
6.433381080627441406e+00
6.676630973815917969e+00
6.911120414733886719e+00
7.085052490234375000e+00
6.669723510742187500e+00
6.971336841583251953e+00
4.537926912307739258e-01
1.858202934265136719e+00
4.370346546173095703e+00
4.312173366546630859e+00
1.713855266571044922e+00
1.347337961196899414e+00
1.585178613662719727e+00
1.789587736129760742e+00
1.206609606742858887e+00
1.107250809669494629e+00
3.379461288452148438e+00
4.166150569915771484e+00
4.457705497741699219e+00
4.695551395416259766e+00
4.512774467468261719e+00
4.985403537750244141e+00
4.751936435699462891e+00
3.337860822677612305e+00
2.660452842712402344e+00
2.815182924270629883e+00
2.604180097579956055e+00
2.394094944000244141e+00
2.438729763031005859e+00
1.851978659629821777e+00
2.452083587646484375e+00
3.222487211227416992e+00
4.341309547424316406e+00
4.795609951019287109e+00
5.163468360900878906e+00
5.243824958801269531e+00
4.883871555328369141e+00
4.811257362365722656e+00
4.332094192504882812e+00
4.239162921905517578e+00
3.290235519409179688e+00
2.303420543670654297e+00
1.325411438941955566e+00
1.646944284439086914e+00
1.703377366065979004e+00
1.487185359001159668e+00
2.421256303787231445e+00
3.393573284149169922e+00
3.785744905471801758e+00
4.428702354431152344e+00
6.005655765533447266e+00
7.104576110839843750e+00
6.533239841461181641e+00
5.050956726074218750e+00
5.367012977600097656e+00
6.464487552642822266e+00
7.134539127349853516e+00
6.628803730010986328e+00
6.592911243438720703e+00
6.051190853118896484e+00
6.193999290466308594e+00
6.486107349395751953e+00
6.740877628326416016e+00
6.976982116699218750e+00
7.159585475921630859e+00
6.738280773162841797e+00
7.041913032531738281e+00
1.143427133560180664e+00
3.854357004165649414e+00
3.760456323623657227e+00
9.631662964820861816e-01
6.511898040771484375e-01
8.792465329170227051e-01
1.288921117782592773e+00
8.654912710189819336e-01
1.013617515563964844e+00
2.630172014236450195e+00
3.577750205993652344e+00
3.856319904327392578e+00
4.123896598815917969e+00
3.819827795028686523e+00
4.268500804901123047e+00
4.006882190704345703e+00
2.584353208541870117e+00
1.984845757484436035e+00
2.172868728637695312e+00
2.204771280288696289e+00
1.910791039466857910e+00
1.889189958572387695e+00
1.400113463401794434e+00
1.834185361862182617e+00
2.429091691970825195e+00
3.555967092514038086e+00
4.012463092803955078e+00
4.369893074035644531e+00
4.487483501434326172e+00
4.123136520385742188e+00
4.065672397613525391e+00
3.587137699127197266e+00
3.506963014602661133e+00
2.555654525756835938e+00
1.603059291839599609e+00
9.196079373359680176e-01
1.121308565139770508e+00
1.351716399192810059e+00
1.153621196746826172e+00
2.166629314422607422e+00
2.704431533813476562e+00
3.049788951873779297e+00
3.751957654953002930e+00
5.246039390563964844e+00
6.374288558959960938e+00
5.878158092498779297e+00
4.341791629791259766e+00
4.663712024688720703e+00
5.799709320068359375e+00
6.446539402008056641e+00
5.929678916931152344e+00
5.881695270538330078e+00
5.334283351898193359e+00
5.504024028778076172e+00
5.792675495147705078e+00
6.068403244018554688e+00
6.311327457427978516e+00
6.526276588439941406e+00
6.141347885131835938e+00
6.448433399200439453e+00
2.362374782562255859e+00
2.296679496765136719e+00
1.226119160652160645e+00
1.602403998374938965e+00
1.358557581901550293e+00
2.309053897857666016e+00
2.076427221298217773e+00
1.962507247924804688e+00
1.666804671287536621e+00
2.346776008605957031e+00
2.571820974349975586e+00
2.745990276336669922e+00
2.655534029006958008e+00
3.143919706344604492e+00
3.024087905883789062e+00
1.738774776458740234e+00
2.333620786666870117e+00
2.541248559951782227e+00
3.017592906951904297e+00
2.559237718582153320e+00
2.406837701797485352e+00
1.910844922065734863e+00
1.791511774063110352e+00
1.371438741683959961e+00
2.386268854141235352e+00
2.822180271148681641e+00
3.297134399414062500e+00
3.222957849502563477e+00
2.857186555862426758e+00
2.774018287658691406e+00
2.290220737457275391e+00
2.224361896514892578e+00
1.269086360931396484e+00
5.858426094055175781e-01
1.992090344429016113e+00
2.115786552429199219e+00
2.474524259567260742e+00
2.342683076858520508e+00
3.332060337066650391e+00
1.289928555488586426e+00
1.721958279609680176e+00
2.309620618820190430e+00
4.006793975830078125e+00
5.082568645477294922e+00
4.429172515869140625e+00
3.072464227676391602e+00
3.402096986770629883e+00
4.330004215240478516e+00
5.002212047576904297e+00
4.488645076751708984e+00
4.463114261627197266e+00
4.113564014434814453e+00
4.259729385375976562e+00
4.545527458190917969e+00
4.754105091094970703e+00
4.984585285186767578e+00
5.120550155639648438e+00
4.732222557067871094e+00
5.029344558715820312e+00
1.330844759941101074e-01
3.807572364807128906e+00
4.368201732635498047e+00
4.070528507232666016e+00
5.078797340393066406e+00
4.786347389221191406e+00
4.473160743713378906e+00
2.061997175216674805e+00
1.270556807518005371e+00
1.077821969985961914e+00
8.075411319732666016e-01
1.913864493370056152e+00
2.241651058197021484e+00
2.806050777435302734e+00
2.918934822082519531e+00
4.871879100799560547e+00
5.121849536895751953e+00
5.661391258239746094e+00
5.201183795928955078e+00
5.045948982238769531e+00
4.495014667510986328e+00
4.223396301269531250e+00
2.756347179412841797e+00
2.439568758010864258e+00
2.559972524642944336e+00
3.028680801391601562e+00
2.543052196502685547e+00
2.249136686325073242e+00
2.123661518096923828e+00
1.920187234878540039e+00
1.959548830986022949e+00
1.704195618629455566e+00
2.561779260635375977e+00
4.718806266784667969e+00
4.814361572265625000e+00
5.288838386535644531e+00
5.203277587890625000e+00
6.184793949127197266e+00
1.440477371215820312e+00
1.459638595581054688e+00
8.026823997497558594e-01
2.736799716949462891e+00
3.404087305068969727e+00
2.218508243560791016e+00
1.859983563423156738e+00
2.041269063949584961e+00
2.229439020156860352e+00
2.950977325439453125e+00
2.593525409698486328e+00
2.630136251449584961e+00
2.605530977249145508e+00
2.655045270919799805e+00
2.896274805068969727e+00
2.819989919662475586e+00
2.995953798294067383e+00
2.864668369293212891e+00
2.438464641571044922e+00
2.701437711715698242e+00
3.638073921203613281e+00
4.216809749603271484e+00
4.008170127868652344e+00
4.919086933135986328e+00
4.606634616851806641e+00
4.268030166625976562e+00
1.783931136131286621e+00
9.944436550140380859e-01
8.127015829086303711e-01
5.871530771255493164e-01
1.633217930793762207e+00
2.005617380142211914e+00
2.531718015670776367e+00
2.657553195953369141e+00
4.766523838043212891e+00
5.048123359680175781e+00
5.683524131774902344e+00
5.221224784851074219e+00
5.042892932891845703e+00
4.538511753082275391e+00
4.227123260498046875e+00
2.600831747055053711e+00
2.196697473526000977e+00
2.307342529296875000e+00
2.804180383682250977e+00
2.360042333602905273e+00
2.018218040466308594e+00
1.962602138519287109e+00
1.773039460182189941e+00
1.859495162963867188e+00
1.544243454933166504e+00
2.549650669097900391e+00
4.739535331726074219e+00
4.780468940734863281e+00
5.270077705383300781e+00
5.118653297424316406e+00
6.095520496368408203e+00
1.275978803634643555e+00
1.264752507209777832e+00
5.841642022132873535e-01
2.444635868072509766e+00
3.160346746444702148e+00
2.098831892013549805e+00
1.577163100242614746e+00
1.774036645889282227e+00
2.109811067581176758e+00
2.773729562759399414e+00
2.422454118728637695e+00
2.410320997238159180e+00
2.361634731292724609e+00
2.428515434265136719e+00
2.675575494766235352e+00
2.650812387466430664e+00
2.829842805862426758e+00
2.751863718032836914e+00
2.394155979156494141e+00
2.627415180206298828e+00
2.888115346431732178e-01
4.829254150390625000e-01
9.372947812080383301e-01
7.513013482093811035e-01
1.094424486160278320e+00
1.869843721389770508e+00
3.292693376541137695e+00
3.567412137985229492e+00
3.892720460891723633e+00
3.256499528884887695e+00
3.587231636047363281e+00
3.168828487396240234e+00
1.587670445442199707e+00
1.351326942443847656e+00
1.698075413703918457e+00
2.454063653945922852e+00
2.134785175323486328e+00
1.907155394554138184e+00
1.759351968765258789e+00
1.699200391769409180e+00
1.554322957992553711e+00
2.714337587356567383e+00
3.101884603500366211e+00
3.373032331466674805e+00
3.778851032257080078e+00
3.420570611953735352e+00
3.430518865585327148e+00
2.985810995101928711e+00
2.951433658599853516e+00
2.095328092575073242e+00
1.138033628463745117e+00
1.626978516578674316e+00
1.353346228599548340e+00
1.833407163619995117e+00
1.379094481468200684e+00
2.241499900817871094e+00
2.305469751358032227e+00
2.488213539123535156e+00
3.371033191680908203e+00
4.473945617675781250e+00
5.672228813171386719e+00
5.422024250030517578e+00
3.752341270446777344e+00
4.068600654602050781e+00
5.303824901580810547e+00
5.930617332458496094e+00
5.406964778900146484e+00
5.315241336822509766e+00
4.654475688934326172e+00
4.877241134643554688e+00
5.170720100402832031e+00
5.526170253753662109e+00
5.785718917846679688e+00
6.085943222045898438e+00
5.787005424499511719e+00
6.095593929290771484e+00
1.329602450132369995e-01
4.771281480789184570e-01
4.506086707115173340e-01
1.042994856834411621e+00
2.437243938446044922e+00
3.863812208175659180e+00
4.146585941314697266e+00
4.474708080291748047e+00
3.832146644592285156e+00
4.149899482727050781e+00
3.698384761810302734e+00
2.109886407852172852e+00
1.105048060417175293e+00
1.432069182395935059e+00
2.054016351699829102e+00
1.855695843696594238e+00
1.648800015449523926e+00
1.619184494018554688e+00
1.669598460197448730e+00
2.087122917175292969e+00
3.262071847915649414e+00
3.601024627685546875e+00
3.859173536300659180e+00
4.305501461029052734e+00
3.970261096954345703e+00
3.975561380386352539e+00
3.542749881744384766e+00
3.490113258361816406e+00
2.645844221115112305e+00
1.577294826507568359e+00
1.363432407379150391e+00
1.054934859275817871e+00
1.437557339668273926e+00
8.780063986778259277e-01
1.652944207191467285e+00
2.897969961166381836e+00
3.065603971481323242e+00
3.964105129241943359e+00
5.030029296875000000e+00
6.237489223480224609e+00
6.014349460601806641e+00
4.336500644683837891e+00
4.649041652679443359e+00
5.892625808715820312e+00
6.515233516693115234e+00
5.983196735382080078e+00
5.893506050109863281e+00
5.220093727111816406e+00
5.440985202789306641e+00
5.739859580993652344e+00
6.106827735900878906e+00
6.367661476135253906e+00
6.677188396453857422e+00
6.380351543426513672e+00
6.689581871032714844e+00
6.747621297836303711e-01
8.693180084228515625e-01
1.460448026657104492e+00
2.571088075637817383e+00
3.905296802520751953e+00
4.148456573486328125e+00
4.399900913238525391e+00
3.916599035263061523e+00
4.261157035827636719e+00
3.881938695907592773e+00
2.274674892425537109e+00
8.088136315345764160e-01
1.078447461128234863e+00
1.748064517974853516e+00
1.355137467384338379e+00
1.186306357383728027e+00
9.497072696685791016e-01
9.589607119560241699e-01
1.935093402862548828e+00
3.142383337020874023e+00
3.543201923370361328e+00
3.889122009277343750e+00
4.012815952301025391e+00
3.735051393508911133e+00
3.671453714370727539e+00
3.250116586685180664e+00
3.123064994812011719e+00
2.290920972824096680e+00
1.127925753593444824e+00
8.968827724456787109e-01
6.460927128791809082e-01
1.174951791763305664e+00
8.127283453941345215e-01
1.493406772613525391e+00
2.734074354171752930e+00
2.897253513336181641e+00
3.769896507263183594e+00
4.983715534210205078e+00
6.221606731414794922e+00
5.847605705261230469e+00
4.339119911193847656e+00
4.671675205230712891e+00
5.689356327056884766e+00
6.313058853149414062e+00
5.726237297058105469e+00
5.685937881469726562e+00
5.279346466064453125e+00
5.529829502105712891e+00
5.797179222106933594e+00
6.119437217712402344e+00
6.372568607330322266e+00
6.612637996673583984e+00
6.349340915679931641e+00
6.590434074401855469e+00
4.206008315086364746e-01
1.272862434387207031e+00
3.117487668991088867e+00
4.516956329345703125e+00
4.817306041717529297e+00
5.151083946228027344e+00
4.482530593872070312e+00
4.776312351226806641e+00
4.269295692443847656e+00
2.784270763397216797e+00
1.143459558486938477e+00
1.573143959045410156e+00
2.097909212112426758e+00
2.065654516220092773e+00
1.903211712837219238e+00
1.990189433097839355e+00
2.072537899017333984e+00
2.840387821197509766e+00
3.998781919479370117e+00
4.308760643005371094e+00
4.511474132537841797e+00
5.055889129638671875e+00
4.724719524383544922e+00
4.733734130859375000e+00
4.303273200988769531e+00
4.248146533966064453e+00
3.399513006210327148e+00
2.302985906600952148e+00
1.585635781288146973e+00
1.211178541183471680e+00
1.502911806106567383e+00
7.717640995979309082e-01
1.247509360313415527e+00
3.641078233718872070e+00
3.820628881454467773e+00
4.703161716461181641e+00
5.739060878753662109e+00
6.916414260864257812e+00
6.755474090576171875e+00
5.033550262451171875e+00
5.326770305633544922e+00
6.637375354766845703e+00
7.265324592590332031e+00
6.740600585937500000e+00
6.646009445190429688e+00
5.862380504608154297e+00
6.104889869689941406e+00
6.372030258178710938e+00
6.769213676452636719e+00
7.032229900360107422e+00
7.383404254913330078e+00
7.088779926300048828e+00
7.401127338409423828e+00
6.213277578353881836e-01
2.919006347656250000e+00
4.163070201873779297e+00
4.473327636718750000e+00
4.808167934417724609e+00
4.234251022338867188e+00
4.588571071624755859e+00
4.166879177093505859e+00
2.692491292953491211e+00
1.705844640731811523e+00
2.027843952178955078e+00
2.363750219345092773e+00
2.269732952117919922e+00
2.147531747817993164e+00
2.069697618484497070e+00
2.298099994659423828e+00
2.784422636032104492e+00
3.938435077667236328e+00
4.282868862152099609e+00
4.506912231445312500e+00
5.008821010589599609e+00
4.638230323791503906e+00
4.651505470275878906e+00
4.196103096008300781e+00
4.162277221679687500e+00
3.266721725463867188e+00
2.300637006759643555e+00
1.499689698219299316e+00
1.360299944877624512e+00
1.597377419471740723e+00
8.388350605964660645e-01
1.625091910362243652e+00
3.408769130706787109e+00
3.672642707824707031e+00
4.463094234466552734e+00
5.615429401397705078e+00
6.767216682434082031e+00
6.530434131622314453e+00
4.804592609405517578e+00
5.105057239532470703e+00
6.432811260223388672e+00
7.078905105590820312e+00
6.584145069122314453e+00
6.484304428100585938e+00
5.689807415008544922e+00
5.905002593994140625e+00
6.177508831024169922e+00
6.539653301239013672e+00
6.797147750854492188e+00
7.112939834594726562e+00
6.875801086425781250e+00
7.106549263000488281e+00
2.758999347686767578e+00
3.756194353103637695e+00
4.080535411834716797e+00
4.411293983459472656e+00
3.948502540588378906e+00
4.354123115539550781e+00
3.995106935501098633e+00
2.608199834823608398e+00
2.436206579208374023e+00
2.771918773651123047e+00
2.999521493911743164e+00
2.840098381042480469e+00
2.760984897613525391e+00
2.500723123550415039e+00
2.788727283477783203e+00
2.898308753967285156e+00
3.907344818115234375e+00
4.365250110626220703e+00
4.571009635925292969e+00
5.053015708923339844e+00
4.634864330291748047e+00
4.655592441558837891e+00
4.177541732788085938e+00
4.176669597625732422e+00
3.250112771987915039e+00
2.427508115768432617e+00
1.928975820541381836e+00
1.954110503196716309e+00
2.127789974212646484e+00
1.484456300735473633e+00
2.364350080490112305e+00
3.206692457199096680e+00
3.546854019165039062e+00
4.239270687103271484e+00
5.516003131866455078e+00
6.586174011230468750e+00
6.287330150604248047e+00
4.564687728881835938e+00
4.851751327514648438e+00
6.225632190704345703e+00
6.891661643981933594e+00
6.447315216064453125e+00
6.339741230010986328e+00
5.463036537170410156e+00
5.574931621551513672e+00
5.905279159545898438e+00
6.223237514495849609e+00
6.488500118255615234e+00
6.790458202362060547e+00
6.438343048095703125e+00
6.756697654724121094e+00
1.106601476669311523e+00
1.348484754562377930e+00
1.678202748298645020e+00
9.805120825767517090e-01
1.429675698280334473e+00
1.291750788688659668e+00
3.540040850639343262e-01
2.928702354431152344e+00
3.335424423217773438e+00
4.388520240783691406e+00
3.962676048278808594e+00
3.681550264358520508e+00
3.372681379318237305e+00
3.018589258193969727e+00
9.586635828018188477e-01
1.143342614173889160e+00
1.554226517677307129e+00
1.852855563163757324e+00
2.378803968429565430e+00
1.892849564552307129e+00
2.017326354980468750e+00
1.603145956993103027e+00
1.782104611396789551e+00
9.129792451858520508e-01
1.687667608261108398e+00
3.614117383956909180e+00
3.393085479736328125e+00
3.939540386199951172e+00
3.589328765869140625e+00
4.414453983306884766e+00
6.939030885696411133e-01
8.979274630546569824e-01
1.454203724861145020e+00
2.584079265594482422e+00
3.589389324188232422e+00
3.309776544570922852e+00
1.542237401008605957e+00
1.843860507011413574e+00
3.233516216278076172e+00
3.907673120498657227e+00
3.532235145568847656e+00
3.378266334533691406e+00
2.497161865234375000e+00
2.658588886260986328e+00
2.952295064926147461e+00
3.269008874893188477e+00
3.523336648941040039e+00
3.830593824386596680e+00
3.536086797714233398e+00
3.851015806198120117e+00
1.328879743814468384e-01
4.397409260272979736e-01
8.506655097007751465e-01
1.384657979011535645e+00
1.742157220840454102e+00
1.991416811943054199e+00
4.550797462463378906e+00
4.916098594665527344e+00
5.748864650726318359e+00
5.293665409088134766e+00
5.076120376586914062e+00
4.684387207031250000e+00
4.361534595489501953e+00
2.485740184783935547e+00
2.128463268280029297e+00
2.285712957382202148e+00
2.565094470977783203e+00
2.862922191619873047e+00
2.389045715332031250e+00
2.479926347732543945e+00
2.165350675582885742e+00
2.353313684463500977e+00
1.765399694442749023e+00
2.786878108978271484e+00
4.763327121734619141e+00
4.699806213378906250e+00
5.201843261718750000e+00
4.895072460174560547e+00
5.832962512969970703e+00
1.265859603881835938e+00
1.561616778373718262e+00
1.171812534332275391e+00
2.442624807357788086e+00
3.101020574569702148e+00
2.511209964752197266e+00
1.225733518600463867e+00
1.385104775428771973e+00
2.579236268997192383e+00
3.252366065979003906e+00
3.055648326873779297e+00
2.884143829345703125e+00
2.071714639663696289e+00
2.018769741058349609e+00
2.290939331054687500e+00
2.379647493362426758e+00
2.633054733276367188e+00
2.839614152908325195e+00
2.448954820632934570e+00
2.767028093338012695e+00
1.330589652061462402e-01
7.075029611587524414e-01
1.095470905303955078e+00
1.700996994972229004e+00
2.227101564407348633e+00
4.785741329193115234e+00
5.143970012664794922e+00
5.969668865203857422e+00
5.511981487274169922e+00
5.294675827026367188e+00
4.891397953033447266e+00
4.551242351531982422e+00
2.656419754028320312e+00
2.149461030960083008e+00
2.200757026672363281e+00
2.371855020523071289e+00
2.617735862731933594e+00
2.143714666366577148e+00
2.269251108169555664e+00
1.979347229003906250e+00
2.190469264984130859e+00
1.830503344535827637e+00
2.941586732864379883e+00
5.011924266815185547e+00
4.950235366821289062e+00
5.457397937774658203e+00
5.174921035766601562e+00
6.115349292755126953e+00
1.382931947708129883e+00
1.557509541511535645e+00
8.715342283248901367e-01
2.053690671920776367e+00
2.554812192916870117e+00
2.046285390853881836e+00
9.114629626274108887e-01
9.581271409988403320e-01
2.139745712280273438e+00
2.795620679855346680e+00
2.656662940979003906e+00
2.485407829284667969e+00
1.568711757659912109e+00
1.446531772613525391e+00
1.705925941467285156e+00
1.756799101829528809e+00
1.993462204933166504e+00
2.225958108901977539e+00
1.890400648117065430e+00
2.190293312072753906e+00
1.041051745414733887e+00
1.371670722961425781e+00
2.033370256423950195e+00
2.548417329788208008e+00
5.076807975769042969e+00
5.406764984130859375e+00
6.161572933197021484e+00
5.699714183807373047e+00
5.497218608856201172e+00
5.056849002838134766e+00
4.711544990539550781e+00
2.909900903701782227e+00
2.329468488693237305e+00
2.349964141845703125e+00
2.553176164627075195e+00
2.580638408660888672e+00
2.176205158233642578e+00
2.270093679428100586e+00
2.049914360046386719e+00
2.240161895751953125e+00
1.927112817764282227e+00
3.051228761672973633e+00
5.217330455780029297e+00
5.196983337402343750e+00
5.700978279113769531e+00
5.473895549774169922e+00
6.431757926940917969e+00
1.518943548202514648e+00
1.627914071083068848e+00
8.159779310226440430e-01
2.100608587265014648e+00
2.629104852676391602e+00
1.731712460517883301e+00
1.105948448181152344e+00
1.163336157798767090e+00
1.857130527496337891e+00
2.498059034347534180e+00
2.329941987991333008e+00
2.192454576492309570e+00
1.735439062118530273e+00
1.698153853416442871e+00
1.932873606681823730e+00
1.847017407417297363e+00
2.051270484924316406e+00
2.104919910430908203e+00
1.656296253204345703e+00
1.966215014457702637e+00
3.386384546756744385e-01
6.611495614051818848e-01
1.540793776512145996e+00
4.347517013549804688e+00
4.740796566009521484e+00
5.736341476440429688e+00
5.294340133666992188e+00
5.032186508178710938e+00
4.675867080688476562e+00
4.307168483734130859e+00
2.181573867797851562e+00
1.515171527862548828e+00
1.557412028312683105e+00
1.601018548011779785e+00
2.357137680053710938e+00
1.715288996696472168e+00
2.058752298355102539e+00
1.790178537368774414e+00
2.038715362548828125e+00
1.612716555595397949e+00
2.826718568801879883e+00
4.900203704833984375e+00
4.744610786437988281e+00
5.282470226287841797e+00
4.955026149749755859e+00
5.821385860443115234e+00
1.204914212226867676e+00
1.311323046684265137e+00
1.271046042442321777e+00
1.668129444122314453e+00
2.365459918975830078e+00
2.345789432525634766e+00
5.780903697013854980e-01
6.456852555274963379e-01
2.291962862014770508e+00
2.955732107162475586e+00
2.795369863510131836e+00
2.525338172912597656e+00
1.200026273727416992e+00
1.276985764503479004e+00
1.592640638351440430e+00
1.953173875808715820e+00
2.212839603424072266e+00
2.611584663391113281e+00
2.438265562057495117e+00
2.703514099121093750e+00
5.859111547470092773e-01
1.778435468673706055e+00
4.550806045532226562e+00
4.964648246765136719e+00
6.043465614318847656e+00
5.612860679626464844e+00
5.329371929168701172e+00
4.995743274688720703e+00
4.605319023132324219e+00
2.351721763610839844e+00
1.551648497581481934e+00
1.463050127029418945e+00
1.254053115844726562e+00
2.093400239944458008e+00
1.442068576812744141e+00
1.909430384635925293e+00
1.822481751441955566e+00
2.120061635971069336e+00
1.932448267936706543e+00
3.184817314147949219e+00
5.288763046264648438e+00
5.093684673309326172e+00
5.643578052520751953e+00
5.305870532989501953e+00
6.123738288879394531e+00
1.609444499015808105e+00
1.502888560295104980e+00
1.465949058532714844e+00
1.174648761749267578e+00
1.915099859237670898e+00
2.015979766845703125e+00
3.297916054725646973e-01
3.074873685836791992e-01
1.930698156356811523e+00
2.571835994720458984e+00
2.430417299270629883e+00
2.133238077163696289e+00
7.691553235054016113e-01
9.711705446243286133e-01
1.241078734397888184e+00
1.635415792465209961e+00
1.902992367744445801e+00
2.338829755783081055e+00
2.283883810043334961e+00
2.514054059982299805e+00
1.283893227577209473e+00
3.996498823165893555e+00
4.456940174102783203e+00
5.628976345062255859e+00
5.218687534332275391e+00
4.912407398223876953e+00
4.626173496246337891e+00
4.241692066192626953e+00
1.962607264518737793e+00
1.287087440490722656e+00
1.301113724708557129e+00
1.141571521759033203e+00
2.335321903228759766e+00
1.689410448074340820e+00
2.079234838485717773e+00
1.932746529579162598e+00
2.176041603088378906e+00
1.856620430946350098e+00
2.956646203994750977e+00
4.954626560211181641e+00
4.699985980987548828e+00
5.253454208374023438e+00
4.882798194885253906e+00
5.633919715881347656e+00
1.671012401580810547e+00
1.424593329429626465e+00
1.954019546508789062e+00
1.704645872116088867e+00
2.649162054061889648e+00
2.986172676086425781e+00
1.166662573814392090e+00
1.322174906730651855e+00
2.850295543670654297e+00
3.465236663818359375e+00
3.200817823410034180e+00
2.941723585128784180e+00
1.587522745132446289e+00
1.759628057479858398e+00
2.084546327590942383e+00
2.571795463562011719e+00
2.836990356445312500e+00
3.334813833236694336e+00
3.239812374114990234e+00
3.528158426284790039e+00
2.415069341659545898e+00
2.852382421493530273e+00
4.009006500244140625e+00
3.606036901473999023e+00
3.296887159347534180e+00
3.039333105087280273e+00
2.691636562347412109e+00
6.852272748947143555e-01
1.098973751068115234e+00
1.393657565116882324e+00
1.531439065933227539e+00
2.417500257492065430e+00
2.004771232604980469e+00
2.181545257568359375e+00
1.853123784065246582e+00
1.989562869071960449e+00
1.296552419662475586e+00
1.568203330039978027e+00
3.369681119918823242e+00
3.078400373458862305e+00
3.633885145187377930e+00
3.280612707138061523e+00
4.027824401855468750e+00
1.350203037261962891e+00
1.194281101226806641e+00
2.220173358917236328e+00
2.671862125396728516e+00
3.866110563278198242e+00
3.916213989257812500e+00
2.091546535491943359e+00
2.357360363006591797e+00
3.759315013885498047e+00
4.371840000152587891e+00
3.923657655715942383e+00
3.751495361328125000e+00
2.849150419235229492e+00
3.058323144912719727e+00
3.369049310684204102e+00
3.788478374481201172e+00
4.055271148681640625e+00
4.453599929809570312e+00
4.245368480682373047e+00
4.552554607391357422e+00
3.133279085159301758e-01
1.571706533432006836e+00
1.417719841003417969e+00
1.092957496643066406e+00
1.316821813583374023e+00
1.190262436866760254e+00
2.224390983581542969e+00
3.203573703765869141e+00
3.507666587829589844e+00
3.786942481994628906e+00
4.190189838409423828e+00
3.975951910018920898e+00
3.966681480407714844e+00
3.627802133560180664e+00
3.524564981460571289e+00
2.892607450485229492e+00
1.831474542617797852e+00
1.676696062088012695e+00
1.224561810493469238e+00
1.485285043716430664e+00
1.297103524208068848e+00
1.582920312881469727e+00
3.322110652923583984e+00
3.292745351791381836e+00
4.353979587554931641e+00
5.129099369049072266e+00
6.409632205963134766e+00
6.278024196624755859e+00
4.724216461181640625e+00
5.034778594970703125e+00
6.110189437866210938e+00
6.668977737426757812e+00
6.075134754180908203e+00
6.004218101501464844e+00
5.529962062835693359e+00
5.822917938232421875e+00
6.040345191955566406e+00
6.480203628540039062e+00
6.742440223693847656e+00
7.055017948150634766e+00
6.817303180694580078e+00
7.109337329864501953e+00
1.350502967834472656e+00
1.244287014007568359e+00
8.786089420318603516e-01
1.145849227905273438e+00
9.891226887702941895e-01
2.555674552917480469e+00
3.533851623535156250e+00
3.846341848373413086e+00
4.129291057586669922e+00
4.447851657867431641e+00
4.266894340515136719e+00
4.229332447052001953e+00
3.902121543884277344e+00
3.766172885894775391e+00
3.148649930953979492e+00
2.034848928451538086e+00
1.646086573600769043e+00
1.248534679412841797e+00
1.458948373794555664e+00
1.332551836967468262e+00
1.483235239982604980e+00
3.642232894897460938e+00
3.618273973464965820e+00
4.661162376403808594e+00
5.484344959259033203e+00
6.774161338806152344e+00
6.593572139739990234e+00
5.099043369293212891e+00
5.415345191955566406e+00
6.405441761016845703e+00
6.968103408813476562e+00
6.351740360260009766e+00
6.301513195037841797e+00
5.921007156372070312e+00
6.232431888580322266e+00
6.427462100982666016e+00
6.856568813323974609e+00
7.116190433502197266e+00
7.405646800994873047e+00
7.158342361450195312e+00
7.446474552154541016e+00
1.327574253082275391e-01
3.656587004661560059e-01
7.839275002479553223e-01
8.955287933349609375e-01
3.572239160537719727e+00
4.614983081817626953e+00
4.997942924499511719e+00
5.367155551910400391e+00
5.324584960937500000e+00
5.187528133392333984e+00
5.070589542388916016e+00
4.740798950195312500e+00
4.532427787780761719e+00
3.881985425949096680e+00
2.719797372817993164e+00
1.065874218940734863e+00
1.005153059959411621e+00
7.135975956916809082e-01
9.878098368644714355e-01
1.346881985664367676e+00
4.470561981201171875e+00
4.548122406005859375e+00
5.444925785064697266e+00
6.558100223541259766e+00
7.841622829437255859e+00
7.448464393615722656e+00
6.091777801513671875e+00
6.426097869873046875e+00
7.183000087738037109e+00
7.819393634796142578e+00
7.163132190704345703e+00
7.173032283782958984e+00
7.003685951232910156e+00
7.282753944396972656e+00
7.507189750671386719e+00
7.855650901794433594e+00
8.105045318603515625e+00
8.290295600891113281e+00
8.003150939941406250e+00
8.285524368286132812e+00
1.324384510517120361e-01
3.730778694152832031e-01
6.279568076133728027e-01
3.152613878250122070e+00
4.228833675384521484e+00
4.624090671539306641e+00
4.999473094940185547e+00
4.949486732482910156e+00
4.784756183624267578e+00
4.669112682342529297e+00
4.317356109619140625e+00
4.116344451904296875e+00
3.431035518646240234e+00
2.267954349517822266e+00
8.281803727149963379e-01
7.200002670288085938e-01
7.651763558387756348e-01
1.035520911216735840e+00
1.595241904258728027e+00
4.016852855682373047e+00
4.109927177429199219e+00
4.989781856536865234e+00
6.151773929595947266e+00
7.425179481506347656e+00
7.007900238037109375e+00
5.650113582611083984e+00
5.985976219177246094e+00
6.757615089416503906e+00
7.401230335235595703e+00
6.755678176879882812e+00
6.761134624481201172e+00
6.574892997741699219e+00
6.846362590789794922e+00
7.078629016876220703e+00
7.413589000701904297e+00
7.661879062652587891e+00
7.841193675994873047e+00
7.548147678375244141e+00
7.831292152404785156e+00
3.175332844257354736e-01
5.547436475753784180e-01
2.857145309448242188e+00
3.920210838317871094e+00
4.304184436798095703e+00
4.669219970703125000e+00
4.682318687438964844e+00
4.513883113861083984e+00
4.414223670959472656e+00
4.066705703735351562e+00
3.878166198730468750e+00
3.206145524978637695e+00
2.035112142562866211e+00
9.571632146835327148e-01
7.547565102577209473e-01
8.236137032508850098e-01
9.802880287170410156e-01
1.483375668525695801e+00
3.781660079956054688e+00
3.844777822494506836e+00
4.768965721130371094e+00
5.856748104095458984e+00
7.137003898620605469e+00
6.770940780639648438e+00
5.384121417999267578e+00
5.716924190521240234e+00
6.532934665679931641e+00
7.159045696258544922e+00
6.517941951751708984e+00
6.510953426361083984e+00
6.288465499877929688e+00
6.570673942565917969e+00
6.792941570281982422e+00
7.149650096893310547e+00
7.400710105895996094e+00
7.604672908782958984e+00
7.322604179382324219e+00
7.606847763061523438e+00
3.201047480106353760e-01
2.530473709106445312e+00
3.613823890686035156e+00
4.022496223449707031e+00
4.412716388702392578e+00
4.317996501922607422e+00
4.142526149749755859e+00
4.024510860443115234e+00
3.666122674942016602e+00
3.466401576995849609e+00
2.777803182601928711e+00
1.624058723449707031e+00
4.412883818149566650e-01
6.235147714614868164e-01
9.116565585136413574e-01
1.200993061065673828e+00
2.013849735260009766e+00
3.375810146331787109e+00
3.464796781539916992e+00
4.339583396911621094e+00
5.519057750701904297e+00
6.786662101745605469e+00
6.352981090545654297e+00
5.013062953948974609e+00
5.349930763244628906e+00
6.105000019073486328e+00
6.749235153198242188e+00
6.107014656066894531e+00
6.111216068267822266e+00
5.943746089935302734e+00
6.212067127227783203e+00
6.444094181060791016e+00
6.770321846008300781e+00
7.016987800598144531e+00
7.188048839569091797e+00
6.898391723632812500e+00
7.180131435394287109e+00
2.105772972106933594e+00
3.152481317520141602e+00
3.565319538116455078e+00
3.967844724655151367e+00
3.835216522216796875e+00
3.672506093978881836e+00
3.553399562835693359e+00
3.209642648696899414e+00
3.006156206130981445e+00
2.366963863372802734e+00
1.251666188240051270e+00
1.101107358932495117e+00
1.046058416366577148e+00
1.380320429801940918e+00
1.468876004219055176e+00
2.221191167831420898e+00
2.993435859680175781e+00
3.037111997604370117e+00
3.938726425170898438e+00
5.062284469604492188e+00
6.334805965423583984e+00
5.914425849914550781e+00
4.607091426849365234e+00
4.942332744598388672e+00
5.657728672027587891e+00
6.292426586151123047e+00
5.644778251647949219e+00
5.648757457733154297e+00
5.522370815277099609e+00
5.799679756164550781e+00
6.015882492065429688e+00
6.352015972137451172e+00
6.597705841064453125e+00
6.765266895294189453e+00
6.493607044219970703e+00
6.771060466766357422e+00
6.820887327194213867e-01
1.085206031799316406e+00
1.499081254005432129e+00
1.735411643981933594e+00
1.455250740051269531e+00
1.523078083992004395e+00
1.173550963401794434e+00
1.146487236022949219e+00
7.140159010887145996e-01
9.762395024299621582e-01
2.990041494369506836e+00
2.760013580322265625e+00
3.328304767608642578e+00
3.124559640884399414e+00
3.911640882492065430e+00
1.174769878387451172e+00
9.120828509330749512e-01
2.028241395950317383e+00
2.620654344558715820e+00
3.913662910461425781e+00
3.782325506210327148e+00
2.357665061950683594e+00
2.687371253967285156e+00
3.592900037765502930e+00
4.135159015655517578e+00
3.560886859893798828e+00
3.466304063796997070e+00
3.143111944198608398e+00
3.477555751800537109e+00
3.622406721115112305e+00
4.062750339508056641e+00
4.316094875335693359e+00
4.605167388916015625e+00
4.424407482147216797e+00
4.695349693298339844e+00
2.985895276069641113e-01
6.797782182693481445e-01
1.127782821655273438e+00
6.975307464599609375e-01
9.072125554084777832e-01
6.430612802505493164e-01
8.890605568885803223e-01
1.011971354484558105e+00
2.004796028137207031e+00
4.179365634918212891e+00
3.950883388519287109e+00
4.518525123596191406e+00
4.331912040710449219e+00
5.044616222381591797e+00
1.054397344589233398e+00
5.400240421295166016e-01
1.474367380142211914e+00
1.687628746032714844e+00
2.967762231826782227e+00
2.851359605789184570e+00
1.461259603500366211e+00
1.806030154228210449e+00
2.656850814819335938e+00
3.212708711624145508e+00
2.686535358428955078e+00
2.553694486618041992e+00
2.230758905410766602e+00
2.565055847167968750e+00
2.690951585769653320e+00
3.121632814407348633e+00
3.370627403259277344e+00
3.658972501754760742e+00
3.505854129791259766e+00
3.772996902465820312e+00
3.135246932506561279e-01
8.791303634643554688e-01
4.138639271259307861e-01
7.391969561576843262e-01
7.483786344528198242e-01
1.029987096786499023e+00
1.426882266998291016e+00
2.454392433166503906e+00
4.603388309478759766e+00
4.336731910705566406e+00
4.904653072357177734e+00
4.688671588897705078e+00
5.364630222320556641e+00
1.342200398445129395e+00
8.387207388877868652e-01
1.577806234359741211e+00
1.297410488128662109e+00
2.595172405242919922e+00
2.595387220382690430e+00
1.316994786262512207e+00
1.663763642311096191e+00
2.376959800720214844e+00
2.897527217864990234e+00
2.393166065216064453e+00
2.234365224838256836e+00
1.967428565025329590e+00
2.327911615371704102e+00
2.379840373992919922e+00
2.860353469848632812e+00
3.102612495422363281e+00
3.403660297393798828e+00
3.285106658935546875e+00
3.557909011840820312e+00
1.392789840698242188e+00
8.331422805786132812e-01
1.345933914184570312e+00
1.462268114089965820e+00
1.739041924476623535e+00
1.986398220062255859e+00
2.935615062713623047e+00
4.971586227416992188e+00
4.678824424743652344e+00
5.245418071746826172e+00
4.982531070709228516e+00
5.629172801971435547e+00
1.979920625686645508e+00
1.510734558105468750e+00
2.002998590469360352e+00
9.698165655136108398e-01
2.205616474151611328e+00
2.607949256896972656e+00
1.357731342315673828e+00
1.551828622817993164e+00
2.380853176116943359e+00
2.867069959640502930e+00
2.502616167068481445e+00
2.259441614151000977e+00
1.609159708023071289e+00
2.023898601531982422e+00
1.996237874031066895e+00
2.598041057586669922e+00
2.841078042984008789e+00
3.249148845672607422e+00
3.225245952606201172e+00
3.492820978164672852e+00
3.338397443294525146e-01
3.278619647026062012e-01
6.750988960266113281e-01
7.720337510108947754e-01
1.640645980834960938e+00
2.677380084991455078e+00
4.939386367797851562e+00
4.789072036743164062e+00
5.339643001556396484e+00
5.267572879791259766e+00
6.017550945281982422e+00
1.804235816001892090e+00
1.446067214012145996e+00
1.703954339027404785e+00
1.387954592704772949e+00
2.488226175308227539e+00
2.258533716201782227e+00
1.801266193389892578e+00
2.069444656372070312e+00
1.970660448074340820e+00
2.349811315536499023e+00
1.730301737785339355e+00
1.681951403617858887e+00
2.110376119613647461e+00
2.589789867401123047e+00
2.537860870361328125e+00
2.914623975753784180e+00
3.105702400207519531e+00
3.197135210037231445e+00
3.105910062789916992e+00
3.378818750381469727e+00
1.331129819154739380e-01
2.922339737415313721e-01
5.085555315017700195e-01
1.325590252876281738e+00
2.396105527877807617e+00
4.694693565368652344e+00
4.540121555328369141e+00
5.098080635070800781e+00
4.977330684661865234e+00
5.761887550354003906e+00
1.328367233276367188e+00
9.548183679580688477e-01
1.328243613243103027e+00
9.370287656784057617e-01
2.199164390563964844e+00
2.113185644149780273e+00
1.184733390808105469e+00
1.500188350677490234e+00
1.880369782447814941e+00
2.374315023422241211e+00
1.861986756324768066e+00
1.705181479454040527e+00
1.661066174507141113e+00
2.072241783142089844e+00
2.090933084487915039e+00
2.510845422744750977e+00
2.734570980072021484e+00
2.969530820846557617e+00
2.857912302017211914e+00
3.133847475051879883e+00
3.068256080150604248e-01
2.933082580566406250e-01
1.216796636581420898e+00
2.263624668121337891e+00
4.585330963134765625e+00
4.461265087127685547e+00
5.010213375091552734e+00
4.932479381561279297e+00
5.729949951171875000e+00
1.351443171501159668e+00
1.016314864158630371e+00
1.342703223228454590e+00
1.490334510803222656e+00
2.670181035995483398e+00
2.263675451278686523e+00
1.604258537292480469e+00
1.918410658836364746e+00
1.954848170280456543e+00
2.475063323974609375e+00
1.821442961692810059e+00
1.809246659278869629e+00
2.142917156219482422e+00
2.551322460174560547e+00
2.596727132797241211e+00
2.939771413803100586e+00
3.150881767272949219e+00
3.216855049133300781e+00
3.076800823211669922e+00
3.345029592514038086e+00
1.331537514925003052e-01
7.647160291671752930e-01
1.825344562530517578e+00
4.170248985290527344e+00
4.053466796875000000e+00
4.603166580200195312e+00
4.505183696746826172e+00
5.333647727966308594e+00
9.101195335388183594e-01
5.572740435600280762e-01
1.081384539604187012e+00
1.718524694442749023e+00
2.894490242004394531e+00
2.441403627395629883e+00
1.554904818534851074e+00
1.820924401283264160e+00
2.230629444122314453e+00
2.790484666824340820e+00
2.190291881561279297e+00
2.138458728790283203e+00
2.246097803115844727e+00
2.567811250686645508e+00
2.700490474700927734e+00
2.995121479034423828e+00
3.218280792236328125e+00
3.338690757751464844e+00
3.158468484878540039e+00
3.422493457794189453e+00
6.598383784294128418e-01
1.661024212837219238e+00
3.998276948928833008e+00
3.903036594390869141e+00
4.443389415740966797e+00
4.392848968505859375e+00
5.217606067657470703e+00
1.087558269500732422e+00
7.526956796646118164e-01
1.243493318557739258e+00
1.994993925094604492e+00
3.168083190917968750e+00
2.663415431976318359e+00
1.809826254844665527e+00
2.119251728057861328e+00
2.395469188690185547e+00
2.984333515167236328e+00
2.348328828811645508e+00
2.334263324737548828e+00
2.541104793548583984e+00
2.869190216064453125e+00
2.999014377593994141e+00
3.281606674194335938e+00
3.499647855758666992e+00
3.581093788146972656e+00
3.396793603897094727e+00
3.657794237136840820e+00
8.074111938476562500e-01
3.171107292175292969e+00
3.091698646545410156e+00
3.629517316818237305e+00
3.537844657897949219e+00
4.423882007598876953e+00
3.083907067775726318e-01
2.891939580440521240e-01
1.089999318122863770e+00
2.488685607910156250e+00
3.653700590133666992e+00
3.144501447677612305e+00
1.803748250007629395e+00
2.143324136734008789e+00
3.009170532226562500e+00
3.637309789657592773e+00
3.093023300170898438e+00
3.044672727584838867e+00
2.781985282897949219e+00
3.010842800140380859e+00
3.266846179962158203e+00
3.533677816390991211e+00
3.776954889297485352e+00
3.930687427520751953e+00
3.637591123580932617e+00
3.922160148620605469e+00
2.040414571762084961e+00
1.912514209747314453e+00
2.455932378768920898e+00
2.364714384078979492e+00
3.238229990005493164e+00
1.371516466140747070e+00
1.570345997810363770e+00
2.315301418304443359e+00
3.759320259094238281e+00
4.949331283569335938e+00
4.372637271881103516e+00
3.110109090805053711e+00
3.451238632202148438e+00
4.159234523773193359e+00
4.826791286468505859e+00
4.224732875823974609e+00
4.223669052124023438e+00
4.102470397949218750e+00
4.322118282318115234e+00
4.586024284362792969e+00
4.824985980987548828e+00
5.060710430145263672e+00
5.180347919464111328e+00
4.871747493743896484e+00
5.152678012847900391e+00
3.052371740341186523e-01
3.922436237335205078e-01
7.371423244476318359e-01
1.591288685798645020e+00
3.643939256668090820e+00
3.867288827896118164e+00
4.638961791992187500e+00
6.012685298919677734e+00
7.237953662872314453e+00
6.740722656250000000e+00
5.326272010803222656e+00
5.663425922393798828e+00
6.533711910247802734e+00
7.208771228790283203e+00
6.601366519927978516e+00
6.602990150451660156e+00
6.303839206695556641e+00
6.531027317047119141e+00
6.808732509613037109e+00
7.090442657470703125e+00
7.335912227630615234e+00
7.510411739349365234e+00
7.162505149841308594e+00
7.453874111175537109e+00
3.326238691806793213e-01
2.878108620643615723e-01
1.182360887527465820e+00
3.561179161071777344e+00
3.729861497879028320e+00
4.584675788879394531e+00
5.812971591949462891e+00
7.057861804962158203e+00
6.669252872467041016e+00
5.177411079406738281e+00
5.509948253631591797e+00
6.491714000701904297e+00
7.127618312835693359e+00
6.527205944061279297e+00
6.499700546264648438e+00
6.117847442626953125e+00
6.367786407470703125e+00
6.636376857757568359e+00
6.957162380218505859e+00
7.209698200225830078e+00
7.439499378204345703e+00
7.168437480926513672e+00
7.409647464752197266e+00
3.084480464458465576e-01
9.074655175209045410e-01
4.100701808929443359e+00
4.288173198699951172e+00
5.114378929138183594e+00
6.380364418029785156e+00
7.622110843658447266e+00
7.210092544555664062e+00
5.727018833160400391e+00
6.059821605682373047e+00
7.025861740112304688e+00
7.672636032104492188e+00
7.069019317626953125e+00
7.049194812774658203e+00
6.675309181213378906e+00
6.918560981750488281e+00
7.193219661712646484e+00
7.504610061645507812e+00
7.755916595458984375e+00
7.975692749023437500e+00
7.638512134552001953e+00
7.935698032379150391e+00
6.307369470596313477e-01
3.903945922851562500e+00
4.104146003723144531e+00
4.950957298278808594e+00
6.149678707122802734e+00
7.371654510498046875e+00
7.049275398254394531e+00
5.450485229492187500e+00
5.772747039794921875e+00
6.926324367523193359e+00
7.542716979980468750e+00
6.975926399230957031e+00
6.921553134918212891e+00
6.371508121490478516e+00
6.593695640563964844e+00
6.885880947113037109e+00
7.226636886596679688e+00
7.483048439025878906e+00
7.752467155456542969e+00
7.422780036926269531e+00
7.729019165039062500e+00
4.811652183532714844e+00
4.946688652038574219e+00
5.871221542358398438e+00
6.912772178649902344e+00
8.158057212829589844e+00
7.932243347167968750e+00
6.308040618896484375e+00
6.623441696166992188e+00
7.799147605895996094e+00
8.395128250122070312e+00
7.816389560699462891e+00
7.754500389099121094e+00
7.178719520568847656e+00
7.416232109069824219e+00
7.705159187316894531e+00
8.083988189697265625e+00
8.345314025878906250e+00
8.645715713500976562e+00
8.344362258911132812e+00
8.650134086608886719e+00
1.330154985189437866e-01
7.412486672401428223e-01
2.258690118789672852e+00
3.329541921615600586e+00
2.802337169647216797e+00
1.404379606246948242e+00
1.743277549743652344e+00
2.705737113952636719e+00
3.342812061309814453e+00
2.860710144042968750e+00
2.776338577270507812e+00
2.427739381790161133e+00
2.612106323242187500e+00
2.886676073074340820e+00
3.110515117645263672e+00
3.349524974822998047e+00
3.536077022552490234e+00
3.228854417800903320e+00
3.522381544113159180e+00
6.808331012725830078e-01
1.969555497169494629e+00
3.163690805435180664e+00
2.674252033233642578e+00
1.390114665031433105e+00
1.720091342926025391e+00
2.536446094512939453e+00
3.164305686950683594e+00
2.627510070800781250e+00
2.578996658325195312e+00
2.302016735076904297e+00
2.568418741226196289e+00
2.788986921310424805e+00
3.102380514144897461e+00
3.348638534545898438e+00
3.479059219360351562e+00
3.204406261444091797e+00
3.481353044509887695e+00
1.768083572387695312e+00
2.598032951354980469e+00
1.774383783340454102e+00
1.046357035636901855e+00
1.263942718505859375e+00
1.722434639930725098e+00
2.362394571304321289e+00
1.950743913650512695e+00
1.882676482200622559e+00
1.826048851013183594e+00
1.978967308998107910e+00
2.224634170532226562e+00
2.291500568389892578e+00
2.494711399078369141e+00
2.528533220291137695e+00
2.232965946197509766e+00
2.507845401763916016e+00
1.064633250236511230e+00
1.496185660362243652e+00
1.032464265823364258e+00
8.909620642662048340e-01
1.275680303573608398e+00
1.741713643074035645e+00
1.578577637672424316e+00
1.251489043235778809e+00
6.413340568542480469e-01
1.165170073509216309e+00
9.598595499992370605e-01
1.518314123153686523e+00
1.728331208229064941e+00
2.079527139663696289e+00
2.093454599380493164e+00
2.358661174774169922e+00
1.380961418151855469e+00
1.820248007774353027e+00
1.499364376068115234e+00
1.320614933967590332e+00
1.368823409080505371e+00
1.650888562202453613e+00
1.364788174629211426e+00
8.842775225639343262e-01
1.122861266136169434e+00
6.820346713066101074e-01
9.532907009124755859e-01
8.656046986579895020e-01
1.157869338989257812e+00
1.526587605476379395e+00
1.695333600044250488e+00
1.610941171646118164e+00
1.522809386253356934e+00
2.857089638710021973e-01
6.343722343444824219e-01
8.402745127677917480e-01
6.854442358016967773e-01
1.294553041458129883e+00
1.576964020729064941e+00
1.514513015747070312e+00
1.285204172134399414e+00
1.206239581108093262e+00
8.984413743019104004e-01
7.986038923263549805e-01
1.028180480003356934e+00
1.329462677240371704e-01
1.528728961944580078e+00
2.197747945785522461e+00
2.011455297470092773e+00
1.747745633125305176e+00
8.302205801010131836e-01
9.822461605072021484e-01
1.255894899368286133e+00
1.520900964736938477e+00
1.775152564048767090e+00
2.095506668090820312e+00
1.931584119796752930e+00
2.218703269958496094e+00
1.451052784919738770e+00
2.094326257705688477e+00
2.003943920135498047e+00
1.689463853836059570e+00
4.817096292972564697e-01
6.452806591987609863e-01
9.029811024665832520e-01
1.229997277259826660e+00
1.494385600090026855e+00
1.882892727851867676e+00
1.778688907623291016e+00
2.055598974227905273e+00
4.426197409629821777e-01
4.203618764877319336e-01
3.530337810516357422e-01
1.179733633995056152e+00
1.553527593612670898e+00
1.480608940124511719e+00
1.354767322540283203e+00
1.313905715942382812e+00
1.085634827613830566e+00
1.080853462219238281e+00
1.312173366546630859e+00
3.074065446853637695e-01
5.386839509010314941e-01
1.686665058135986328e+00
2.071177959442138672e+00
1.866624712944030762e+00
1.710488200187683105e+00
1.485144615173339844e+00
1.265530705451965332e+00
1.358167648315429688e+00
1.545193672180175781e+00
1.329138725996017456e-01
1.718382000923156738e+00
2.180345773696899414e+00
2.056668519973754883e+00
2.004192590713500977e+00
1.857778906822204590e+00
1.632785916328430176e+00
1.668733716011047363e+00
1.822341084480285645e+00
1.350114107131958008e+00
1.819216132164001465e+00
1.684854269027709961e+00
1.670388221740722656e+00
1.635088920593261719e+00
1.547804236412048340e+00
1.551139354705810547e+00
1.797548770904541016e+00
3.060095310211181641e-01
3.294264674186706543e-01
6.536408662796020508e-01
9.047607183456420898e-01
1.405028700828552246e+00
1.500293970108032227e+00
1.725283145904541016e+00
1.329791694879531860e-01
6.811103820800781250e-01
9.187839031219482422e-01
1.523802995681762695e+00
1.583683967590332031e+00
1.814431548118591309e+00
3.346751332283020020e-01
5.353544950485229492e-01
1.168640732765197754e+00
1.386083722114562988e+00
1.549640893936157227e+00
1.329699605703353882e-01
5.960764288902282715e-01
8.224871754646301270e-01
9.397807121276855469e-01
3.685284852981567383e-01
7.622630000114440918e-01
8.435776829719543457e-01
3.405325412750244141e-01
3.473056554794311523e-01
1.330098509788513184e-01
