5.350300073623657227e-01
4.323310375213623047e+00
4.584674835205078125e+00
4.618167877197265625e+00
4.132892608642578125e+00
4.079429626464843750e+00
1.626418471336364746e+00
2.159437656402587891e+00
2.684116363525390625e+00
4.218716621398925781e+00
4.884005546569824219e+00
5.240405559539794922e+00
5.632027149200439453e+00
6.191388607025146484e+00
6.807814121246337891e+00
7.184711456298828125e+00
7.352806091308593750e+00
7.265657424926757812e+00
7.429458141326904297e+00
7.616090774536132812e+00
7.869334697723388672e+00
7.513098239898681641e+00
7.488999366760253906e+00
6.528091907501220703e+00
6.831783771514892578e+00
7.017671585083007812e+00
6.533162593841552734e+00
6.483680248260498047e+00
6.193552494049072266e+00
6.499130725860595703e+00
6.799840927124023438e+00
6.481297969818115234e+00
6.591191291809082031e+00
6.304429531097412109e+00
6.019686222076416016e+00
6.278044223785400391e+00
5.696564674377441406e+00
5.483830451965332031e+00
5.451155185699462891e+00
6.411083221435546875e+00
5.501265048980712891e+00
5.642470836639404297e+00
6.001486778259277344e+00
6.417131423950195312e+00
5.620906829833984375e+00
6.473076343536376953e+00
6.766172885894775391e+00
6.089252471923828125e+00
6.837087631225585938e+00
7.300698280334472656e+00
7.377960681915283203e+00
8.156061172485351562e+00
8.215467453002929688e+00
7.351634502410888672e+00
7.722204208374023438e+00
7.389694213867187500e+00
7.019056797027587891e+00
7.121343135833740234e+00
7.235967636108398438e+00
3.332500696182250977e+00
2.610705614089965820e+00
4.750467300415039062e+00
4.608587741851806641e+00
4.204835891723632812e+00
4.087397098541259766e+00
1.953277230262756348e+00
3.806587219238281250e+00
4.180501461029052734e+00
4.706898212432861328e+00
4.738046646118164062e+00
4.128473281860351562e+00
4.374489307403564453e+00
4.325782299041748047e+00
3.817354440689086914e+00
3.732673883438110352e+00
1.435385227203369141e+00
1.796534299850463867e+00
2.054080247879028320e+00
3.779102087020874023e+00
4.355102062225341797e+00
4.684710502624511719e+00
5.022802829742431641e+00
5.620724201202392578e+00
6.230479240417480469e+00
6.593003273010253906e+00
6.816709041595458984e+00
6.671149253845214844e+00
6.741498947143554688e+00
6.908309459686279297e+00
7.162927150726318359e+00
6.830837249755859375e+00
6.817030429840087891e+00
5.833873748779296875e+00
6.126233100891113281e+00
6.240017890930175781e+00
5.767377376556396484e+00
5.711059570312500000e+00
5.426525592803955078e+00
5.729952335357666016e+00
6.145517826080322266e+00
5.811195373535156250e+00
5.899807929992675781e+00
5.693204879760742188e+00
5.295051097869873047e+00
5.629659652709960938e+00
5.068740367889404297e+00
4.833990097045898438e+00
4.870050430297851562e+00
5.954936027526855469e+00
5.055016040802001953e+00
5.207688331604003906e+00
5.585339069366455078e+00
5.971330642700195312e+00
5.159580230712890625e+00
5.903244495391845703e+00
6.420896053314208984e+00
5.759641170501708984e+00
6.512331485748291016e+00
6.956730365753173828e+00
7.070260524749755859e+00
7.727192401885986328e+00
7.732116699218750000e+00
6.788978099822998047e+00
7.261120796203613281e+00
6.917035102844238281e+00
6.650371551513671875e+00
6.701388359069824219e+00
6.732066154479980469e+00
2.629329681396484375e+00
1.967547774314880371e+00
4.128567218780517578e+00
4.034136295318603516e+00
3.757651090621948242e+00
3.579334735870361328e+00
1.086351633071899414e+00
3.499396085739135742e+00
4.028761863708496094e+00
4.571414947509765625e+00
4.483257293701171875e+00
1.329424381256103516e-01
4.279832243919372559e-01
3.352522850036621094e-01
8.346145153045654297e-01
3.658452272415161133e+00
3.562254905700683594e+00
3.119343757629394531e+00
1.282929539680480957e+00
1.340145230293273926e+00
2.297657012939453125e+00
2.797066688537597656e+00
2.974572420120239258e+00
3.415148735046386719e+00
3.852994441986083984e+00
3.837332248687744141e+00
4.185851097106933594e+00
4.653644084930419922e+00
4.974761009216308594e+00
5.357167720794677734e+00
5.105367660522460938e+00
5.133220672607421875e+00
4.233627796173095703e+00
5.069727897644042969e+00
5.177362442016601562e+00
4.753213882446289062e+00
4.700026988983154297e+00
4.489770412445068359e+00
4.606959342956542969e+00
3.727821588516235352e+00
3.713205814361572266e+00
4.014953613281250000e+00
3.281081199645996094e+00
3.723140954971313477e+00
3.725246667861938477e+00
3.158481121063232422e+00
3.460852861404418945e+00
3.533687114715576172e+00
3.675106763839721680e+00
3.036624431610107422e+00
2.480025529861450195e+00
2.295156955718994141e+00
2.595855474472045898e+00
2.455265522003173828e+00
4.014525413513183594e+00
3.373938560485839844e+00
2.426361560821533203e+00
3.090785503387451172e+00
3.260715961456298828e+00
3.591284751892089844e+00
4.510036945343017578e+00
4.823177814483642578e+00
4.061898708343505859e+00
3.873761177062988281e+00
3.598382711410522461e+00
2.983281612396240234e+00
2.979483366012573242e+00
3.370703935623168945e+00
4.064194679260253906e+00
4.133125305175781250e+00
2.590541601181030273e+00
2.351382732391357422e+00
1.316978454589843750e+00
2.048115491867065430e+00
3.740405321121215820e+00
1.052521824836730957e+00
1.356033205986022949e+00
1.476771712303161621e+00
1.448011755943298340e+00
3.333122730255126953e-01
5.645657777786254883e-01
1.145826458930969238e+00
4.033121109008789062e+00
3.995462179183959961e+00
3.429871797561645508e+00
1.468150496482849121e+00
1.491633415222167969e+00
2.393496990203857422e+00
2.767858028411865234e+00
2.953604221343994141e+00
3.367311716079711914e+00
3.791497468948364258e+00
3.669300794601440430e+00
4.053227901458740234e+00
4.607916355133056641e+00
4.969158172607421875e+00
5.279366493225097656e+00
5.021430969238281250e+00
5.015542507171630859e+00
4.214219570159912109e+00
5.020800113677978516e+00
5.237464904785156250e+00
4.804141998291015625e+00
4.794532775878906250e+00
4.580984592437744141e+00
4.706283092498779297e+00
3.735567092895507812e+00
3.788102149963378906e+00
4.064034461975097656e+00
3.295006752014160156e+00
3.745643854141235352e+00
3.662199258804321289e+00
3.128522157669067383e+00
3.364081382751464844e+00
3.441896200180053711e+00
3.422417402267456055e+00
2.861610174179077148e+00
2.248879671096801758e+00
2.059731960296630859e+00
2.313220977783203125e+00
2.271212339401245117e+00
3.852224111557006836e+00
3.036444187164306641e+00
2.085259914398193359e+00
2.734497547149658203e+00
2.901515483856201172e+00
3.235165596008300781e+00
4.174600601196289062e+00
4.541452407836914062e+00
3.849299192428588867e+00
3.626219987869262695e+00
3.374837160110473633e+00
2.677376985549926758e+00
2.778595447540283203e+00
3.271266698837280273e+00
4.422158718109130859e+00
4.504821300506591797e+00
2.671343564987182617e+00
2.372580289840698242e+00
1.435235142707824707e+00
2.093711853027343750e+00
3.996258020401000977e+00
1.141652464866638184e+00
1.233875751495361328e+00
1.241541504859924316e+00
1.178352952003479004e+00
3.918958604335784912e-01
8.612886071205139160e-01
4.049340724945068359e+00
4.078526496887207031e+00
3.240002870559692383e+00
8.845884799957275391e-01
7.576280236244201660e-01
1.678805470466613770e+00
2.156955957412719727e+00
2.328897237777709961e+00
2.773862361907958984e+00
3.218575000762939453e+00
3.236827373504638672e+00
3.572074651718139648e+00
4.008390903472900391e+00
4.329265594482421875e+00
4.728156566619873047e+00
4.493882656097412109e+00
4.544728279113769531e+00
3.615350961685180664e+00
4.506028652191162109e+00
4.564790248870849609e+00
4.150127887725830078e+00
4.102109909057617188e+00
3.903644323348999023e+00
3.990279197692871094e+00
3.085476636886596680e+00
3.083524227142333984e+00
3.377955436706542969e+00
2.636122226715087891e+00
3.098508358001708984e+00
3.123247146606445312e+00
2.568599700927734375e+00
2.913449048995971680e+00
3.025588274002075195e+00
3.204820156097412109e+00
2.587958335876464844e+00
2.009651422500610352e+00
1.780781269073486328e+00
2.007189512252807617e+00
1.914133906364440918e+00
3.483494043350219727e+00
2.847201824188232422e+00
1.893828272819519043e+00
2.498121261596679688e+00
2.707530260086059570e+00
2.958913087844848633e+00
3.902832508087158203e+00
4.260970592498779297e+00
3.492716073989868164e+00
3.281773805618286133e+00
3.034117221832275391e+00
2.350430965423583984e+00
2.395787000656127930e+00
2.774808883666992188e+00
4.219049453735351562e+00
4.385287284851074219e+00
2.048865556716918945e+00
1.869901299476623535e+00
8.773686885833740234e-01
1.617858171463012695e+00
3.791692733764648438e+00
8.888925909996032715e-01
1.304998636245727539e+00
1.348762035369873047e+00
1.223934292793273926e+00
1.328587830066680908e-01
3.320585966110229492e+00
3.300432205200195312e+00
2.428650379180908203e+00
6.576458811759948730e-01
7.452256679534912109e-01
1.681944012641906738e+00
2.376309633255004883e+00
2.532678365707397461e+00
3.018493652343750000e+00
3.474569082260131836e+00
3.619147062301635742e+00
3.886203527450561523e+00
4.206231594085693359e+00
4.462776660919189453e+00
4.938725948333740234e+00
4.710077762603759766e+00
4.798503875732421875e+00
3.751020431518554688e+00
4.647384166717529297e+00
4.574831485748291016e+00
4.171133041381835938e+00
4.062204360961914062e+00
3.863207578659057617e+00
3.964313745498657227e+00
3.238751173019409180e+00
3.125730752944946289e+00
3.443329572677612305e+00
2.777649879455566406e+00
3.177551507949829102e+00
3.330113410949707031e+00
2.736992120742797852e+00
3.138637542724609375e+00
3.259403467178344727e+00
3.660803318023681641e+00
2.954043865203857422e+00
2.481725692749023438e+00
2.244184970855712891e+00
2.527951240539550781e+00
2.291194915771484375e+00
3.789900302886962891e+00
3.440974712371826172e+00
2.495752573013305664e+00
3.116935968399047852e+00
3.311805248260498047e+00
3.570527315139770508e+00
4.451566219329833984e+00
4.768283843994140625e+00
3.877178430557250977e+00
3.728682279586791992e+00
3.448539495468139648e+00
2.894117832183837891e+00
2.760688543319702148e+00
3.094626188278198242e+00
3.402677297592163086e+00
3.550984382629394531e+00
2.047201871871948242e+00
1.951469063758850098e+00
8.740191459655761719e-01
1.687841653823852539e+00
3.164767503738403320e+00
1.097138524055480957e+00
1.728209733963012695e+00
1.866114854812622070e+00
1.717045545578002930e+00
3.152395248413085938e+00
3.096583127975463867e+00
2.133970737457275391e+00
8.130336999893188477e-01
8.874881863594055176e-01
1.772481441497802734e+00
2.560890197753906250e+00
2.685950279235839844e+00
3.177440166473388672e+00
3.627055644989013672e+00
3.834670543670654297e+00
4.094436168670654297e+00
4.352903366088867188e+00
4.586152553558349609e+00
5.110970497131347656e+00
4.894888401031494141e+00
5.002613067626953125e+00
3.894695043563842773e+00
4.811113834381103516e+00
4.612639904022216797e+00
4.229122638702392578e+00
4.066985130310058594e+00
3.876872777938842773e+00
3.964236974716186523e+00
3.349505186080932617e+00
3.174654245376586914e+00
3.529143333435058594e+00
2.918686389923095703e+00
3.290620088577270508e+00
3.524039983749389648e+00
2.928468704223632812e+00
3.296883344650268555e+00
3.478658914566040039e+00
3.930326461791992188e+00
3.209005594253540039e+00
2.757018089294433594e+00
2.547792911529541016e+00
2.902853727340698242e+00
2.548146963119506836e+00
4.021309375762939453e+00
3.821073055267333984e+00
2.883868217468261719e+00
3.575678348541259766e+00
3.746229648590087891e+00
4.052483081817626953e+00
4.824392795562744141e+00
5.041588306427001953e+00
4.098771095275878906e+00
4.055512905120849609e+00
3.734089136123657227e+00
3.344008684158325195e+00
3.125370979309082031e+00
3.269215822219848633e+00
3.079505920410156250e+00
3.261709451675415039e+00
2.168820858001708984e+00
2.108392000198364258e+00
1.074759364128112793e+00
1.880911946296691895e+00
2.980333089828491211e+00
1.287310481071472168e+00
2.114253520965576172e+00
2.318699121475219727e+00
2.114466667175292969e+00
2.695738375186920166e-01
1.275180220603942871e+00
3.557751178741455078e+00
4.100496768951416016e+00
4.523190498352050781e+00
5.178468704223632812e+00
5.574796199798583984e+00
6.116995811462402344e+00
6.543161869049072266e+00
6.875983715057373047e+00
6.871333599090576172e+00
6.827735424041748047e+00
6.975908279418945312e+00
7.466194629669189453e+00
7.227452278137207031e+00
7.300347805023193359e+00
6.132553100585937500e+00
6.718410491943359375e+00
6.476391792297363281e+00
6.133368015289306641e+00
5.883355140686035156e+00
5.668185234069824219e+00
5.792716979980468750e+00
6.092827320098876953e+00
5.705823421478271484e+00
5.926120281219482422e+00
5.630730628967285156e+00
5.392031669616699219e+00
5.911939144134521484e+00
5.322047233581542969e+00
5.289804458618164062e+00
5.447824954986572266e+00
6.465390205383300781e+00
5.516001224517822266e+00
5.515731811523437500e+00
5.637609481811523438e+00
6.008427619934082031e+00
5.333148956298828125e+00
6.382680892944335938e+00
6.681325435638427734e+00
5.865081310272216797e+00
6.629546642303466797e+00
6.994924545288085938e+00
7.204951763153076172e+00
7.912579059600830078e+00
7.997769832611083984e+00
6.974254131317138672e+00
7.271487236022949219e+00
6.922690391540527344e+00
6.609493255615234375e+00
6.492589473724365234e+00
6.482151031494140625e+00
1.747691750526428223e+00
1.068939089775085449e+00
4.305092811584472656e+00
4.320206642150878906e+00
3.761016130447387695e+00
3.890077829360961914e+00
1.585377454757690430e+00
3.581220626831054688e+00
4.238134384155273438e+00
4.694552421569824219e+00
4.662483215332031250e+00
1.031641125679016113e+00
3.533508539199829102e+00
3.969483613967895508e+00
4.389450550079345703e+00
5.090061664581298828e+00
5.435912609100341797e+00
5.945724487304687500e+00
6.373353481292724609e+00
6.791061878204345703e+00
6.782070636749267578e+00
6.639535903930664062e+00
6.770023345947265625e+00
7.300584316253662109e+00
7.115361690521240234e+00
7.226689815521240234e+00
5.991671562194824219e+00
6.655518531799316406e+00
6.265356063842773438e+00
5.951162815093994141e+00
5.667525768280029297e+00
5.474440574645996094e+00
5.554591178894042969e+00
5.901878833770751953e+00
5.486491203308105469e+00
5.706722259521484375e+00
5.469350337982177734e+00
5.197284221649169922e+00
5.815615653991699219e+00
5.248761177062988281e+00
5.268291473388671875e+00
5.523968219757080078e+00
6.603505611419677734e+00
5.667117118835449219e+00
5.633977413177490234e+00
5.670167922973632812e+00
6.012595653533935547e+00
5.385887622833251953e+00
6.415410995483398438e+00
6.829960346221923828e+00
5.992652416229248047e+00
6.751021385192871094e+00
7.070577621459960938e+00
7.295459270477294922e+00
7.953764915466308594e+00
8.005896568298339844e+00
6.908638477325439453e+00
7.232724189758300781e+00
6.876420497894287109e+00
6.642700672149658203e+00
6.419805049896240234e+00
6.335818767547607422e+00
1.313454270362854004e+00
6.849844455718994141e-01
4.237860202789306641e+00
4.341173648834228516e+00
3.814941167831420898e+00
3.996994256973266602e+00
1.639874100685119629e+00
3.761134386062622070e+00
4.431302547454833984e+00
4.833548545837402344e+00
4.849142074584960938e+00
2.294941186904907227e+00
2.692606687545776367e+00
3.088109254837036133e+00
3.780988693237304688e+00
4.117163181304931641e+00
4.611464023590087891e+00
5.034711837768554688e+00
5.495738506317138672e+00
5.463016510009765625e+00
5.275318622589111328e+00
5.404508590698242188e+00
5.949138164520263672e+00
5.789112567901611328e+00
5.924042224884033203e+00
4.655544281005859375e+00
5.389190196990966797e+00
4.933682918548583984e+00
4.620152473449707031e+00
4.331418991088867188e+00
4.144272327423095703e+00
4.213294506072998047e+00
4.541580677032470703e+00
4.130892276763916016e+00
4.341272354125976562e+00
4.126965999603271484e+00
3.840143442153930664e+00
4.495831489562988281e+00
3.946542024612426758e+00
4.016015052795410156e+00
4.355728149414062500e+00
5.466122150421142578e+00
4.572340965270996094e+00
4.527105331420898438e+00
4.494280815124511719e+00
4.807326316833496094e+00
4.206964969635009766e+00
5.183335304260253906e+00
5.745801448822021484e+00
4.926506042480468750e+00
5.668891906738281250e+00
5.954682826995849609e+00
6.180112838745117188e+00
6.749133586883544922e+00
6.752463340759277344e+00
5.606940746307373047e+00
5.991551399230957031e+00
5.628566741943359375e+00
5.498505115509033203e+00
5.221847057342529297e+00
5.065111160278320312e+00
3.011580109596252441e-01
5.571684241294860840e-01
2.954488277435302734e+00
3.128124475479125977e+00
2.733494043350219727e+00
2.903081178665161133e+00
1.207787394523620605e+00
2.873277187347412109e+00
3.885051727294921875e+00
4.254337787628173828e+00
4.088264465332031250e+00
3.432430028915405273e-01
6.895366907119750977e-01
1.506538391113281250e+00
1.693480134010314941e+00
2.269816875457763672e+00
2.717483520507812500e+00
2.970632314682006836e+00
3.074939250946044922e+00
3.245575666427612305e+00
3.481035947799682617e+00
3.965169906616210938e+00
3.742124319076538086e+00
3.877629995346069336e+00
2.711776971817016602e+00
3.636508464813232422e+00
3.482520341873168945e+00
3.075250625610351562e+00
2.963535785675048828e+00
2.756159305572509766e+00
2.903361082077026367e+00
2.402160644531250000e+00
2.202890634536743164e+00
2.444331169128417969e+00
1.858253002166748047e+00
2.138641834259033203e+00
2.366063356399536133e+00
1.790736317634582520e+00
2.167501449584960938e+00
2.472544908523559570e+00
3.161347866058349609e+00
2.449728012084960938e+00
2.128465175628662109e+00
1.929655909538269043e+00
2.213110446929931641e+00
1.748712420463562012e+00
2.992591857910156250e+00
3.288985013961791992e+00
2.474895238876342773e+00
3.135398387908935547e+00
3.393578052520751953e+00
3.626546144485473633e+00
4.170947551727294922e+00
4.228926658630371094e+00
3.144893407821655273e+00
3.393893957138061523e+00
3.034840345382690430e+00
2.916565179824829102e+00
2.668154954910278320e+00
2.619936466217041016e+00
3.085099935531616211e+00
3.503919363021850586e+00
1.019392728805541992e+00
1.047925591468811035e+00
4.049047529697418213e-01
9.954791069030761719e-01
2.959643602371215820e+00
8.286601901054382324e-01
1.890910029411315918e+00
2.088294506072998047e+00
1.798604011535644531e+00
3.063925802707672119e-01
1.107634186744689941e+00
1.231886982917785645e+00
1.775437712669372559e+00
2.230106592178344727e+00
2.526231288909912109e+00
2.671977281570434570e+00
2.834413051605224609e+00
3.076679229736328125e+00
3.594574928283691406e+00
3.413156032562255859e+00
3.571929931640625000e+00
2.419271469116210938e+00
3.419943332672119141e+00
3.217380523681640625e+00
2.834938287734985352e+00
2.734044075012207031e+00
2.561928272247314453e+00
2.613182783126831055e+00
1.925183653831481934e+00
1.784754633903503418e+00
2.055255174636840820e+00
1.410506129264831543e+00
1.793328166007995605e+00
2.072858572006225586e+00
1.548450946807861328e+00
2.074009418487548828e+00
2.393808364868164062e+00
2.984548568725585938e+00
2.410262107849121094e+00
2.026844263076782227e+00
1.659215927124023438e+00
1.871011614799499512e+00
1.571745276451110840e+00
2.777479410171508789e+00
3.066267013549804688e+00
2.244736671447753906e+00
2.798898220062255859e+00
2.949484109878540039e+00
3.206418275833129883e+00
3.812896728515625000e+00
3.856300354003906250e+00
2.739923477172851562e+00
2.969890117645263672e+00
2.608762025833129883e+00
2.438017129898071289e+00
2.129009485244750977e+00
2.122178077697753906e+00
3.394183397293090820e+00
3.890346050262451172e+00
9.061983823776245117e-01
1.105160832405090332e+00
9.083161950111389160e-01
1.310945868492126465e+00
3.386605262756347656e+00
1.369521021842956543e+00
2.203513622283935547e+00
2.203267335891723633e+00
1.923345685005187988e+00
7.327164411544799805e-01
7.585383057594299316e-01
1.306324601173400879e+00
1.752250552177429199e+00
2.132650136947631836e+00
2.274759054183959961e+00
2.225789308547973633e+00
2.426856756210327148e+00
3.040759325027465820e+00
2.969472646713256836e+00
3.216914415359497070e+00
1.929414272308349609e+00
3.025272130966186523e+00
2.554557085037231445e+00
2.234239578247070312e+00
2.068974733352661133e+00
1.955683231353759766e+00
1.866882205009460449e+00
1.356548190116882324e+00
1.074189066886901855e+00
1.359848976135253906e+00
8.924523591995239258e-01
1.198458552360534668e+00
1.718355774879455566e+00
1.336273908615112305e+00
1.879096031188964844e+00
2.277758836746215820e+00
2.864284515380859375e+00
2.372840642929077148e+00
2.036298751831054688e+00
1.563363909721374512e+00
1.673600673675537109e+00
1.536583900451660156e+00
2.566829681396484375e+00
3.031435012817382812e+00
2.336900472640991211e+00
2.859556674957275391e+00
2.938521862030029297e+00
3.175669908523559570e+00
3.539082527160644531e+00
3.531951665878295898e+00
2.360905647277832031e+00
2.643771648406982422e+00
2.280323266983032227e+00
2.400983810424804688e+00
1.916561484336853027e+00
1.726544618606567383e+00
3.579981565475463867e+00
4.225147247314453125e+00
5.202652215957641602e-01
1.067494034767150879e+00
1.265564322471618652e+00
1.426344752311706543e+00
3.713109493255615234e+00
1.775436401367187500e+00
2.796304941177368164e+00
2.810753107070922852e+00
2.483402490615844727e+00
1.328588724136352539e-01
5.306060910224914551e-01
9.167006611824035645e-01
1.265015363693237305e+00
1.290524244308471680e+00
1.518183469772338867e+00
1.871306300163269043e+00
2.256723165512084961e+00
2.124739170074462891e+00
2.311601877212524414e+00
1.245607376098632812e+00
2.167151212692260742e+00
2.273028850555419922e+00
1.811656117439270020e+00
1.911129593849182129e+00
1.680457592010498047e+00
1.883050560951232910e+00
9.325241446495056152e-01
9.542488455772399902e-01
1.123997569084167480e+00
4.210014641284942627e-01
7.844402790069580078e-01
8.394336700439453125e-01
3.431875407695770264e-01
9.890961647033691406e-01
1.399199485778808594e+00
2.145596265792846680e+00
1.741142034530639648e+00
1.534248471260070801e+00
1.149102091789245605e+00
1.168496370315551758e+00
1.038356661796569824e+00
1.652926206588745117e+00
2.473253250122070312e+00
2.007816791534423828e+00
2.418285131454467773e+00
2.474464178085327148e+00
2.679713249206542969e+00
2.809618711471557617e+00
2.663391113281250000e+00
1.412732124328613281e+00
1.947573423385620117e+00
1.593242526054382324e+00
1.915781021118164062e+00
1.529260993003845215e+00
1.324587583541870117e+00
4.313789367675781250e+00
4.942468643188476562e+00
6.054181456565856934e-01
8.824794292449951172e-01
1.641250610351562500e+00
1.493111491203308105e+00
4.117660045623779297e+00
2.113515853881835938e+00
2.976874589920043945e+00
2.885206699371337891e+00
2.551769733428955078e+00
3.147331178188323975e-01
7.447817921638488770e-01
1.115333914756774902e+00
1.243318676948547363e+00
1.469174265861511230e+00
1.772232770919799805e+00
2.307291269302368164e+00
2.236250400543212891e+00
2.473349332809448242e+00
1.487906336784362793e+00
2.603508234024047852e+00
2.376312971115112305e+00
2.120959758758544922e+00
2.085976362228393555e+00
2.052154779434204102e+00
1.646812796592712402e+00
4.357126057147979736e-01
6.119537353515625000e-01
9.661893844604492188e-01
3.200724124908447266e-01
8.837572336196899414e-01
1.201989650726318359e+00
1.003890037536621094e+00
1.623215198516845703e+00
2.050561189651489258e+00
2.437411785125732422e+00
2.092170238494873047e+00
1.892834663391113281e+00
1.344179511070251465e+00
1.272809386253356934e+00
1.187094807624816895e+00
2.034732103347778320e+00
2.618794441223144531e+00
2.206013679504394531e+00
2.504571676254272461e+00
2.478683710098266602e+00
2.686863422393798828e+00
2.768124103546142578e+00
2.641252517700195312e+00
1.427161455154418945e+00
1.808277487754821777e+00
1.400935292243957520e+00
1.871284008026123047e+00
1.310778498649597168e+00
9.898821711540222168e-01
4.654143333435058594e+00
5.282981395721435547e+00
1.056964755058288574e+00
1.569668650627136230e+00
1.999850630760192871e+00
2.017509222030639648e+00
4.673181533813476562e+00
2.464559316635131836e+00
3.251032114028930664e+00
3.120900154113769531e+00
2.802898406982421875e+00
2.738192081451416016e-01
5.442953109741210938e-01
7.518116831779479980e-01
1.195992231369018555e+00
1.576714515686035156e+00
2.044894933700561523e+00
1.999249219894409180e+00
2.260735034942626953e+00
1.370578765869140625e+00
2.526705503463745117e+00
2.340760946273803711e+00
2.147239923477172852e+00
2.140543699264526367e+00
2.156937360763549805e+00
1.735066056251525879e+00
4.313287138938903809e-01
7.632296681404113770e-01
9.802203774452209473e-01
5.382081866264343262e-01
9.784450531005859375e-01
1.227753758430480957e+00
1.311414361000061035e+00
1.818303346633911133e+00
2.295902967453002930e+00
2.440410614013671875e+00
2.269725799560546875e+00
2.099652051925659180e+00
1.553394913673400879e+00
1.328631877899169922e+00
1.239066004753112793e+00
1.987375140190124512e+00
2.510061740875244141e+00
2.367564678192138672e+00
2.375066757202148438e+00
2.298112869262695312e+00
2.448210239410400391e+00
2.354053735733032227e+00
2.171999454498291016e+00
1.042176008224487305e+00
1.335878610610961914e+00
8.251666426658630371e-01
1.675167322158813477e+00
1.090305805206298828e+00
6.935135126113891602e-01
5.079141139984130859e+00
5.748800277709960938e+00
1.623637437820434570e+00
2.138076305389404297e+00
2.579838514328002930e+00
2.583210229873657227e+00
5.246775627136230469e+00
3.026500225067138672e+00
3.707046747207641602e+00
3.507850646972656250e+00
3.211827516555786133e+00
3.516482412815093994e-01
4.383301138877868652e-01
7.518126964569091797e-01
1.214928984642028809e+00
1.559882164001464844e+00
1.599483609199523926e+00
1.915255784988403320e+00
1.142116308212280273e+00
2.322465181350708008e+00
2.157616138458251953e+00
2.053524255752563477e+00
2.041104555130004883e+00
2.153774023056030273e+00
1.578568100929260254e+00
4.286831915378570557e-01
8.419026732444763184e-01
1.039827346801757812e+00
8.305847644805908203e-01
1.087666392326354980e+00
1.153830528259277344e+00
1.414301037788391113e+00
1.870455861091613770e+00
2.342628955841064453e+00
2.404745101928710938e+00
2.317566156387329102e+00
2.227132797241210938e+00
1.778965950012207031e+00
1.499231338500976562e+00
1.336732625961303711e+00
1.790596246719360352e+00
2.536682128906250000e+00
2.564545392990112305e+00
2.498095750808715820e+00
2.455329895019531250e+00
2.537917852401733398e+00
2.345532655715942383e+00
2.019359350204467773e+00
8.300291299819946289e-01
1.423925995826721191e+00
7.806801795959472656e-01
1.853036761283874512e+00
1.276556015014648438e+00
6.335991024971008301e-01
5.480791091918945312e+00
6.167542457580566406e+00
1.960980534553527832e+00
2.377425432205200195e+00
2.968193292617797852e+00
2.925569295883178711e+00
5.638842582702636719e+00
3.410228729248046875e+00
4.033245086669921875e+00
3.806309223175048828e+00
3.521198749542236328e+00
1.328753083944320679e-01
1.100160837173461914e+00
1.624266147613525391e+00
1.521429896354675293e+00
1.475839853286743164e+00
1.716920852661132812e+00
1.298054814338684082e+00
2.380638360977172852e+00
2.501962900161743164e+00
2.420380115509033203e+00
2.511805295944213867e+00
2.625455617904663086e+00
2.261948585510253906e+00
1.207384824752807617e+00
1.571685671806335449e+00
1.657666563987731934e+00
1.370432019233703613e+00
1.596676826477050781e+00
1.385744929313659668e+00
1.633324503898620605e+00
1.910213589668273926e+00
2.237191915512084961e+00
2.027464866638183594e+00
2.038148403167724609e+00
1.953561782836914062e+00
1.524912238121032715e+00
1.110435843467712402e+00
1.087972044944763184e+00
1.580961585044860840e+00
2.009437084197998047e+00
2.065262079238891602e+00
1.898374438285827637e+00
1.839910507202148438e+00
1.893392086029052734e+00
1.693112134933471680e+00
1.427856564521789551e+00
3.700986206531524658e-01
7.771740555763244629e-01
2.865707576274871826e-01
1.269397854804992676e+00
1.038543105125427246e+00
8.811442255973815918e-01
6.036202430725097656e+00
6.681391239166259766e+00
2.373520374298095703e+00
2.602483272552490234e+00
2.972959041595458984e+00
3.006213903427124023e+00
5.956974506378173828e+00
3.404106140136718750e+00
3.835761308670043945e+00
3.532673358917236328e+00
3.285490036010742188e+00
7.610095143318176270e-01
1.229764819145202637e+00
1.128151655197143555e+00
1.043519377708435059e+00
1.248237133026123047e+00
9.145424962043762207e-01
1.837560415267944336e+00
2.132318496704101562e+00
2.079749345779418945e+00
2.207100868225097656e+00
2.305418968200683594e+00
2.058347225189208984e+00
1.237573504447937012e+00
1.527058243751525879e+00
1.506847858428955078e+00
1.284517288208007812e+00
1.468927741050720215e+00
9.201714992523193359e-01
1.286455512046813965e+00
1.562335014343261719e+00
1.930022120475769043e+00
1.958189249038696289e+00
1.923554062843322754e+00
2.018644332885742188e+00
1.805948019027709961e+00
1.414585351943969727e+00
1.211386561393737793e+00
1.126046538352966309e+00
2.182741403579711914e+00
2.466511011123657227e+00
2.337318658828735352e+00
2.367530107498168945e+00
2.316923618316650391e+00
1.957685828208923340e+00
1.448904752731323242e+00
3.458971679210662842e-01
1.177256703376770020e+00
6.306430101394653320e-01
1.819628238677978516e+00
1.513260960578918457e+00
1.160557508468627930e+00
5.947591304779052734e+00
6.619243621826171875e+00
2.258310079574584961e+00
2.313546419143676758e+00
3.057254552841186523e+00
2.969336748123168945e+00
5.803544044494628906e+00
3.534575939178466797e+00
4.067443847656250000e+00
3.831485748291015625e+00
3.506886959075927734e+00
3.204658031463623047e-01
7.518839836120605469e-01
9.423708319664001465e-01
1.388718485832214355e+00
7.939990758895874023e-01
1.648654222488403320e+00
1.244144439697265625e+00
1.335815310478210449e+00
1.295834422111511230e+00
1.530132293701171875e+00
1.091647624969482422e+00
7.853943705558776855e-01
9.727726578712463379e-01
8.328359127044677734e-01
8.773056268692016602e-01
1.085545659065246582e+00
1.140304684638977051e+00
1.777524352073669434e+00
2.210198640823364258e+00
2.714078664779663086e+00
3.004038572311401367e+00
2.915455341339111328e+00
2.945833206176757812e+00
2.610124588012695312e+00
2.339178562164306641e+00
2.111015319824218750e+00
2.157394170761108398e+00
3.269945859909057617e+00
3.418101787567138672e+00
3.343724727630615234e+00
3.322995662689208984e+00
3.334874391555786133e+00
2.991037607192993164e+00
2.424436569213867188e+00
1.330752253532409668e+00
2.150863170623779297e+00
1.516417145729064941e+00
2.742488384246826172e+00
2.262174367904663086e+00
1.592486739158630371e+00
5.545006275177001953e+00
6.336239814758300781e+00
2.212354660034179688e+00
2.608094215393066406e+00
3.591348409652709961e+00
3.441729784011840820e+00
5.708390712738037109e+00
4.058263301849365234e+00
4.796894073486328125e+00
4.622051715850830078e+00
4.317065715789794922e+00
6.765831112861633301e-01
9.580118656158447266e-01
1.459380626678466797e+00
8.572653532028198242e-01
1.480804681777954102e+00
9.006969928741455078e-01
1.214501976966857910e+00
1.093888640403747559e+00
1.427772879600524902e+00
9.862537980079650879e-01
8.918834328651428223e-01
1.119499325752258301e+00
9.233494400978088379e-01
1.123785257339477539e+00
1.314770102500915527e+00
1.319026112556457520e+00
2.040117979049682617e+00
2.371242761611938477e+00
2.903634071350097656e+00
3.333975315093994141e+00
3.245146989822387695e+00
3.336858987808227539e+00
3.068265676498413086e+00
2.820843219757080078e+00
2.558738946914672852e+00
2.421954154968261719e+00
3.693822860717773438e+00
3.890600919723510742e+00
3.844728946685791016e+00
3.849123716354370117e+00
3.826534986495971680e+00
3.432768583297729492e+00
2.844958066940307617e+00
1.775069236755371094e+00
2.666842460632324219e+00
2.057149648666381836e+00
3.281439304351806641e+00
2.758759737014770508e+00
2.028408527374267578e+00
5.605615615844726562e+00
6.432289123535156250e+00
2.423577785491943359e+00
2.841510295867919922e+00
3.867871522903442383e+00
3.715780735015869141e+00
5.805881500244140625e+00
4.341924190521240234e+00
5.170292377471923828e+00
5.037139892578125000e+00
4.686036586761474609e+00
1.328007727861404419e-01
6.088993549346923828e-01
8.568726778030395508e-01
9.633013010025024414e-01
1.085738539695739746e+00
1.341627597808837891e+00
1.556633234024047852e+00
1.790045142173767090e+00
1.800365924835205078e+00
1.730660557746887207e+00
1.899375557899475098e+00
1.611130595207214355e+00
1.693959712982177734e+00
1.789478540420532227e+00
1.266730189323425293e+00
2.067934274673461914e+00
2.282153367996215820e+00
2.631360530853271484e+00
2.956604957580566406e+00
2.949337720870971680e+00
3.195061683654785156e+00
3.093604564666748047e+00
2.740096092224121094e+00
2.493258476257324219e+00
1.962287187576293945e+00
3.358157634735107422e+00
3.777404785156250000e+00
3.619251489639282227e+00
3.622038602828979492e+00
3.519160270690917969e+00
2.966281175613403320e+00
2.321900129318237305e+00
1.493417263031005859e+00
2.445843458175659180e+00
1.992287874221801758e+00
3.179646968841552734e+00
2.968318462371826172e+00
2.405675411224365234e+00
6.171403408050537109e+00
6.988404750823974609e+00
2.910865545272827148e+00
2.922778606414794922e+00
4.082103729248046875e+00
3.879165172576904297e+00
6.198010921478271484e+00
4.556953430175781250e+00
5.225036144256591797e+00
5.078992843627929688e+00
4.633280277252197266e+00
3.176001310348510742e-01
7.127553820610046387e-01
8.790099620819091797e-01
1.364091634750366211e+00
1.357174873352050781e+00
1.726356983184814453e+00
1.884662628173828125e+00
2.042515754699707031e+00
1.889808535575866699e+00
2.011603116989135742e+00
1.683492898941040039e+00
1.734095811843872070e+00
1.694583892822265625e+00
1.066532015800476074e+00
1.731462955474853516e+00
1.858340740203857422e+00
2.140235424041748047e+00
2.522282123565673828e+00
2.518655776977539062e+00
2.803760290145874023e+00
2.824050664901733398e+00
2.497979879379272461e+00
2.216745138168334961e+00
1.540277600288391113e+00
3.029527902603149414e+00
3.493274688720703125e+00
3.376338958740234375e+00
3.423545360565185547e+00
3.292069196701049805e+00
2.772023200988769531e+00
2.155049800872802734e+00
1.347599983215332031e+00
2.337030649185180664e+00
1.969485282897949219e+00
2.998356103897094727e+00
2.911660194396972656e+00
2.478011608123779297e+00
6.092775344848632812e+00
6.857124328613281250e+00
2.718151807785034180e+00
2.551037549972534180e+00
3.744240045547485352e+00
3.479918003082275391e+00
5.954811573028564453e+00
4.242468357086181641e+00
4.834386825561523438e+00
4.732360363006591797e+00
4.232413291931152344e+00
1.022593736648559570e+00
8.053363561630249023e-01
1.619663476943969727e+00
1.504828095436096191e+00
2.019942760467529297e+00
1.987106084823608398e+00
2.455653905868530273e+00
2.279185295104980469e+00
2.343929052352905273e+00
2.017916917800903320e+00
2.040349960327148438e+00
1.951631188392639160e+00
1.174790859222412109e+00
1.763026237487792969e+00
1.783196449279785156e+00
1.931815743446350098e+00
2.136574029922485352e+00
2.257495164871215820e+00
2.635646104812622070e+00
2.768154144287109375e+00
2.411792278289794922e+00
2.152065038681030273e+00
1.227564334869384766e+00
2.742850065231323242e+00
3.293162345886230469e+00
3.199830532073974609e+00
3.301192283630371094e+00
3.112493753433227539e+00
2.598259925842285156e+00
1.974158167839050293e+00
1.455165266990661621e+00
2.389496088027954102e+00
2.223951339721679688e+00
2.958548545837402344e+00
3.083020687103271484e+00
2.809819698333740234e+00
6.245629787445068359e+00
6.990109920501708984e+00
2.875195026397705078e+00
2.571782827377319336e+00
3.731302499771118164e+00
3.410033226013183594e+00
6.000366687774658203e+00
4.232411384582519531e+00
4.679299354553222656e+00
4.604517459869384766e+00
4.073535919189453125e+00
9.354724884033203125e-01
1.030627012252807617e+00
7.028192281723022461e-01
9.605454802513122559e-01
9.326496720314025879e-01
1.313398122787475586e+00
1.084402084350585938e+00
1.081806182861328125e+00
7.571824789047241211e-01
7.874212861061096191e-01
6.244711279869079590e-01
2.724674940109252930e-01
9.449995160102844238e-01
1.135479569435119629e+00
1.745715856552124023e+00
2.451035022735595703e+00
2.284754753112792969e+00
2.320723533630371094e+00
2.260737419128417969e+00
2.099752664566040039e+00
1.774640083312988281e+00
1.498422622680664062e+00
2.902195930480957031e+00
3.066216230392456055e+00
3.161962270736694336e+00
3.231776237487792969e+00
3.190961360931396484e+00
2.899184942245483398e+00
2.383152246475219727e+00
1.269058227539062500e+00
2.252689361572265625e+00
1.802946448326110840e+00
2.701578617095947266e+00
2.516031503677368164e+00
2.126000404357910156e+00
4.966108798980712891e+00
5.725440025329589844e+00
1.630681037902832031e+00
1.629231333732604980e+00
2.848199844360351562e+00
2.631367921829223633e+00
4.891493320465087891e+00
3.330499887466430664e+00
4.155131816864013672e+00
4.099160671234130859e+00
3.624489545822143555e+00
9.549770951271057129e-01
6.467498540878295898e-01
1.295110225677490234e+00
1.100744605064392090e+00
1.758417487144470215e+00
2.173443555831909180e+00
2.120130538940429688e+00
1.743425369262695312e+00
1.949551820755004883e+00
1.744905829429626465e+00
1.199769616127014160e+00
1.608403444290161133e+00
1.358340740203857422e+00
1.652890682220458984e+00
2.427290439605712891e+00
2.428232431411743164e+00
2.675608873367309570e+00
3.008855342864990234e+00
2.803863763809204102e+00
2.472204685211181641e+00
1.508720397949218750e+00
3.218496799468994141e+00
3.658283233642578125e+00
3.755723714828491211e+00
3.933482885360717773e+00
3.785150766372680664e+00
3.442465782165527344e+00
2.901608228683471680e+00
2.153420448303222656e+00
3.144987344741821289e+00
2.873357534408569336e+00
3.516593456268310547e+00
3.567199230194091797e+00
3.288031339645385742e+00
5.627862453460693359e+00
6.397533416748046875e+00
2.571658134460449219e+00
2.126467466354370117e+00
3.499334812164306641e+00
3.095820903778076172e+00
5.331339836120605469e+00
3.985704660415649414e+00
4.518676280975341797e+00
4.637238025665283203e+00
3.985001564025878906e+00
3.447909057140350342e-01
2.961516678333282471e-01
4.968440532684326172e-01
6.242132186889648438e-01
1.603930830955505371e+00
1.556180834770202637e+00
1.055363416671752930e+00
1.577105641365051270e+00
1.268890380859375000e+00
1.534891128540039062e+00
2.124027490615844727e+00
2.151418209075927734e+00
2.851994037628173828e+00
3.624988079071044922e+00
3.492730379104614258e+00
3.568847417831420898e+00
3.507807016372680664e+00
3.367386579513549805e+00
3.040582418441772461e+00
2.591717243194580078e+00
4.173816680908203125e+00
4.340690135955810547e+00
4.471710205078125000e+00
4.542552471160888672e+00
4.509422302246093750e+00
4.164381027221679688e+00
3.589624404907226562e+00
2.546573638916015625e+00
3.520966768264770508e+00
2.984935045242309570e+00
3.996075630187988281e+00
3.680910110473632812e+00
3.041093111038208008e+00
4.940388202667236328e+00
5.854569435119628906e+00
2.355238199234008789e+00
2.567986011505126953e+00
3.806600570678710938e+00
3.587558507919311523e+00
5.035193920135498047e+00
4.288204669952392578e+00
5.247019290924072266e+00
5.268930912017822266e+00
4.778147220611572266e+00
3.499878048896789551e-01
3.567682206630706787e-01
8.022040128707885742e-01
1.539122223854064941e+00
1.358251690864562988e+00
1.017953276634216309e+00
1.333651423454284668e+00
9.445573687553405762e-01
1.140524983406066895e+00
1.631494045257568359e+00
1.500074744224548340e+00
2.153119564056396484e+00
3.092665672302246094e+00
2.957374334335327148e+00
3.048342704772949219e+00
3.079111814498901367e+00
2.996386528015136719e+00
2.651502370834350586e+00
2.142926692962646484e+00
3.794881105422973633e+00
3.894697427749633789e+00
4.154455661773681641e+00
4.244712829589843750e+00
4.258308410644531250e+00
4.023250579833984375e+00
3.498531103134155273e+00
2.422104835510253906e+00
3.398270845413208008e+00
2.905247449874877930e+00
3.700936079025268555e+00
3.412415027618408203e+00
3.000204086303710938e+00
4.730100154876708984e+00
5.588100910186767578e+00
1.961321592330932617e+00
2.015285491943359375e+00
3.319980621337890625e+00
3.081002950668334961e+00
4.713793754577636719e+00
3.801552057266235352e+00
4.731547355651855469e+00
4.783314704895019531e+00
4.250824451446533203e+00
1.328919827938079834e-01
3.330859541893005371e-01
1.412707924842834473e+00
1.270242810249328613e+00
8.172690868377685547e-01
1.362080574035644531e+00
7.546968460083007812e-01
1.404294252395629883e+00
1.809261202812194824e+00
1.938169836997985840e+00
2.657887458801269531e+00
3.574919939041137695e+00
3.381934404373168945e+00
3.339929103851318359e+00
3.262276411056518555e+00
3.203907728195190430e+00
2.871536731719970703e+00
2.579491615295410156e+00
4.114853382110595703e+00
4.104478359222412109e+00
4.369899272918701172e+00
4.433634281158447266e+00
4.466878890991210938e+00
4.254787921905517578e+00
3.738204956054687500e+00
2.587689876556396484e+00
3.527748823165893555e+00
2.979263067245483398e+00
3.866523504257202148e+00
3.493641138076782227e+00
2.981132268905639648e+00
4.365143775939941406e+00
5.262598991394042969e+00
1.853002429008483887e+00
2.188274145126342773e+00
3.348317861557006836e+00
3.147821903228759766e+00
4.488144874572753906e+00
3.821926355361938477e+00
4.852877140045166016e+00
4.905640125274658203e+00
4.434361457824707031e+00
5.266941189765930176e-01
1.553877711296081543e+00
1.286463856697082520e+00
1.015924096107482910e+00
1.323738813400268555e+00
6.308425068855285645e-01
1.319929242134094238e+00
1.549625277519226074e+00
1.623067021369934082e+00
2.337664842605590820e+00
3.404662370681762695e+00
3.084930896759033203e+00
3.069806337356567383e+00
3.066820859909057617e+00
3.063356876373291016e+00
2.724715471267700195e+00
2.445427656173706055e+00
3.983262538909912109e+00
3.887596368789672852e+00
4.260899066925048828e+00
4.348348617553710938e+00
4.405970573425292969e+00
4.292664527893066406e+00
3.829603433609008789e+00
2.637757301330566406e+00
3.590568780899047852e+00
3.090352058410644531e+00
3.797340393066406250e+00
3.460688591003417969e+00
3.076678514480590820e+00
4.234452724456787109e+00
5.098075866699218750e+00
1.660819411277770996e+00
1.861081480979919434e+00
3.067572355270385742e+00
2.840686798095703125e+00
4.269803524017333984e+00
3.540351390838623047e+00
4.554470062255859375e+00
4.644131660461425781e+00
4.138070583343505859e+00
8.010783195495605469e-01
8.627129197120666504e-01
2.753054499626159668e-01
1.091358423233032227e+00
7.631735801696777344e-01
1.717508912086486816e+00
1.947843551635742188e+00
2.171920061111450195e+00
2.900494337081909180e+00
3.834971904754638672e+00
3.580242395401000977e+00
3.497340917587280273e+00
3.214198112487792969e+00
3.135628938674926758e+00
2.867597341537475586e+00
2.929874658584594727e+00
4.217782020568847656e+00
4.123118877410888672e+00
4.300145626068115234e+00
4.289250373840332031e+00
4.395037174224853516e+00
4.210345745086669922e+00
3.757127285003662109e+00
2.563580751419067383e+00
3.334190845489501953e+00
2.766280651092529297e+00
3.676598310470581055e+00
3.100777387619018555e+00
2.415694475173950195e+00
4.222268104553222656e+00
5.131947040557861328e+00
1.815475821495056152e+00
2.310075044631958008e+00
3.389201402664184570e+00
3.215821743011474609e+00
4.447864055633544922e+00
3.854740858078002930e+00
4.931639671325683594e+00
4.964098930358886719e+00
4.542915821075439453e+00
1.329628825187683105e-01
3.342748880386352539e-01
3.038723766803741455e-01
5.277653932571411133e-01
1.250655770301818848e+00
1.480302929878234863e+00
2.046670913696289062e+00
2.535892248153686523e+00
3.038882255554199219e+00
2.840741872787475586e+00
2.710131645202636719e+00
2.190005064010620117e+00
2.028356313705444336e+00
1.934338688850402832e+00
2.339061737060546875e+00
3.305516958236694336e+00
3.128562450408935547e+00
3.189386367797851562e+00
3.112177371978759766e+00
3.297827482223510742e+00
3.192541837692260742e+00
2.894480705261230469e+00
1.690336585044860840e+00
2.185263633728027344e+00
1.594612598419189453e+00
2.484859228134155273e+00
1.778100967407226562e+00
1.155315518379211426e+00
4.885560035705566406e+00
5.634099006652832031e+00
1.484139084815979004e+00
2.161469459533691406e+00
2.856075286865234375e+00
2.830292701721191406e+00
5.100851058959960938e+00
3.350802898406982422e+00
4.165556430816650391e+00
4.019004344940185547e+00
3.710922956466674805e+00
1.328113675117492676e-01
3.315299749374389648e-01
3.212065100669860840e-01
1.165976524353027344e+00
1.294495701789855957e+00
1.838165163993835449e+00
2.410166740417480469e+00
3.066120147705078125e+00
2.819623231887817383e+00
2.677177667617797852e+00
2.287453174591064453e+00
2.234518051147460938e+00
2.001435995101928711e+00
2.331636190414428711e+00
3.398240327835083008e+00
3.161526679992675781e+00
3.447907209396362305e+00
3.440169334411621094e+00
3.586498975753784180e+00
3.523614168167114258e+00
3.191978931427001953e+00
1.935476541519165039e+00
2.576920270919799805e+00
2.006752490997314453e+00
2.816995143890380859e+00
2.138463735580444336e+00
1.560133457183837891e+00
4.456996440887451172e+00
5.199158191680908203e+00
1.195833444595336914e+00
1.899600863456726074e+00
2.730809211730957031e+00
2.616079092025756836e+00
4.755406379699707031e+00
3.194815635681152344e+00
4.122859477996826172e+00
4.055647373199462891e+00
3.723757743835449219e+00
3.186949491500854492e-01
3.346277475357055664e-01
9.411687850952148438e-01
1.262450337409973145e+00
1.709406733512878418e+00
2.296144962310791016e+00
2.989617347717285156e+00
2.775495052337646484e+00
2.688956260681152344e+00
2.403636217117309570e+00
2.328205347061157227e+00
2.036312580108642578e+00
2.158329725265502930e+00
3.387541294097900391e+00
3.271325826644897461e+00
3.513897418975830078e+00
3.537712574005126953e+00
3.630956411361694336e+00
3.517191648483276367e+00
3.123119115829467773e+00
1.857700705528259277e+00
2.680700063705444336e+00
2.120410442352294922e+00
2.940791130065917969e+00
2.426099777221679688e+00
1.910417675971984863e+00
4.509672164916992188e+00
5.340882778167724609e+00
1.394333481788635254e+00
1.913866400718688965e+00
2.883724212646484375e+00
2.731684207916259766e+00
4.810394287109375000e+00
3.360788106918334961e+00
4.283481121063232422e+00
4.217475891113281250e+00
3.855734825134277344e+00
1.329095959663391113e-01
7.054191231727600098e-01
8.648576140403747559e-01
1.438281059265136719e+00
1.934767723083496094e+00
2.565569639205932617e+00
2.322166919708251953e+00
2.201432704925537109e+00
1.736939311027526855e+00
1.679902791976928711e+00
1.524883985519409180e+00
1.841979146003723145e+00
2.931564092636108398e+00
2.709652900695800781e+00
2.925871849060058594e+00
2.919704914093017578e+00
3.103569507598876953e+00
3.165880203247070312e+00
2.866376161575317383e+00
1.575429916381835938e+00
2.252614021301269531e+00
1.821527838706970215e+00
2.316963672637939453e+00
1.779593825340270996e+00
1.409249782562255859e+00
4.595031738281250000e+00
5.269483566284179688e+00
1.049219250679016113e+00
1.582264542579650879e+00
2.274483442306518555e+00
2.249376058578491211e+00
4.691426277160644531e+00
2.750380516052246094e+00
3.606308698654174805e+00
3.503739356994628906e+00
3.179694414138793945e+00
5.859624743461608887e-01
7.348098158836364746e-01
1.206282496452331543e+00
1.797031521797180176e+00
2.584117889404296875e+00
2.323248863220214844e+00
2.213032245635986328e+00
2.035682201385498047e+00
2.010986804962158203e+00
1.695374608039855957e+00
1.778517246246337891e+00
3.037577152252197266e+00
2.885639905929565430e+00
3.225362777709960938e+00
3.290299892425537109e+00
3.380548715591430664e+00
3.362528324127197266e+00
3.032836914062500000e+00
1.748837590217590332e+00
2.538904666900634766e+00
2.059277296066284180e+00
2.700073480606079102e+00
2.264810800552368164e+00
1.877802133560180664e+00
4.064578056335449219e+00
4.866369247436523438e+00
1.022111773490905762e+00
1.400237679481506348e+00
2.421207666397094727e+00
2.245994806289672852e+00
4.200820446014404297e+00
2.903936624526977539e+00
3.822433471679687500e+00
3.777953863143920898e+00
3.364822864532470703e+00
3.404757976531982422e-01
7.009401917457580566e-01
1.146728396415710449e+00
1.713681936264038086e+00
1.524152636528015137e+00
1.565459370613098145e+00
1.592728734016418457e+00
1.449849963188171387e+00
1.093915462493896484e+00
8.810609579086303711e-01
2.237527370452880859e+00
2.341113328933715820e+00
2.570966005325317383e+00
2.705429315567016602e+00
2.701826810836791992e+00
2.667350292205810547e+00
2.331142663955688477e+00
1.207302093505859375e+00
2.140966653823852539e+00
1.854259610176086426e+00
2.227681636810302734e+00
2.218215703964233398e+00
2.115773677825927734e+00
4.919270038604736328e+00
5.615475654602050781e+00
1.371664762496948242e+00
1.292214393615722656e+00
2.355643987655639648e+00
2.145148277282714844e+00
4.735902786254882812e+00
2.831754207611083984e+00
3.496003866195678711e+00
3.411683082580566406e+00
2.925593137741088867e+00
3.013129532337188721e-01
6.991622447967529297e-01
1.565780401229858398e+00
1.241919517517089844e+00
1.222198843955993652e+00
1.364406466484069824e+00
1.416515231132507324e+00
1.058964014053344727e+00
8.682342171669006348e-01
2.173551321029663086e+00
2.142849922180175781e+00
2.531163692474365234e+00
2.713153839111328125e+00
2.759280681610107422e+00
2.838932514190673828e+00
2.582134485244750977e+00
1.450912714004516602e+00
2.296958208084106445e+00
2.005836486816406250e+00
2.233671426773071289e+00
2.198805570602416992e+00
2.168105602264404297e+00
4.441098690032958984e+00
5.087998867034912109e+00
7.784130573272705078e-01
7.618498802185058594e-01
1.751491069793701172e+00
1.556805133819580078e+00
4.188032627105712891e+00
2.223191738128662109e+00
3.018612861633300781e+00
2.987569570541381836e+00
2.506452798843383789e+00
2.935400307178497314e-01
1.061864256858825684e+00
7.958928346633911133e-01
9.878118038177490234e-01
1.428761720657348633e+00
1.411753535270690918e+00
1.090377211570739746e+00
5.614748001098632812e-01
1.872237443923950195e+00
2.010098695755004883e+00
2.364228963851928711e+00
2.619966030120849609e+00
2.602163553237915039e+00
2.739219665527343750e+00
2.501537561416625977e+00
1.642649888992309570e+00
2.421257972717285156e+00
2.174821853637695312e+00
2.256672382354736328e+00
2.468856334686279297e+00
2.576074361801147461e+00
4.468390941619873047e+00
5.108756542205810547e+00
1.094261765480041504e+00
5.591515302658081055e-01
1.943684697151184082e+00
1.548850655555725098e+00
4.035696506500244141e+00
2.391753673553466797e+00
2.863162517547607422e+00
2.939329147338867188e+00
2.295634746551513672e+00
6.512755155563354492e-01
5.373024344444274902e-01
8.583686947822570801e-01
1.603758931159973145e+00
1.567644596099853516e+00
1.267903685569763184e+00
5.373643040657043457e-01
1.628804206848144531e+00
1.921168088912963867e+00
2.222774505615234375e+00
2.566391229629516602e+00
2.471020936965942383e+00
2.591289043426513672e+00
2.412019252777099609e+00
1.930885434150695801e+00
2.579435348510742188e+00
2.395089387893676758e+00
2.342078208923339844e+00
2.768777132034301758e+00
2.973751306533813477e+00
4.900355815887451172e+00
5.443139076232910156e+00
1.504731178283691406e+00
9.376649856567382812e-01
1.930701732635498047e+00
1.396343946456909180e+00
4.236373424530029297e+00
2.346292257308959961e+00
2.711189746856689453e+00
2.811249971389770508e+00
2.139561414718627930e+00
3.642037808895111084e-01
8.823698759078979492e-01
1.432269930839538574e+00
1.257269859313964844e+00
1.236149072647094727e+00
6.693211197853088379e-01
7.247846722602844238e-01
1.312487363815307617e+00
1.434797763824462891e+00
1.791148066520690918e+00
1.603225111961364746e+00
1.859342217445373535e+00
1.731838822364807129e+00
1.787193179130554199e+00
2.058705806732177734e+00
1.967490553855895996e+00
1.748059868812561035e+00
2.456192970275878906e+00
2.791988134384155273e+00
6.148276329040527344e+00
6.625700950622558594e+00
2.419321537017822266e+00
2.167848110198974609e+00
2.444321870803833008e+00
2.050118446350097656e+00
5.436971187591552734e+00
2.864497423171997070e+00
2.776908397674560547e+00
2.636164665222167969e+00
2.159898042678833008e+00
2.967216372489929199e-01
1.043686032295227051e+00
1.102164268493652344e+00
7.202832698822021484e-01
8.251476287841796875e-01
1.041448235511779785e+00
1.132148981094360352e+00
1.476516366004943848e+00
1.892985105514526367e+00
1.865221619606018066e+00
2.182919263839721680e+00
2.108297586441040039e+00
1.809833765029907227e+00
2.218348264694213867e+00
2.020578384399414062e+00
1.760782957077026367e+00
2.325204610824584961e+00
2.694255352020263672e+00
5.296944618225097656e+00
5.716578483581542969e+00
1.778185725212097168e+00
1.345016360282897949e+00
1.592317104339599609e+00
1.155128955841064453e+00
4.537309646606445312e+00
2.001879453659057617e+00
2.011390209197998047e+00
2.119834184646606445e+00
1.428130388259887695e+00
6.119722127914428711e-01
9.038938283920288086e-01
3.242555856704711914e-01
1.259314060211181641e+00
1.135293602943420410e+00
6.845945119857788086e-01
1.267733097076416016e+00
1.700148940086364746e+00
1.788601875305175781e+00
2.286869287490844727e+00
2.356285572052001953e+00
1.891871094703674316e+00
2.099410533905029297e+00
1.857327103614807129e+00
1.557624220848083496e+00
2.059194087982177734e+00
2.483302354812622070e+00
5.277307033538818359e+00
5.713030338287353516e+00
1.627547144889831543e+00
1.288126468658447266e+00
1.369547963142395020e+00
1.181355118751525879e+00
4.624929904937744141e+00
1.744439601898193359e+00
1.869085550308227539e+00
1.636542677879333496e+00
1.277588248252868652e+00
2.682238519191741943e-01
3.115983903408050537e-01
1.691486001014709473e+00
1.254191160202026367e+00
6.089830398559570312e-01
1.018685221672058105e+00
1.171132683753967285e+00
1.398872494697570801e+00
2.081856012344360352e+00
2.360958099365234375e+00
1.658757209777832031e+00
1.519361615180969238e+00
1.228019118309020996e+00
7.738855481147766113e-01
1.107591509819030762e+00
1.627919554710388184e+00
5.267751693725585938e+00
5.708019733428955078e+00
1.619940757751464844e+00
1.565538287162780762e+00
1.540348052978515625e+00
1.729789733886718750e+00
4.876992702484130859e+00
1.894792795181274414e+00
2.139197111129760742e+00
1.831869721412658691e+00
1.585550308227539062e+00
1.329370737075805664e-01
1.393468618392944336e+00
1.105190634727478027e+00
6.885563731193542480e-01
7.541066408157348633e-01
7.373370528221130371e-01
9.971542358398437500e-01
1.706771016120910645e+00
1.865336060523986816e+00
1.217316865921020508e+00
1.211303710937500000e+00
9.470789432525634766e-01
2.899315357208251953e-01
1.035465359687805176e+00
1.479016542434692383e+00
5.543241500854492188e+00
6.020933628082275391e+00
1.861476778984069824e+00
1.880045056343078613e+00
1.948936700820922852e+00
2.074836492538452148e+00
5.227430343627929688e+00
2.332239627838134766e+00
2.450876951217651367e+00
2.052046537399291992e+00
1.869271636009216309e+00
1.175883412361145020e+00
1.367873668670654297e+00
9.450859427452087402e-01
1.316009283065795898e+00
1.440040111541748047e+00
1.596733808517456055e+00
1.959487438201904297e+00
1.938668608665466309e+00
1.091297507286071777e+00
1.419744372367858887e+00
1.111183166503906250e+00
9.943612217903137207e-01
1.268770337104797363e+00
1.622664332389831543e+00
4.954379081726074219e+00
5.409229278564453125e+00
1.253172755241394043e+00
1.089181542396545410e+00
1.213078498840332031e+00
1.233370780944824219e+00
4.468785762786865234e+00
1.667263984680175781e+00
2.006069660186767578e+00
1.819036245346069336e+00
1.451233148574829102e+00
1.269169926643371582e+00
1.906381845474243164e+00
1.897833466529846191e+00
2.146315097808837891e+00
1.891642093658447266e+00
1.741164565086364746e+00
1.504157781600952148e+00
1.123831510543823242e+00
1.822925567626953125e+00
1.810213565826416016e+00
1.952364563941955566e+00
2.438098430633544922e+00
2.509261369705200195e+00
5.714020729064941406e+00
6.317000389099121094e+00
2.016492605209350586e+00
1.674947381019592285e+00
2.559965610504150391e+00
2.164455890655517578e+00
5.213338375091552734e+00
3.016626358032226562e+00
3.252433776855468750e+00
3.246311426162719727e+00
2.652371168136596680e+00
5.132834911346435547e-01
4.109873473644256592e-01
1.035883903503417969e+00
6.742876172065734863e-01
1.169419527053833008e+00
1.573333740234375000e+00
1.868730664253234863e+00
1.775530338287353516e+00
1.735261559486389160e+00
1.282946228981018066e+00
2.191504716873168945e+00
2.658081293106079102e+00
6.555141448974609375e+00
6.940795898437500000e+00
2.848859310150146484e+00
2.615990400314331055e+00
2.571840524673461914e+00
2.425337553024291992e+00
5.915580749511718750e+00
2.885337591171264648e+00
2.614771842956542969e+00
2.221149206161499023e+00
2.063663482666015625e+00
1.328729540109634399e-01
6.006289124488830566e-01
7.285984754562377930e-01
1.596836566925048828e+00
2.106926679611206055e+00
1.959698677062988281e+00
1.668327927589416504e+00
1.604751348495483398e+00
7.673462033271789551e-01
1.713630795478820801e+00
2.376175403594970703e+00
5.786009311676025391e+00
6.126543521881103516e+00
2.300546169281005859e+00
2.013541936874389648e+00
1.790269374847412109e+00
1.922192454338073730e+00
5.210180282592773438e+00
2.052388429641723633e+00
1.851989150047302246e+00
1.413787961006164551e+00
1.290412664413452148e+00
3.530539870262145996e-01
2.609573900699615479e-01
1.093722105026245117e+00
1.714815020561218262e+00
1.692979216575622559e+00
1.391345739364624023e+00
1.405331134796142578e+00
7.207942605018615723e-01
1.685257315635681152e+00
2.284121274948120117e+00
6.508265495300292969e+00
6.874245643615722656e+00
2.903122186660766602e+00
2.695492267608642578e+00
2.546580553054809570e+00
2.573363780975341797e+00
5.964559555053710938e+00
2.818468809127807617e+00
2.561273336410522461e+00
2.088025569915771484e+00
2.011861562728881836e+00
1.328805834054946899e-01
8.517274856567382812e-01
1.543441653251647949e+00
1.546030402183532715e+00
1.157128691673278809e+00
1.272973656654357910e+00
3.052449524402618408e-01
1.273934721946716309e+00
2.017702817916870117e+00
6.767774105072021484e+00
7.167434692382812500e+00
3.140109777450561523e+00
3.049308300018310547e+00
2.927406549453735352e+00
3.027553081512451172e+00
6.343071460723876953e+00
3.209796667098999023e+00
3.010058879852294922e+00
2.505993127822875977e+00
2.449301958084106445e+00
6.799765825271606445e-01
1.324967503547668457e+00
1.574986219406127930e+00
1.279018759727478027e+00
1.398174166679382324e+00
5.873416066169738770e-01
1.692282557487487793e+00
2.297731876373291016e+00
6.990797042846679688e+00
7.392213821411132812e+00
3.312151908874511719e+00
3.205877065658569336e+00
3.113874673843383789e+00
3.151360750198364258e+00
6.529880046844482422e+00
3.402015924453735352e+00
3.061575412750244141e+00
2.567883729934692383e+00
2.544178962707519531e+00
4.005019366741180420e-01
1.233060002326965332e+00
9.978039860725402832e-01
1.220237731933593750e+00
1.086240172386169434e+00
1.975981473922729492e+00
2.296674966812133789e+00
7.445038795471191406e+00
7.958850860595703125e+00
3.635290145874023438e+00
3.643620491027832031e+00
3.765550136566162109e+00
3.705252170562744141e+00
7.062370300292968750e+00
4.144849777221679688e+00
4.013296127319335938e+00
3.535449504852294922e+00
3.478476524353027344e+00
1.048413991928100586e+00
1.016138553619384766e+00
1.281791090965270996e+00
1.641842961311340332e+00
2.170550823211669922e+00
2.294858217239379883e+00
7.357780456542968750e+00
7.944316864013671875e+00
3.537475585937500000e+00
3.495038986206054688e+00
3.888095855712890625e+00
3.743022680282592773e+00
7.018219470977783203e+00
4.310025691986083984e+00
4.367516994476318359e+00
3.976250410079956055e+00
3.763065814971923828e+00
3.200463950634002686e-01
2.991276085376739502e-01
1.128215432167053223e+00
1.093606710433959961e+00
1.166726589202880859e+00
6.142631530761718750e+00
6.781006336212158203e+00
2.413730144500732422e+00
2.459889888763427734e+00
3.051599740982055664e+00
2.985131263732910156e+00
5.954705715179443359e+00
3.517670631408691406e+00
3.957092523574829102e+00
3.629344463348388672e+00
3.400828123092651367e+00
1.330539733171463013e-01
7.522206306457519531e-01
8.744673728942871094e-01
1.180060148239135742e+00
6.659849643707275391e+00
7.197191715240478516e+00
2.989510297775268555e+00
3.129190206527709961e+00
3.255409955978393555e+00
3.373362779617309570e+00
6.475229263305664062e+00
3.630113840103149414e+00
3.816344499588012695e+00
3.415312290191650391e+00
3.236143112182617188e+00
7.045122385025024414e-01
7.143471837043762207e-01
7.041498422622680664e-01
6.292001247406005859e+00
6.833185672760009766e+00
2.628529787063598633e+00
2.785260438919067383e+00
2.930186271667480469e+00
3.054221868515014648e+00
6.115644931793212891e+00
3.313941001892089844e+00
3.577118635177612305e+00
3.207841873168945312e+00
3.002672910690307617e+00
8.958820104598999023e-01
1.506365180015563965e+00
6.296981811523437500e+00
6.711729049682617188e+00
2.691591262817382812e+00
2.706506013870239258e+00
2.593653440475463867e+00
2.806981563568115234e+00
5.969392776489257812e+00
2.879104375839233398e+00
2.866148471832275391e+00
2.420306444168090820e+00
2.284514188766479492e+00
5.164096355438232422e-01
5.932901382446289062e+00
6.416973590850830078e+00
2.481373071670532227e+00
2.710188865661621094e+00
2.653088569641113281e+00
2.925968408584594727e+00
5.865606307983398438e+00
3.023355722427368164e+00
3.296412229537963867e+00
2.932052135467529297e+00
2.741147518157958984e+00
5.656802654266357422e+00
6.227922916412353516e+00
2.274432659149169922e+00
2.766994714736938477e+00
2.846032619476318359e+00
3.091930627822875977e+00
5.788219451904296875e+00
3.304427385330200195e+00
3.834683656692504883e+00
3.556279659271240234e+00
3.311064958572387695e+00
6.271747946739196777e-01
3.527177810668945312e+00
3.787304162979125977e+00
3.645851850509643555e+00
3.668599843978881836e+00
1.263128519058227539e+00
3.853429555892944336e+00
4.900577545166015625e+00
5.276360511779785156e+00
5.067616462707519531e+00
4.110039234161376953e+00
4.290177345275878906e+00
3.931259632110595703e+00
4.041074275970458984e+00
1.349640965461730957e+00
4.015077114105224609e+00
4.908103942871093750e+00
5.334044933319091797e+00
5.204637527465820312e+00
3.499695658683776855e-01
1.100909471511840820e+00
9.310292005538940430e-01
3.218996524810791016e+00
1.578981161117553711e+00
2.643282651901245117e+00
2.739545106887817383e+00
2.309692859649658203e+00
6.665486693382263184e-01
3.833362758159637451e-01
3.254555463790893555e+00
1.113524913787841797e+00
2.012914657592773438e+00
2.209598064422607422e+00
1.665258169174194336e+00
3.221574127674102783e-01
3.084148168563842773e+00
3.854174613952636719e-01
1.437454819679260254e+00
1.598056316375732422e+00
1.250241398811340332e+00
2.924148082733154297e+00
7.417612671852111816e-01
1.468733549118041992e+00
1.789141893386840820e+00
1.096829652786254883e+00
3.101330757141113281e+00
3.931613683700561523e+00
4.414819717407226562e+00
4.189499855041503906e+00
7.812277078628540039e-01
1.104184389114379883e+00
9.782355427742004395e-01
3.353261351585388184e-01
3.649540543556213379e-01
1.330279707908630371e-01
