3.646971583366394043e-01
1.766239881515502930e+00
1.735266327857971191e+00
2.873937606811523438e+00
2.412575244903564453e+00
5.827210903167724609e+00
5.550777435302734375e+00
5.268799781799316406e+00
4.193396568298339844e+00
2.814044475555419922e+00
2.072008132934570312e+00
1.582829236984252930e+00
2.058498144149780273e+00
2.511043787002563477e+00
3.337967157363891602e+00
3.539793252944946289e+00
5.993563175201416016e+00
5.777380466461181641e+00
6.944406509399414062e+00
6.879545211791992188e+00
7.015116214752197266e+00
6.000224113464355469e+00
5.840078353881835938e+00
5.432214736938476562e+00
5.360165596008300781e+00
1.597614884376525879e+00
6.942771077156066895e-01
7.113591432571411133e-01
3.089187383651733398e+00
3.643470764160156250e+00
7.062006473541259766e+00
8.228373527526855469e+00
8.476118087768554688e+00
8.966355323791503906e+00
9.051617622375488281e+00
9.180908203125000000e+00
9.412834167480468750e+00
9.983160018920898438e+00
9.608393669128417969e+00
9.767209053039550781e+00
8.631142616271972656e+00
9.638028144836425781e+00
9.330593109130859375e+00
8.941963195800781250e+00
8.654413223266601562e+00
8.414402961730957031e+00
8.585572242736816406e+00
8.381075859069824219e+00
8.102458953857421875e+00
8.316329002380371094e+00
7.832063198089599609e+00
7.848762989044189453e+00
8.185147285461425781e+00
7.653589725494384766e+00
7.670255184173583984e+00
7.808287143707275391e+00
8.276053428649902344e+00
7.290594100952148438e+00
7.401742935180664062e+00
7.554591655731201172e+00
7.962279319763183594e+00
7.314930438995361328e+00
8.411505699157714844e+00
8.512044906616210938e+00
7.564101696014404297e+00
8.431466102600097656e+00
8.839999198913574219e+00
8.975503921508789062e+00
9.836819648742675781e+00
9.963006973266601562e+00
9.001218795776367188e+00
9.179745674133300781e+00
8.877453804016113281e+00
8.473688125610351562e+00
8.362531661987304688e+00
7.422712326049804688e+00
6.634678363800048828e+00
6.413444042205810547e+00
5.672109127044677734e+00
3.993358373641967773e+00
3.307282924652099609e+00
3.558488845825195312e+00
2.949323415756225586e+00
3.345854520797729492e+00
2.762212753295898438e+00
2.658929824829101562e+00
2.217653751373291016e+00
2.575995445251464844e+00
1.222415924072265625e+00
1.085852742195129395e+00
2.181676387786865234e+00
1.768218994140625000e+00
5.616508483886718750e+00
5.278410434722900391e+00
4.983374118804931641e+00
3.851166725158691406e+00
2.345655918121337891e+00
1.576936006546020508e+00
1.037881612777709961e+00
2.072567462921142578e+00
2.542677640914916992e+00
2.940150260925292969e+00
3.253607034683227539e+00
5.701493263244628906e+00
5.372718334197998047e+00
6.642799377441406250e+00
6.666918754577636719e+00
6.778960227966308594e+00
5.869222164154052734e+00
5.704249858856201172e+00
5.307304382324218750e+00
5.252954959869384766e+00
1.368666052818298340e+00
7.816169857978820801e-01
3.899009525775909424e-01
2.962666988372802734e+00
3.389701128005981445e+00
6.607478141784667969e+00
7.719825267791748047e+00
8.004583358764648438e+00
8.479038238525390625e+00
8.607121467590332031e+00
8.760008811950683594e+00
9.028691291809082031e+00
9.609578132629394531e+00
9.247430801391601562e+00
9.407906532287597656e+00
8.332934379577636719e+00
9.367717742919921875e+00
9.076607704162597656e+00
8.691554069519042969e+00
8.413717269897460938e+00
8.187896728515625000e+00
8.307225227355957031e+00
7.986028194427490234e+00
7.737201690673828125e+00
7.951181411743164062e+00
7.405616760253906250e+00
7.511461257934570312e+00
7.852224349975585938e+00
7.351352214813232422e+00
7.391808986663818359e+00
7.522144317626953125e+00
7.945739746093750000e+00
6.972197532653808594e+00
6.963001251220703125e+00
7.053892135620117188e+00
7.454471588134765625e+00
6.865689277648925781e+00
8.125065803527832031e+00
8.057254791259765625e+00
7.066435813903808594e+00
7.933678150177001953e+00
8.316355705261230469e+00
8.475071907043457031e+00
9.347124099731445312e+00
9.508811950683593750e+00
8.549554824829101562e+00
8.654490470886230469e+00
8.359021186828613281e+00
7.930058002471923828e+00
7.787022590637207031e+00
6.927810668945312500e+00
6.103066921234130859e+00
5.903706073760986328e+00
5.148228168487548828e+00
3.543871879577636719e+00
2.832640647888183594e+00
3.178087472915649414e+00
2.591929435729980469e+00
2.916529655456542969e+00
2.120651721954345703e+00
2.105156660079956055e+00
1.629293799400329590e+00
2.145516395568847656e+00
3.407085239887237549e-01
1.506737947463989258e+00
1.376781940460205078e+00
5.178725242614746094e+00
4.544504165649414062e+00
4.166376590728759766e+00
3.160408496856689453e+00
1.725801944732666016e+00
9.140029549598693848e-01
6.285294294357299805e-01
1.969437718391418457e+00
2.081944942474365234e+00
2.093643903732299805e+00
2.280750274658203125e+00
4.665183544158935547e+00
4.406038761138916016e+00
5.498220920562744141e+00
5.625264644622802734e+00
5.819137573242187500e+00
5.186523914337158203e+00
4.911827087402343750e+00
4.616422176361083984e+00
4.502932548522949219e+00
5.938489437103271484e-01
8.994384407997131348e-01
1.114124774932861328e+00
1.799288988113403320e+00
2.030623435974121094e+00
5.401087760925292969e+00
6.638082027435302734e+00
6.975716114044189453e+00
7.273326396942138672e+00
7.466169357299804688e+00
7.733217716217041016e+00
8.062473297119140625e+00
8.519028663635253906e+00
8.112277984619140625e+00
8.212368011474609375e+00
7.291465282440185547e+00
8.223978996276855469e+00
8.186040878295898438e+00
7.758239746093750000e+00
7.564682006835937500e+00
7.317644119262695312e+00
7.525048255920410156e+00
7.032145500183105469e+00
6.821046352386474609e+00
7.032185077667236328e+00
6.394031047821044922e+00
6.614811897277832031e+00
6.744370460510253906e+00
6.226538658142089844e+00
6.224777221679687500e+00
6.259356021881103516e+00
6.594142436981201172e+00
5.647957324981689453e+00
5.602410316467285156e+00
5.728927612304687500e+00
6.101162433624267578e+00
5.544741630554199219e+00
6.855579376220703125e+00
6.623311042785644531e+00
5.648368835449218750e+00
6.505437374114990234e+00
6.913425445556640625e+00
7.014168262481689453e+00
7.981180667877197266e+00
8.184410095214843750e+00
7.340497970581054688e+00
7.367486476898193359e+00
7.092796325683593750e+00
6.575788497924804688e+00
6.570601940155029297e+00
5.884363651275634766e+00
5.022887706756591797e+00
4.863786697387695312e+00
3.990656614303588867e+00
2.168483018875122070e+00
1.591511845588684082e+00
1.780941486358642578e+00
1.191450476646423340e+00
1.478502988815307617e+00
9.077082276344299316e-01
7.649503350257873535e-01
3.067938089370727539e-01
6.389216780662536621e-01
1.015152931213378906e+00
8.730598688125610352e-01
4.947204113006591797e+00
4.357587814331054688e+00
4.002181529998779297e+00
2.918281078338623047e+00
1.413057327270507812e+00
6.041175723075866699e-01
2.730675935745239258e-01
1.967361211776733398e+00
2.074760675430297852e+00
1.910269737243652344e+00
2.258929014205932617e+00
4.553861618041992188e+00
4.208901405334472656e+00
5.400948047637939453e+00
5.568151950836181641e+00
5.713395595550537109e+00
5.086879253387451172e+00
4.851562976837158203e+00
4.538524627685546875e+00
4.464676380157470703e+00
8.904762864112854004e-01
1.246352195739746094e+00
1.019788622856140137e+00
2.074415445327758789e+00
2.217945098876953125e+00
5.245568752288818359e+00
6.398791790008544922e+00
6.738144874572753906e+00
7.090205192565917969e+00
7.289069175720214844e+00
7.526839256286621094e+00
7.853933334350585938e+00
8.349429130554199219e+00
7.965778827667236328e+00
8.086225509643554688e+00
7.144164562225341797e+00
8.120444297790527344e+00
8.022653579711914062e+00
7.614824771881103516e+00
7.401588439941406250e+00
7.174339294433593750e+00
7.304944515228271484e+00
6.813715457916259766e+00
6.611454486846923828e+00
6.818439006805419922e+00
6.184017658233642578e+00
6.409028053283691406e+00
6.606731414794921875e+00
6.102676391601562500e+00
6.138343811035156250e+00
6.205078601837158203e+00
6.554193973541259766e+00
5.610336303710937500e+00
5.504191875457763672e+00
5.575890541076660156e+00
5.948348522186279297e+00
5.435849189758300781e+00
6.798797607421875000e+00
6.550662517547607422e+00
5.538876533508300781e+00
6.398493289947509766e+00
6.778615474700927734e+00
6.917878150939941406e+00
7.856471061706542969e+00
8.069502830505371094e+00
7.181709289550781250e+00
7.189821243286132812e+00
6.911786079406738281e+00
6.410561561584472656e+00
6.339684963226318359e+00
5.641354084014892578e+00
4.771480560302734375e+00
4.614444255828857422e+00
3.774359941482543945e+00
2.115997076034545898e+00
1.485790371894836426e+00
1.785487532615661621e+00
1.509111046791076660e+00
1.724927663803100586e+00
5.902200937271118164e-01
5.799214243888854980e-01
3.737544119358062744e-01
8.710030913352966309e-01
3.138107955455780029e-01
4.460858345031738281e+00
3.947780370712280273e+00
3.654082298278808594e+00
2.502324581146240234e+00
1.229249000549316406e+00
7.725468277931213379e-01
1.355870127677917480e+00
2.680580615997314453e+00
2.628462791442871094e+00
1.786839008331298828e+00
2.432962417602539062e+00
4.276011466979980469e+00
3.724322557449340820e+00
5.092814922332763672e+00
5.372821807861328125e+00
5.401174545288085938e+00
4.863803386688232422e+00
4.710150241851806641e+00
4.393560886383056641e+00
4.404389381408691406e+00
2.034627676010131836e+00
2.492436170578002930e+00
2.203057765960693359e+00
2.862701416015625000e+00
2.811976194381713867e+00
4.851023197174072266e+00
5.736704826354980469e+00
6.063334941864013672e+00
6.583019256591796875e+00
6.778563022613525391e+00
6.918267250061035156e+00
7.233748912811279297e+00
7.830919265747070312e+00
7.521502017974853516e+00
7.703299045562744141e+00
6.692203521728515625e+00
7.786091804504394531e+00
7.525876998901367188e+00
7.164276599884033203e+00
6.924116611480712891e+00
6.744455814361572266e+00
6.705244541168212891e+00
6.188621520996093750e+00
5.972691535949707031e+00
6.213778018951416016e+00
5.585961341857910156e+00
5.839171409606933594e+00
6.202723026275634766e+00
5.749832630157470703e+00
5.889806270599365234e+00
6.055998325347900391e+00
6.425883293151855469e+00
5.534411430358886719e+00
5.288008213043212891e+00
5.208643913269042969e+00
5.550237178802490234e+00
5.183057308197021484e+00
6.616082668304443359e+00
6.351946830749511719e+00
5.299946308135986328e+00
6.094240188598632812e+00
6.341241359710693359e+00
6.609275341033935547e+00
7.503520965576171875e+00
7.722088336944580078e+00
6.733536243438720703e+00
6.714227676391601562e+00
6.430526733398437500e+00
5.952620506286621094e+00
5.726105690002441406e+00
4.976497173309326172e+00
4.117741107940673828e+00
3.961606025695800781e+00
3.276705741882324219e+00
2.176432132720947266e+00
1.520832777023315430e+00
1.970382928848266602e+00
2.267401933670043945e+00
2.400124788284301758e+00
8.179105520248413086e-01
8.267927765846252441e-01
1.247783541679382324e+00
1.732133150100708008e+00
3.868079900741577148e+00
3.427896499633789062e+00
3.171771287918090820e+00
1.983705401420593262e+00
9.341651201248168945e-01
4.426890313625335693e-01
8.773282170295715332e-01
2.236741304397583008e+00
2.269932031631469727e+00
1.499500393867492676e+00
2.205264091491699219e+00
3.874967813491821289e+00
3.278748512268066406e+00
4.717833518981933594e+00
4.965779781341552734e+00
4.960398197174072266e+00
4.373355865478515625e+00
4.269032001495361328e+00
3.930745601654052734e+00
3.981921195983886719e+00
1.827323079109191895e+00
2.167862892150878906e+00
1.734522342681884766e+00
2.733629941940307617e+00
2.721083879470825195e+00
4.531102657318115234e+00
5.367352008819580078e+00
5.654716968536376953e+00
6.259080410003662109e+00
6.403421878814697266e+00
6.487140178680419922e+00
6.771203994750976562e+00
7.412726402282714844e+00
7.130991458892822266e+00
7.345303058624267578e+00
6.261442184448242188e+00
7.399324893951416016e+00
7.032864093780517578e+00
6.689716815948486328e+00
6.420964241027832031e+00
6.253593444824218750e+00
6.173857688903808594e+00
5.724553585052490234e+00
5.482778072357177734e+00
5.730992794036865234e+00
5.151842117309570312e+00
5.345839977264404297e+00
5.793422222137451172e+00
5.364454746246337891e+00
5.532788753509521484e+00
5.761670112609863281e+00
6.193318843841552734e+00
5.295039176940917969e+00
5.078660011291503906e+00
4.992913722991943359e+00
5.352722167968750000e+00
4.924159526824951172e+00
6.300420761108398438e+00
6.241488456726074219e+00
5.168302536010742188e+00
6.013781070709228516e+00
6.266986370086669922e+00
6.530181884765625000e+00
7.306550502777099609e+00
7.447642803192138672e+00
6.398239135742187500e+00
6.464279651641845703e+00
6.160138130187988281e+00
5.829775333404541016e+00
5.485305309295654297e+00
4.585583209991455078e+00
3.769456386566162109e+00
3.580122709274291992e+00
2.979124307632446289e+00
2.058657407760620117e+00
1.467991113662719727e+00
1.938919544219970703e+00
2.380031108856201172e+00
2.568359613418579102e+00
1.072573423385620117e+00
8.531535863876342773e-01
1.334393501281738281e+00
1.679690241813659668e+00
4.485512375831604004e-01
1.163586974143981934e+00
1.865663290023803711e+00
3.200608968734741211e+00
4.280696868896484375e+00
4.423207283020019531e+00
3.829442501068115234e+00
3.377055406570434570e+00
2.789620876312255859e+00
2.776869535446166992e+00
1.414286375045776367e+00
1.497247099876403809e+00
2.061536312103271484e+00
2.145002126693725586e+00
1.759467840194702148e+00
8.189848661422729492e-01
1.710676789283752441e+00
9.358824491500854492e-01
1.687754392623901367e+00
4.780757904052734375e+00
5.633503437042236328e+00
5.108524322509765625e+00
4.703435897827148438e+00
4.239467144012451172e+00
2.440700292587280273e+00
3.032457113265991211e+00
3.054442644119262695e+00
3.713016510009765625e+00
3.563694953918457031e+00
3.264303684234619141e+00
3.391558408737182617e+00
4.107576370239257812e+00
4.095799446105957031e+00
4.442559242248535156e+00
2.917669296264648438e+00
4.007100105285644531e+00
3.296831607818603516e+00
3.043696641921997070e+00
2.643254995346069336e+00
2.534508466720581055e+00
2.386698961257934570e+00
2.462633848190307617e+00
2.096472024917602539e+00
2.294530868530273438e+00
2.262371301651000977e+00
1.823266625404357910e+00
2.703866958618164062e+00
2.505921840667724609e+00
2.698356628417968750e+00
3.383721351623535156e+00
4.210389614105224609e+00
3.549793481826782227e+00
3.475378513336181641e+00
3.444333791732788086e+00
3.613107919692993164e+00
3.146547794342041016e+00
3.721945524215698242e+00
4.716670989990234375e+00
4.239387035369873047e+00
4.777647495269775391e+00
4.958244323730468750e+00
5.132946968078613281e+00
5.297919750213623047e+00
5.039782047271728516e+00
3.890130758285522461e+00
4.495431900024414062e+00
4.143248081207275391e+00
4.404908180236816406e+00
3.915711641311645508e+00
2.277313947677612305e+00
2.411766290664672852e+00
2.081338644027709961e+00
2.388783693313598633e+00
3.107988119125366211e+00
3.602504491806030273e+00
3.438004493713378906e+00
5.335109233856201172e+00
5.607463836669921875e+00
4.671203613281250000e+00
4.190675258636474609e+00
5.107210636138916016e+00
4.894667148590087891e+00
3.100390136241912842e-01
1.105626583099365234e+00
2.586941480636596680e+00
3.704159736633300781e+00
3.933670997619628906e+00
3.377538919448852539e+00
2.832544088363647461e+00
2.065603971481323242e+00
1.984403252601623535e+00
7.039107680320739746e-01
8.962650895118713379e-01
1.552901029586791992e+00
1.618612885475158691e+00
1.434847474098205566e+00
9.311707019805908203e-01
1.130391597747802734e+00
9.688240289688110352e-01
1.190860748291015625e+00
4.098654270172119141e+00
5.131697177886962891e+00
4.698138713836669922e+00
3.903301715850830078e+00
3.336103916168212891e+00
1.986149549484252930e+00
2.751233577728271484e+00
2.785643577575683594e+00
3.458365917205810547e+00
3.317003965377807617e+00
3.146068334579467773e+00
3.317153930664062500e+00
3.973096132278442383e+00
3.792705059051513672e+00
4.125251293182373047e+00
2.710902690887451172e+00
3.812504768371582031e+00
3.219826459884643555e+00
2.908803939819335938e+00
2.560359001159667969e+00
2.403183221817016602e+00
2.410130023956298828e+00
2.350327491760253906e+00
1.989723563194274902e+00
2.206402540206909180e+00
1.998773932456970215e+00
1.704635143280029297e+00
2.428427934646606445e+00
2.057865142822265625e+00
2.318637132644653320e+00
2.917801380157470703e+00
3.676300525665283203e+00
2.902036190032958984e+00
2.888499498367309570e+00
2.990312576293945312e+00
3.218268156051635742e+00
2.614116668701171875e+00
3.291119575500488281e+00
4.210537433624267578e+00
3.650615215301513672e+00
4.289027690887451172e+00
4.544487476348876953e+00
4.708661079406738281e+00
4.943672180175781250e+00
4.720355033874511719e+00
3.497998714447021484e+00
4.165351867675781250e+00
3.816922187805175781e+00
4.026252746582031250e+00
3.594301223754882812e+00
2.058907270431518555e+00
2.085233926773071289e+00
1.792753815650939941e+00
1.911611557006835938e+00
2.259596109390258789e+00
2.825123071670532227e+00
2.587732076644897461e+00
4.523345470428466797e+00
4.756090641021728516e+00
3.977516412734985352e+00
3.513842105865478516e+00
4.359170436859130859e+00
4.099986076354980469e+00
7.961824536323547363e-01
2.248785018920898438e+00
3.364487648010253906e+00
3.606053590774536133e+00
3.060257911682128906e+00
2.494231700897216797e+00
1.680207252502441406e+00
1.578100323677062988e+00
3.981619477272033691e-01
6.922971606254577637e-01
1.301278591156005859e+00
1.244342803955078125e+00
1.251197099685668945e+00
8.888447284698486328e-01
5.861385464668273926e-01
6.886910200119018555e-01
8.048083186149597168e-01
3.700321674346923828e+00
4.779083251953125000e+00
4.377986907958984375e+00
3.479657173156738281e+00
2.897344589233398438e+00
1.848169445991516113e+00
2.983417034149169922e+00
3.223033189773559570e+00
3.677037954330444336e+00
3.508253812789916992e+00
3.565232753753662109e+00
3.789760828018188477e+00
4.269929409027099609e+00
3.910072803497314453e+00
4.126818180084228516e+00
2.868692636489868164e+00
3.898268938064575195e+00
3.607113599777221680e+00
3.181292533874511719e+00
2.959410667419433594e+00
2.690040588378906250e+00
3.012889146804809570e+00
2.850383996963500977e+00
2.540067434310913086e+00
2.679021120071411133e+00
2.383494377136230469e+00
2.240300655364990234e+00
2.478692293167114258e+00
1.949169397354125977e+00
2.081183910369873047e+00
2.554214477539062500e+00
3.289335489273071289e+00
2.448059797286987305e+00
2.533527612686157227e+00
2.822938203811645508e+00
3.088814735412597656e+00
2.357110023498535156e+00
2.991070270538330078e+00
3.900285482406616211e+00
3.382702589035034180e+00
4.042500019073486328e+00
4.368038177490234375e+00
4.498334884643554688e+00
4.811951637268066406e+00
4.636339187622070312e+00
3.553177595138549805e+00
4.201599121093750000e+00
3.862260818481445312e+00
3.934347629547119141e+00
3.713043928146362305e+00
2.475584268569946289e+00
2.200977325439453125e+00
1.909323453903198242e+00
1.734989285469055176e+00
1.826304674148559570e+00
2.424709796905517578e+00
2.158454895019531250e+00
4.091085433959960938e+00
4.324205398559570312e+00
3.608122825622558594e+00
3.157076835632324219e+00
3.953232765197753906e+00
3.675012111663818359e+00
1.151922583580017090e+00
2.248035669326782227e+00
2.483380794525146484e+00
2.286666393280029297e+00
1.837689757347106934e+00
1.000378727912902832e+00
1.100442409515380859e+00
1.565731525421142578e+00
1.201656818389892578e+00
2.506844758987426758e+00
2.627734661102294922e+00
2.604864835739135742e+00
2.059603214263916016e+00
1.965514659881591797e+00
1.638049006462097168e+00
1.742400646209716797e+00
2.883211374282836914e+00
3.802355527877807617e+00
3.364453315734863281e+00
2.928805351257324219e+00
2.416761159896850586e+00
2.590343236923217773e+00
3.663402557373046875e+00
3.927725791931152344e+00
4.447935104370117188e+00
4.411440849304199219e+00
4.491263866424560547e+00
4.725229263305664062e+00
5.313444137573242188e+00
5.105648517608642578e+00
5.328882217407226562e+00
4.036705493927001953e+00
5.149312496185302734e+00
4.783220767974853516e+00
4.407000541687011719e+00
4.145102024078369141e+00
3.939742565155029297e+00
4.041004180908203125e+00
3.696396589279174805e+00
3.443683147430419922e+00
3.638842344284057617e+00
3.244500875473022461e+00
3.188517570495605469e+00
3.593600749969482422e+00
3.159115552902221680e+00
3.316212892532348633e+00
3.659229040145874023e+00
4.271817684173583984e+00
3.384377717971801758e+00
3.313075780868530273e+00
3.344003677368164062e+00
3.665752172470092773e+00
3.054421186447143555e+00
4.156559944152832031e+00
4.624481201171875000e+00
3.774678230285644531e+00
4.553226470947265625e+00
4.863796234130859375e+00
5.066815853118896484e+00
5.588929176330566406e+00
5.558547019958496094e+00
4.553969383239746094e+00
4.825897693634033203e+00
4.487283706665039062e+00
4.409125804901123047e+00
4.106452465057373047e+00
2.873227119445800781e+00
2.278640508651733398e+00
1.980399847030639648e+00
1.562497377395629883e+00
1.201210618019104004e+00
1.571135759353637695e+00
1.548473477363586426e+00
3.369426250457763672e+00
3.585104942321777344e+00
2.634605407714843750e+00
2.134139060974121094e+00
3.075211048126220703e+00
2.884916305541992188e+00
7.640295028686523438e-01
9.686069488525390625e-01
1.460735917091369629e+00
1.293130755424499512e+00
2.670755684375762939e-01
9.718981385231018066e-01
2.917453527450561523e+00
2.531419515609741211e+00
3.836296319961547852e+00
3.968167066574096680e+00
4.034271240234375000e+00
3.371860504150390625e+00
3.190452098846435547e+00
2.861842393875122070e+00
2.850429296493530273e+00
1.740988135337829590e+00
2.439926385879516602e+00
2.031540870666503906e+00
2.176185607910156250e+00
1.984237551689147949e+00
3.813216686248779297e+00
4.946570873260498047e+00
5.207114219665527344e+00
5.688046932220458984e+00
5.775688648223876953e+00
5.926872253417968750e+00
6.201935768127441406e+00
6.765653133392333984e+00
6.410536289215087891e+00
6.590400695800781250e+00
5.500584125518798828e+00
6.562771320343017578e+00
6.300478458404541016e+00
5.908714294433593750e+00
5.664394378662109375e+00
5.445741176605224609e+00
5.562972545623779297e+00
5.162790298461914062e+00
4.932791709899902344e+00
5.133543014526367188e+00
4.573206424713134766e+00
4.699632167816162109e+00
5.017032623291015625e+00
4.530772209167480469e+00
4.618100166320800781e+00
4.818958282470703125e+00
5.312961101531982422e+00
4.343447685241699219e+00
4.313354492187500000e+00
4.372035980224609375e+00
4.742135047912597656e+00
4.147085666656494141e+00
5.390013694763183594e+00
5.505897998809814453e+00
4.532960891723632812e+00
5.389721393585205078e+00
5.739762306213378906e+00
5.946601867675781250e+00
6.670848846435546875e+00
6.759753704071044922e+00
5.740653514862060547e+00
5.942975997924804688e+00
5.627969741821289062e+00
5.311574459075927734e+00
5.108399868011474609e+00
4.145915508270263672e+00
3.362264871597290039e+00
3.138121366500854492e+00
2.408786773681640625e+00
1.155160903930664062e+00
6.998292803764343262e-01
9.811786413192749023e-01
2.311484813690185547e+00
2.564448118209838867e+00
1.388512134552001953e+00
8.797266483306884766e-01
1.814736485481262207e+00
1.700461626052856445e+00
1.327548474073410034e-01
1.338419437408447266e+00
1.391146183013916016e+00
1.295267105102539062e+00
1.674554109573364258e+00
3.970020294189453125e+00
3.602523803710937500e+00
4.842607498168945312e+00
5.027520656585693359e+00
5.114691257476806641e+00
4.435986042022705078e+00
4.227734088897705078e+00
3.876493930816650391e+00
3.813632726669311523e+00
1.019524097442626953e+00
1.577444911003112793e+00
1.221896529197692871e+00
1.934374451637268066e+00
2.044001817703247070e+00
4.711381435394287109e+00
5.838043689727783203e+00
6.161391735076904297e+00
6.603670597076416016e+00
6.716352462768554688e+00
6.902748584747314453e+00
7.210172176361083984e+00
7.756862640380859375e+00
7.428306102752685547e+00
7.577959537506103516e+00
6.540226459503173828e+00
7.571789741516113281e+00
7.380990028381347656e+00
6.986436843872070312e+00
6.757350444793701172e+00
6.541461944580078125e+00
6.634584426879882812e+00
6.166230201721191406e+00
5.952763080596923828e+00
6.164587497711181641e+00
5.602709293365478516e+00
5.753184318542480469e+00
6.033781528472900391e+00
5.537621974945068359e+00
5.611379623413085938e+00
5.743140220642089844e+00
6.152461051940917969e+00
5.195807933807373047e+00
5.087106704711914062e+00
5.128091335296630859e+00
5.527935028076171875e+00
5.001080513000488281e+00
6.334405422210693359e+00
6.202687263488769531e+00
5.210027694702148438e+00
6.046419143676757812e+00
6.404866695404052734e+00
6.609190464019775391e+00
7.434609413146972656e+00
7.605756759643554688e+00
6.686482429504394531e+00
6.713752746582031250e+00
6.419721126556396484e+00
5.998074054718017578e+00
5.840951442718505859e+00
5.028571128845214844e+00
4.181200981140136719e+00
3.999374866485595703e+00
3.216148376464843750e+00
1.754633784294128418e+00
1.044850468635559082e+00
1.454443931579589844e+00
1.789879202842712402e+00
2.063507556915283203e+00
8.450592160224914551e-01
4.209859669208526611e-01
1.014793395996093750e+00
1.096409916877746582e+00
1.333516836166381836e+00
1.502253890037536621e+00
1.507486701011657715e+00
1.887697696685791016e+00
4.272513866424560547e+00
3.943863868713378906e+00
5.196955204010009766e+00
5.283039569854736328e+00
5.386941432952880859e+00
4.611085891723632812e+00
4.417329788208007812e+00
4.056644916534423828e+00
4.004383563995361328e+00
8.381429910659790039e-01
1.141419887542724609e+00
7.621437311172485352e-01
1.981529474258422852e+00
2.190611124038696289e+00
5.166094779968261719e+00
6.319664955139160156e+00
6.601169109344482422e+00
7.050001621246337891e+00
7.167987346649169922e+00
7.338027954101562500e+00
7.615775585174560547e+00
8.169839859008789062e+00
7.801400661468505859e+00
7.959650039672851562e+00
6.896441936492919922e+00
7.925812721252441406e+00
7.691875457763671875e+00
7.296118259429931641e+00
7.045755863189697266e+00
6.818993568420410156e+00
6.949445247650146484e+00
6.575937271118164062e+00
6.341674327850341797e+00
6.545100688934326172e+00
5.984165191650390625e+00
6.106951713562011719e+00
6.408641338348388672e+00
5.904983997344970703e+00
5.951021671295166016e+00
6.092049121856689453e+00
6.533404350280761719e+00
5.557801723480224609e+00
5.549328804016113281e+00
5.642164707183837891e+00
6.042347908020019531e+00
5.438883304595947266e+00
6.690908908843994141e+00
6.676237583160400391e+00
5.694077014923095703e+00
6.564476966857910156e+00
6.947455883026123047e+00
7.131647586822509766e+00
7.938406467437744141e+00
8.076528549194335938e+00
7.108503818511962891e+00
7.247756958007812500e+00
6.946448326110839844e+00
6.555025577545166016e+00
6.416883945465087891e+00
5.526850700378417969e+00
4.712604522705078125e+00
4.505649089813232422e+00
3.735199213027954102e+00
2.178398370742797852e+00
1.438634395599365234e+00
1.787044167518615723e+00
1.746407151222229004e+00
2.099261522293090820e+00
1.183011770248413086e+00
8.879851102828979492e-01
8.373575806617736816e-01
1.096680641174316406e+00
2.703086137771606445e-01
1.249766111373901367e+00
1.372238636016845703e+00
3.699200630187988281e+00
3.658633232116699219e+00
4.619798183441162109e+00
4.513993740081787109e+00
4.681400775909423828e+00
3.698787450790405273e+00
3.481130361557006836e+00
3.107096910476684570e+00
2.992879867553710938e+00
1.200083971023559570e+00
1.705160856246948242e+00
1.234753370285034180e+00
1.403491735458374023e+00
1.809327006340026855e+00
4.877318382263183594e+00
6.168824195861816406e+00
6.453963279724121094e+00
6.836912155151367188e+00
6.836461067199707031e+00
6.999115943908691406e+00
7.229932308197021484e+00
7.715144157409667969e+00
7.316203594207763672e+00
7.460281372070312500e+00
6.331659317016601562e+00
7.286568641662597656e+00
7.056356430053710938e+00
6.640135765075683594e+00
6.386909484863281250e+00
6.118954658508300781e+00
6.402768611907958984e+00
6.243498325347900391e+00
5.956266403198242188e+00
6.128872871398925781e+00
5.704330921173095703e+00
5.661400318145751953e+00
5.894863605499267578e+00
5.344414710998535156e+00
5.331209659576416016e+00
5.480950832366943359e+00
5.997548103332519531e+00
5.011656284332275391e+00
5.173644065856933594e+00
5.501498222351074219e+00
5.893660545349121094e+00
5.131370544433593750e+00
6.075086116790771484e+00
6.416371822357177734e+00
5.600954055786132812e+00
6.446280479431152344e+00
6.888513565063476562e+00
7.040659427642822266e+00
7.706007003784179688e+00
7.734335422515869141e+00
6.784582138061523438e+00
7.139378547668457031e+00
6.825557708740234375e+00
6.551583290100097656e+00
6.510888099670410156e+00
5.466131687164306641e+00
4.787040233612060547e+00
4.533015727996826172e+00
3.805512189865112305e+00
2.188429594039916992e+00
1.803757309913635254e+00
1.543746709823608398e+00
2.064064264297485352e+00
2.591859579086303711e+00
2.575651645660400391e+00
1.939568161964416504e+00
2.112671613693237305e+00
1.768397450447082520e+00
7.241200804710388184e-01
8.227162957191467285e-01
3.094720602035522461e+00
3.089886903762817383e+00
4.011193275451660156e+00
3.915225505828857422e+00
4.086234569549560547e+00
3.155432939529418945e+00
2.911588191986083984e+00
2.557301998138427734e+00
2.432023048400878906e+00
1.333843231201171875e+00
1.917423248291015625e+00
1.647406697273254395e+00
1.201799631118774414e+00
1.541013836860656738e+00
4.277575492858886719e+00
5.581080913543701172e+00
5.879444599151611328e+00
6.240933895111083984e+00
6.234980106353759766e+00
6.410655975341796875e+00
6.646645545959472656e+00
7.113161563873291016e+00
6.709856033325195312e+00
6.851437091827392578e+00
5.732558250427246094e+00
6.681884288787841797e+00
6.479436397552490234e+00
6.055194854736328125e+00
5.815840721130371094e+00
5.543060302734375000e+00
5.842915534973144531e+00
5.665444850921630859e+00
5.378287315368652344e+00
5.543370246887207031e+00
5.121548652648925781e+00
5.088299274444580078e+00
5.290685653686523438e+00
4.739045619964599609e+00
4.723285675048828125e+00
4.879348754882812500e+00
5.407727718353271484e+00
4.420989990234375000e+00
4.585479736328125000e+00
4.923450469970703125e+00
5.309281349182128906e+00
4.536086082458496094e+00
5.470748424530029297e+00
5.846528530120849609e+00
5.046463012695312500e+00
5.884808540344238281e+00
6.324549198150634766e+00
6.482691287994384766e+00
7.115382194519042969e+00
7.131668090820312500e+00
6.180769443511962891e+00
6.553821563720703125e+00
6.238838195800781250e+00
5.988311290740966797e+00
5.954473495483398438e+00
4.903793334960937500e+00
4.247176647186279297e+00
3.991900205612182617e+00
3.275016784667968750e+00
1.675884962081909180e+00
1.494941473007202148e+00
1.111354351043701172e+00
2.069186210632324219e+00
2.572654962539672852e+00
2.455483675003051758e+00
1.814186453819274902e+00
2.171682119369506836e+00
1.727517724037170410e+00
1.332271397113800049e-01
2.283464193344116211e+00
2.139903545379638672e+00
3.240577220916748047e+00
3.249891519546508789e+00
3.371264934539794922e+00
2.643023967742919922e+00
2.398845672607421875e+00
2.086511850357055664e+00
2.016215801239013672e+00
1.724785208702087402e+00
2.747595071792602539e+00
2.404625654220581055e+00
1.851876497268676758e+00
1.621984481811523438e+00
3.379539489746093750e+00
4.633107662200927734e+00
4.922016143798828125e+00
5.317524433135986328e+00
5.342930793762207031e+00
5.527710437774658203e+00
5.781386375427246094e+00
6.274362087249755859e+00
5.887133121490478516e+00
6.046601295471191406e+00
4.940853595733642578e+00
5.945620059967041016e+00
5.741489410400390625e+00
5.321431636810302734e+00
5.094379425048828125e+00
4.840373992919921875e+00
5.094173431396484375e+00
4.773797035217285156e+00
4.509572029113769531e+00
4.697844028472900391e+00
4.199324607849121094e+00
4.248464107513427734e+00
4.470734596252441406e+00
3.943257331848144531e+00
3.978596925735473633e+00
4.172670364379882812e+00
4.709117889404296875e+00
3.722471714019775391e+00
3.805020093917846680e+00
4.019390106201171875e+00
4.392806529998779297e+00
3.677167892456054688e+00
4.752675056457519531e+00
5.066841125488281250e+00
4.203635215759277344e+00
5.048984527587890625e+00
5.449472427368164062e+00
5.627759933471679688e+00
6.261687755584716797e+00
6.291561126708984375e+00
5.297156810760498047e+00
5.625570774078369141e+00
5.305704593658447266e+00
5.070775508880615234e+00
4.967881202697753906e+00
3.917124748229980469e+00
3.235642671585083008e+00
2.982717275619506836e+00
2.250318765640258789e+00
8.920918107032775879e-01
5.850300192832946777e-01
6.139684319496154785e-01
2.256698846817016602e+00
2.549631595611572266e+00
1.645854473114013672e+00
1.175212264060974121e+00
1.964099645614624023e+00
1.768805742263793945e+00
2.065816402435302734e+00
2.065334081649780273e+00
2.990736007690429688e+00
2.979285717010498047e+00
3.138590097427368164e+00
2.435099840164184570e+00
2.136421203613281250e+00
1.863884925842285156e+00
1.741142988204956055e+00
1.685658454895019531e+00
2.825671434402465820e+00
2.541792869567871094e+00
1.425808787345886230e+00
1.111108541488647461e+00
3.197245836257934570e+00
4.505243778228759766e+00
4.828613281250000000e+00
5.157562255859375000e+00
5.169991970062255859e+00
5.387136936187744141e+00
5.641227722167968750e+00
6.083545684814453125e+00
5.676609039306640625e+00
5.816465854644775391e+00
4.735136032104492188e+00
5.693474292755126953e+00
5.554528236389160156e+00
5.117386817932128906e+00
4.911812305450439453e+00
4.639714717864990234e+00
4.948889255523681641e+00
4.654713153839111328e+00
4.382303714752197266e+00
4.546056747436523438e+00
4.081047534942626953e+00
4.119397640228271484e+00
4.264270782470703125e+00
3.721514463424682617e+00
3.715759754180908203e+00
3.885672092437744141e+00
4.422726154327392578e+00
3.433561563491821289e+00
3.557287454605102539e+00
3.850849628448486328e+00
4.228927135467529297e+00
3.466822147369384766e+00
4.473674774169921875e+00
4.835426807403564453e+00
4.023874282836914062e+00
4.856787681579589844e+00
5.277794837951660156e+00
5.443110466003417969e+00
6.054238796234130859e+00
6.070900440216064453e+00
5.107585906982421875e+00
5.470116138458251953e+00
5.153426647186279297e+00
4.927135467529296875e+00
4.885262489318847656e+00
3.852235078811645508e+00
3.210122346878051758e+00
2.961952447891235352e+00
2.251561880111694336e+00
8.266730904579162598e-01
8.288299441337585449e-01
3.722666203975677490e-01
2.096257448196411133e+00
2.419344663619995117e+00
2.109788894653320312e+00
1.664027094841003418e+00
2.078781127929687500e+00
1.683472871780395508e+00
1.335587203502655029e-01
7.025120854377746582e-01
8.330760598182678223e-01
7.759279012680053711e-01
9.934188127517700195e-01
4.196819961071014404e-01
9.738416075706481934e-01
1.182710289955139160e+00
4.131823062896728516e+00
5.350193023681640625e+00
5.038445472717285156e+00
3.713428497314453125e+00
2.996598720550537109e+00
1.137997508049011230e+00
2.341685533523559570e+00
2.606095075607299805e+00
2.984359025955200195e+00
2.848185062408447266e+00
3.017589807510375977e+00
3.249794244766235352e+00
3.687767505645751953e+00
3.302417993545532227e+00
3.500128269195556641e+00
2.317273378372192383e+00
3.371877670288085938e+00
3.095228910446166992e+00
2.662995815277099609e+00
2.468422174453735352e+00
2.203513622283935547e+00
2.535606384277343750e+00
2.343921899795532227e+00
2.030792713165283203e+00
2.136036634445190430e+00
1.837544798851013184e+00
1.746580600738525391e+00
1.873337864875793457e+00
1.347562074661254883e+00
1.512163043022155762e+00
1.983749270439147949e+00
2.703115463256835938e+00
1.922312021255493164e+00
1.915536284446716309e+00
2.151889562606811523e+00
2.386455535888671875e+00
1.689063310623168945e+00
2.402107238769531250e+00
3.251562595367431641e+00
2.776285886764526367e+00
3.386495113372802734e+00
3.685610532760620117e+00
3.813114643096923828e+00
4.109923362731933594e+00
3.947451591491699219e+00
2.862450838088989258e+00
3.498020410537719727e+00
3.163135290145874023e+00
3.242014646530151367e+00
3.067451477050781250e+00
1.973399162292480469e+00
1.860392093658447266e+00
1.641549348831176758e+00
1.491966485977172852e+00
2.075888156890869141e+00
2.877666950225830078e+00
2.492130756378173828e+00
4.291511535644531250e+00
4.510098934173583984e+00
4.040286540985107422e+00
3.663545131683349609e+00
4.324764251708984375e+00
3.957304477691650391e+00
6.094457507133483887e-01
1.051581501960754395e+00
1.041304230690002441e+00
1.474188327789306641e+00
8.511479496955871582e-01
1.377190709114074707e+00
1.534271478652954102e+00
4.062690734863281250e+00
5.199339389801025391e+00
4.856205940246582031e+00
3.792276620864868164e+00
3.078409671783447266e+00
8.349176645278930664e-01
2.053532600402832031e+00
2.346647739410400391e+00
2.701794862747192383e+00
2.617941617965698242e+00
2.851221561431884766e+00
3.141730070114135742e+00
3.527466058731079102e+00
3.139072656631469727e+00
3.328927755355834961e+00
2.243036270141601562e+00
3.278684616088867188e+00
3.204895019531250000e+00
2.754969835281372070e+00
2.657672882080078125e+00
2.409443378448486328e+00
2.738352537155151367e+00
2.205538511276245117e+00
1.960311889648437500e+00
2.075082063674926758e+00
1.619855761528015137e+00
1.665870189666748047e+00
1.732216000556945801e+00
1.244511127471923828e+00
1.438040256500244141e+00
1.870502233505249023e+00
2.530464410781860352e+00
1.792952418327331543e+00
1.699800848960876465e+00
1.834744215011596680e+00
2.081141471862792969e+00
1.412493944168090820e+00
2.280273437500000000e+00
3.013579845428466797e+00
2.494081974029541016e+00
3.099400758743286133e+00
3.379443883895874023e+00
3.525543928146362305e+00
3.838890075683593750e+00
3.707619667053222656e+00
2.612577676773071289e+00
3.189824581146240234e+00
2.852720499038696289e+00
2.923987865447998047e+00
2.735531568527221680e+00
1.685024976730346680e+00
1.280323147773742676e+00
1.002285122871398926e+00
8.264213800430297852e-01
1.911911606788635254e+00
2.614961147308349609e+00
2.449981212615966797e+00
4.181508541107177734e+00
4.375428199768066406e+00
3.621721029281616211e+00
3.237641096115112305e+00
4.093445301055908203e+00
3.834106206893920898e+00
3.791437149047851562e-01
5.426965355873107910e-01
1.515417456626892090e+00
9.843983054161071777e-01
1.704263687133789062e+00
1.899207234382629395e+00
4.929506778717041016e+00
6.221308231353759766e+00
5.971469879150390625e+00
4.371505737304687500e+00
3.594515800476074219e+00
4.727802276611328125e-01
1.868445515632629395e+00
2.072826147079467773e+00
2.366157054901123047e+00
2.218646049499511719e+00
2.504250526428222656e+00
2.764246463775634766e+00
3.015681505203247070e+00
2.583347082138061523e+00
2.699813604354858398e+00
1.683004498481750488e+00
2.565607547760009766e+00
2.700992345809936523e+00
2.205558061599731445e+00
2.201759338378906250e+00
1.907267808914184570e+00
2.382208585739135742e+00
2.009809970855712891e+00
1.760076642036437988e+00
1.746403932571411133e+00
1.388519287109375000e+00
1.261546254158020020e+00
1.188023328781127930e+00
6.249595880508422852e-01
5.584142804145812988e-01
8.596197366714477539e-01
1.624516248703002930e+00
9.529834985733032227e-01
1.047816753387451172e+00
1.602200269699096680e+00
1.764044642448425293e+00
1.061853408813476562e+00
1.327704429626464844e+00
2.302408218383789062e+00
2.169790506362915039e+00
2.637902975082397461e+00
2.990394353866577148e+00
3.010900259017944336e+00
3.279772520065307617e+00
3.089147090911865234e+00
2.188157796859741211e+00
2.871311902999877930e+00
2.553272485733032227e+00
2.645931959152221680e+00
2.591315984725952148e+00
1.745479941368103027e+00
1.831932902336120605e+00
1.808721542358398438e+00
1.772712945938110352e+00
2.885769844055175781e+00
3.616821527481079102e+00
3.312900066375732422e+00
4.896853923797607422e+00
4.996625900268554688e+00
4.805699348449707031e+00
4.475221633911132812e+00
5.070169925689697266e+00
4.646924018859863281e+00
3.951516747474670410e-01
1.187501192092895508e+00
6.182364821434020996e-01
1.411776304244995117e+00
1.563649058341979980e+00
4.985456943511962891e+00
6.252527236938476562e+00
5.943511009216308594e+00
4.362310886383056641e+00
3.618430137634277344e+00
9.617589116096496582e-01
2.249738931655883789e+00
2.338959455490112305e+00
2.663353681564331055e+00
2.355676174163818359e+00
2.607501506805419922e+00
2.822104454040527344e+00
3.034344196319580078e+00
2.592958927154541016e+00
2.737707614898681641e+00
1.650413632392883301e+00
2.487719058990478516e+00
2.585587739944458008e+00
2.071637868881225586e+00
2.076419830322265625e+00
1.741027593612670898e+00
2.318707704544067383e+00
2.191295146942138672e+00
1.918427944183349609e+00
1.844176888465881348e+00
1.579690456390380859e+00
1.363154530525207520e+00
1.261781334877014160e+00
7.112584114074707031e-01
6.355516910552978516e-01
9.537645578384399414e-01
1.722600460052490234e+00
1.126906156539916992e+00
1.368238329887390137e+00
2.067163228988647461e+00
2.181337118148803711e+00
1.498858451843261719e+00
1.440371394157409668e+00
2.542038917541503906e+00
2.525763988494873047e+00
2.974437236785888672e+00
3.357321739196777344e+00
3.333497524261474609e+00
3.558146476745605469e+00
3.330203294754028320e+00
2.382633447647094727e+00
3.240926742553710938e+00
2.944853544235229492e+00
3.049330234527587891e+00
3.089244365692138672e+00
2.088926076889038086e+00
2.422634840011596680e+00
2.385011672973632812e+00
2.333659172058105469e+00
3.036970615386962891e+00
3.819356918334960938e+00
3.396273136138916016e+00
4.982676982879638672e+00
5.147370338439941406e+00
5.057073593139648438e+00
4.727856159210205078e+00
5.210921287536621094e+00
4.741681098937988281e+00
9.352369904518127441e-01
8.859857320785522461e-01
1.407653570175170898e+00
1.634101986885070801e+00
5.242757797241210938e+00
6.437881469726562500e+00
6.095823764801025391e+00
4.777592658996582031e+00
4.073814392089843750e+00
1.002865910530090332e+00
1.753525614738464355e+00
1.809402942657470703e+00
2.229282855987548828e+00
1.897114634513854980e+00
1.909634828567504883e+00
2.147136449813842773e+00
2.543279170989990234e+00
2.332862854003906250e+00
2.588095426559448242e+00
1.150471448898315430e+00
2.251882314682006836e+00
2.016144514083862305e+00
1.566081047058105469e+00
1.481750607490539551e+00
1.237480759620666504e+00
1.623558878898620605e+00
1.391835212707519531e+00
1.091261148452758789e+00
1.057576060295104980e+00
8.483054637908935547e-01
6.256405711174011230e-01
8.347522020339965820e-01
5.790441632270812988e-01
8.212621808052062988e-01
1.555061340332031250e+00
2.523372888565063477e+00
2.016186952590942383e+00
2.085791110992431641e+00
2.171174526214599609e+00
2.203950881958007812e+00
1.852000594139099121e+00
1.876026749610900879e+00
3.095455884933471680e+00
3.023975610733032227e+00
3.378028392791748047e+00
3.540523052215576172e+00
3.587085485458374023e+00
3.590222358703613281e+00
3.235751152038574219e+00
2.194238662719726562e+00
2.994836568832397461e+00
2.695104598999023438e+00
3.017632007598876953e+00
2.775703668594360352e+00
1.411648273468017578e+00
2.084917783737182617e+00
2.069644451141357422e+00
2.303359508514404297e+00
3.244365453720092773e+00
4.040096759796142578e+00
3.624802589416503906e+00
5.421454906463623047e+00
5.611539840698242188e+00
5.210437774658203125e+00
4.825073242187500000e+00
5.487785339355468750e+00
5.098577976226806641e+00
3.456093966960906982e-01
3.071793019771575928e-01
5.225119590759277344e-01
4.559562683105468750e+00
5.597452640533447266e+00
5.170310020446777344e+00
4.210229873657226562e+00
3.671246528625488281e+00
2.202554941177368164e+00
3.291786432266235352e+00
3.404860734939575195e+00
3.854832172393798828e+00
3.527002334594726562e+00
3.429325819015502930e+00
3.593984842300415039e+00
4.044103145599365234e+00
3.756562232971191406e+00
4.014311313629150391e+00
2.628816604614257812e+00
3.530026435852050781e+00
3.098955869674682617e+00
2.712320566177368164e+00
2.424510955810546875e+00
2.145726919174194336e+00
2.505453824996948242e+00
2.835168361663818359e+00
2.480221748352050781e+00
2.525677204132080078e+00
2.434697628021240234e+00
2.084875345230102539e+00
2.426119327545166016e+00
1.961639285087585449e+00
2.065494060516357422e+00
2.473470926284790039e+00
3.529332637786865234e+00
2.853564500808715820e+00
3.015428304672241211e+00
3.377663850784301758e+00
3.537796735763549805e+00
2.889828205108642578e+00
3.016953229904174805e+00
4.274169445037841797e+00
4.035010814666748047e+00
4.572155952453613281e+00
4.865598201751708984e+00
4.925409317016601562e+00
5.070379257202148438e+00
4.752747535705566406e+00
3.687826395034790039e+00
4.549277782440185547e+00
4.225142002105712891e+00
4.411224365234375000e+00
4.214581966400146484e+00
2.779083013534545898e+00
3.030922412872314453e+00
2.766087055206298828e+00
2.771120786666870117e+00
2.889394044876098633e+00
3.523705720901489258e+00
3.093082666397094727e+00
5.018234729766845703e+00
5.273898124694824219e+00
4.790655136108398438e+00
4.342864513397216797e+00
4.986773967742919922e+00
4.608920574188232422e+00
3.170441091060638428e-01
3.519038259983062744e-01
4.238733291625976562e+00
5.341956615447998047e+00
4.963874816894531250e+00
3.812775373458862305e+00
3.243659734725952148e+00
1.648620247840881348e+00
2.945655584335327148e+00
3.144770622253417969e+00
3.514212608337402344e+00
3.271587848663330078e+00
3.422923564910888672e+00
3.657974720001220703e+00
3.962047576904296875e+00
3.541517496109008789e+00
3.691187620162963867e+00
2.541090011596679688e+00
3.409188985824584961e+00
3.326728582382202148e+00
2.847204685211181641e+00
2.722559452056884766e+00
2.390123128890991211e+00
2.869799375534057617e+00
2.829072952270507812e+00
2.510905027389526367e+00
2.554548740386962891e+00
2.301065683364868164e+00
2.136812925338745117e+00
2.175625085830688477e+00
1.612392425537109375e+00
1.549130558967590332e+00
1.881541609764099121e+00
2.746587038040161133e+00
1.972592592239379883e+00
2.197685003280639648e+00
2.711625337600708008e+00
2.908800601959228516e+00
2.160225391387939453e+00
2.413926124572753906e+00
3.501177787780761719e+00
3.242929220199584961e+00
3.807942390441894531e+00
4.168498992919921875e+00
4.216510772705078125e+00
4.470106601715087891e+00
4.243579387664794922e+00
3.285596132278442383e+00
4.041242122650146484e+00
3.728453397750854492e+00
3.791875362396240234e+00
3.714905023574829102e+00
2.585176467895507812e+00
2.587101459503173828e+00
2.364003181457519531e+00
2.183625459671020508e+00
2.516081809997558594e+00
3.244923353195190430e+00
2.748037099838256836e+00
4.630459785461425781e+00
4.883405208587646484e+00
4.527775287628173828e+00
4.113719463348388672e+00
4.665211677551269531e+00
4.243720531463623047e+00
1.336348503828048706e-01
3.965434074401855469e+00
5.001970291137695312e+00
4.586309909820556641e+00
3.625661373138427734e+00
3.122532367706298828e+00
2.368678569793701172e+00
3.543033838272094727e+00
3.725340604782104492e+00
4.168692588806152344e+00
3.903403282165527344e+00
3.882555723190307617e+00
4.072057723999023438e+00
4.527393341064453125e+00
4.194409847259521484e+00
4.419751167297363281e+00
3.096622705459594727e+00
4.031593799591064453e+00
3.667111873626708984e+00
3.262443304061889648e+00
2.995178699493408203e+00
2.713095903396606445e+00
3.036093473434448242e+00
3.236212968826293945e+00
2.892325639724731445e+00
2.973774671554565430e+00
2.807398557662963867e+00
2.532798290252685547e+00
2.808499097824096680e+00
2.290006160736083984e+00
2.367846250534057617e+00
2.740306377410888672e+00
3.655846834182739258e+00
2.858353376388549805e+00
3.040502786636352539e+00
3.443160057067871094e+00
3.659951925277709961e+00
2.929281473159790039e+00
3.280895471572875977e+00
4.376927375793457031e+00
3.990687608718872070e+00
4.614431858062744141e+00
4.952215194702148438e+00
5.041361808776855469e+00
5.293594837188720703e+00
5.050296306610107422e+00
3.997602224349975586e+00
4.759135723114013672e+00
4.428758621215820312e+00
4.531565666198730469e+00
4.362218379974365234e+00
3.043858051300048828e+00
3.021874427795410156e+00
2.745862722396850586e+00
2.605905294418334961e+00
2.387372732162475586e+00
2.994378566741943359e+00
2.537791490554809570e+00
4.442984580993652344e+00
4.719523429870605469e+00
4.285232067108154297e+00
3.841568946838378906e+00
4.426255702972412109e+00
4.035787582397460938e+00
3.797261238098144531e+00
4.870611190795898438e+00
4.490444660186767578e+00
3.388930320739746094e+00
2.881063461303710938e+00
2.551942825317382812e+00
3.788387060165405273e+00
3.981850624084472656e+00
4.408735752105712891e+00
4.138962745666503906e+00
4.148220539093017578e+00
4.341273307800292969e+00
4.770341873168945312e+00
4.413724899291992188e+00
4.617256164550781250e+00
3.329230308532714844e+00
4.230740070343017578e+00
3.905250787734985352e+00
3.492542982101440430e+00
3.238798379898071289e+00
2.945497751235961914e+00
3.325714588165283203e+00
3.515629768371582031e+00
3.172576904296875000e+00
3.243653059005737305e+00
3.070011854171752930e+00
2.818302631378173828e+00
3.036057233810424805e+00
2.504372358322143555e+00
2.530603170394897461e+00
2.838598728179931641e+00
3.670371055603027344e+00
2.818655252456665039e+00
3.057051420211791992e+00
3.542057752609252930e+00
3.788474082946777344e+00
3.002871513366699219e+00
3.396906614303588867e+00
4.407888889312744141e+00
3.989301443099975586e+00
4.647272109985351562e+00
5.029546260833740234e+00
5.114261150360107422e+00
5.428569793701171875e+00
5.226090908050537109e+00
4.212900161743164062e+00
4.945362567901611328e+00
4.621582984924316406e+00
4.657149314880371094e+00
4.561259746551513672e+00
3.314904212951660156e+00
3.204286813735961914e+00
2.935619115829467773e+00
2.684094667434692383e+00
2.253451347351074219e+00
2.905085325241088867e+00
2.380637407302856445e+00
4.245107173919677734e+00
4.519011497497558594e+00
4.215893268585205078e+00
3.795501232147216797e+00
4.284003257751464844e+00
3.847551584243774414e+00
5.670625567436218262e-01
7.146922945976257324e-01
8.735562562942504883e-01
1.229016184806823730e+00
5.013212680816650391e+00
6.348138332366943359e+00
6.735181808471679688e+00
6.992346763610839844e+00
7.078421592712402344e+00
7.377769947052001953e+00
7.687533378601074219e+00
8.078255653381347656e+00
7.730807304382324219e+00
7.811277389526367188e+00
6.791862964630126953e+00
7.659348487854003906e+00
7.682088851928710938e+00
7.230699539184570312e+00
7.053348541259765625e+00
6.775891780853271484e+00
7.093593120574951172e+00
6.684027194976806641e+00
6.443355083465576172e+00
6.618505954742431641e+00
6.117238521575927734e+00
6.213292121887207031e+00
6.259875297546386719e+00
5.715955257415771484e+00
5.648706436157226562e+00
5.658447742462158203e+00
6.014380931854248047e+00
5.136259555816650391e+00
5.161101341247558594e+00
5.390970706939697266e+00
5.811333656311035156e+00
5.153913974761962891e+00
6.292807579040527344e+00
6.190410614013671875e+00
5.353641510009765625e+00
6.162050724029541016e+00
6.619225978851318359e+00
6.720385074615478516e+00
7.600194454193115234e+00
7.746469974517822266e+00
7.009339332580566406e+00
7.076612949371337891e+00
6.796729564666748047e+00
6.324631214141845703e+00
6.410664081573486328e+00
5.661063194274902344e+00
4.858137130737304688e+00
4.676741123199462891e+00
3.782238245010375977e+00
1.793807625770568848e+00
1.352944493293762207e+00
1.317487001419067383e+00
8.221012949943542480e-01
1.317638516426086426e+00
1.398862957954406738e+00
9.951509833335876465e-01
7.450135946273803711e-01
4.812781512737274170e-01
4.674361646175384521e-01
2.010949611663818359e+00
2.569822788238525391e+00
6.302845001220703125e+00
7.595591545104980469e+00
7.911843776702880859e+00
8.228749275207519531e+00
8.350948333740234375e+00
8.592741012573242188e+00
8.874723434448242188e+00
9.336552619934082031e+00
8.920231819152832031e+00
9.024532318115234375e+00
8.023653030395507812e+00
8.944689750671386719e+00
8.845077514648437500e+00
8.416473388671875000e+00
8.193067550659179688e+00
7.929348945617675781e+00
8.188413619995117188e+00
7.855141639709472656e+00
7.606204986572265625e+00
7.801774024963378906e+00
7.253084182739257812e+00
7.354186058044433594e+00
7.530763149261474609e+00
6.986050128936767578e+00
6.940035820007324219e+00
6.988013267517089844e+00
7.370462417602539062e+00
6.404733180999755859e+00
6.492187023162841797e+00
6.715119838714599609e+00
7.132392883300781250e+00
6.448046684265136719e+00
7.589801788330078125e+00
7.552681922912597656e+00
6.652240753173828125e+00
7.508284568786621094e+00
7.952251911163330078e+00
8.028401374816894531e+00
8.948994636535644531e+00
9.096177101135253906e+00
8.241844177246093750e+00
8.386083602905273438e+00
8.099925041198730469e+00
7.636993408203125000e+00
7.656458377838134766e+00
6.845909118652343750e+00
6.034626960754394531e+00
5.837588310241699219e+00
4.990653991699218750e+00
3.098609209060668945e+00
2.521230459213256836e+00
2.647753715515136719e+00
1.843637466430664062e+00
2.253018617630004883e+00
2.057486772537231445e+00
1.900951385498046875e+00
1.401111245155334473e+00
1.607955694198608398e+00
2.120883703231811523e+00
2.615125179290771484e+00
6.079902172088623047e+00
7.332285881042480469e+00
7.605025768280029297e+00
8.007923126220703125e+00
8.085000038146972656e+00
8.269264221191406250e+00
8.519395828247070312e+00
9.037192344665527344e+00
8.644519805908203125e+00
8.783596038818359375e+00
7.699510097503662109e+00
8.676278114318847656e+00
8.458815574645996094e+00
8.050395965576171875e+00
7.793732166290283203e+00
7.542461872100830078e+00
7.757231712341308594e+00
7.498621463775634766e+00
7.238731384277343750e+00
7.434894561767578125e+00
6.926624298095703125e+00
6.967998504638671875e+00
7.232140064239501953e+00
6.698785781860351562e+00
6.690525531768798828e+00
6.802149295806884766e+00
7.248580455780029297e+00
6.265790462493896484e+00
6.367861270904541016e+00
6.575523376464843750e+00
6.990896701812744141e+00
6.298766136169433594e+00
7.406367778778076172e+00
7.497641563415527344e+00
6.591212272644042969e+00
7.455812931060791016e+00
7.884649276733398438e+00
8.011831283569335938e+00
8.835217475891113281e+00
8.948134422302246094e+00
8.015227317810058594e+00
8.226593971252441406e+00
7.925053119659423828e+00
7.536781311035156250e+00
7.479819774627685547e+00
6.554554462432861328e+00
5.775791645050048828e+00
5.553070068359375000e+00
4.766952991485595703e+00
3.019214153289794922e+00
2.370443344116210938e+00
2.528379917144775391e+00
2.133447885513305664e+00
2.581077098846435547e+00
2.052885532379150391e+00
1.813847541809082031e+00
1.529520153999328613e+00
1.745361804962158203e+00
4.922040104866027832e-01
4.564752101898193359e+00
5.960124015808105469e+00
6.332792282104492188e+00
6.474856376647949219e+00
6.613328933715820312e+00
6.986298561096191406e+00
7.308458328247070312e+00
7.589637279510498047e+00
7.114881992340087891e+00
7.143211841583251953e+00
6.311801433563232422e+00
7.049936771392822266e+00
7.249266147613525391e+00
6.768980979919433594e+00
6.644143581390380859e+00
6.339497089385986328e+00
6.739091396331787109e+00
6.348565578460693359e+00
6.104595661163330078e+00
6.237298488616943359e+00
5.716605186462402344e+00
5.815860748291015625e+00
5.755247116088867188e+00
5.206939697265625000e+00
5.069167137145996094e+00
5.002156734466552734e+00
5.312141895294189453e+00
4.377809047698974609e+00
4.491662502288818359e+00
4.893149375915527344e+00
5.318483352661132812e+00
4.551419258117675781e+00
5.589470863342285156e+00
5.540802478790283203e+00
4.756896972656250000e+00
5.579190731048583984e+00
6.076436042785644531e+00
6.082170486450195312e+00
7.007756233215332031e+00
7.133137702941894531e+00
6.431445598602294922e+00
6.594377517700195312e+00
6.327914237976074219e+00
5.844481945037841797e+00
6.062398910522460938e+00
5.387500762939453125e+00
4.635038375854492188e+00
4.470302104949951172e+00
3.553514003753662109e+00
1.559294819831848145e+00
1.417322278022766113e+00
1.111091375350952148e+00
8.881992101669311523e-01
1.339810848236083984e+00
2.077172756195068359e+00
1.751648902893066406e+00
1.397371649742126465e+00
6.147833466529846191e-01
3.753985404968261719e+00
5.157273769378662109e+00
5.527629852294921875e+00
5.652647495269775391e+00
5.804992675781250000e+00
6.203150749206542969e+00
6.543720722198486328e+00
6.796823501586914062e+00
6.318406105041503906e+00
6.340162754058837891e+00
5.550360679626464844e+00
6.275950908660888672e+00
6.529227256774902344e+00
6.042812824249267578e+00
5.945445060729980469e+00
5.641977787017822266e+00
6.050801277160644531e+00
5.595398902893066406e+00
5.364246845245361328e+00
5.489247322082519531e+00
4.951072692871093750e+00
5.060598373413085938e+00
4.967198848724365234e+00
4.427259445190429688e+00
4.294212818145751953e+00
4.216802120208740234e+00
4.520798206329345703e+00
3.581593036651611328e+00
3.676047801971435547e+00
4.065297126770019531e+00
4.495611667633056641e+00
3.723191499710083008e+00
4.805271148681640625e+00
4.725062370300292969e+00
3.940716505050659180e+00
4.766400814056396484e+00
5.261342048645019531e+00
5.240109443664550781e+00
6.184135437011718750e+00
6.311936855316162109e+00
5.611820697784423828e+00
5.766491889953613281e+00
5.500971794128417969e+00
5.026049613952636719e+00
5.259149074554443359e+00
4.621740818023681641e+00
3.887576818466186523e+00
3.738778352737426758e+00
2.819008827209472656e+00
9.736317992210388184e-01
1.097107768058776855e+00
7.424654364585876465e-01
1.139865756034851074e+00
1.242410182952880859e+00
2.046435594558715820e+00
1.744099617004394531e+00
1.561937212944030762e+00
9.060962796211242676e-01
1.118445992469787598e+00
1.460318446159362793e+00
1.705236673355102539e+00
1.757056951522827148e+00
2.185347795486450195e+00
2.562229394912719727e+00
2.746441364288330078e+00
2.304162025451660156e+00
2.427398204803466797e+00
1.606436014175415039e+00
2.491272687911987305e+00
2.768558740615844727e+00
2.294572114944458008e+00
2.368355274200439453e+00
2.132645368576049805e+00
2.539525747299194336e+00
1.772976756095886230e+00
1.684637665748596191e+00
1.679032564163208008e+00
1.114145636558532715e+00
1.220821499824523926e+00
9.639106392860412598e-01
5.179587602615356445e-01
7.400963902473449707e-01
1.202470541000366211e+00
1.730144619941711426e+00
1.253509163856506348e+00
1.038990616798400879e+00
8.518767952919006348e-01
1.104663491249084473e+00
6.210821866989135742e-01
1.479874253273010254e+00
2.154069423675537109e+00
1.621010303497314453e+00
2.169086933135986328e+00
2.405805826187133789e+00
2.589045524597167969e+00
2.859707832336425781e+00
2.712680578231811523e+00
1.655466794967651367e+00
2.144718885421752930e+00
1.803570032119750977e+00
1.921638011932373047e+00
1.703844308853149414e+00
1.073395252227783203e+00
1.081576108932495117e+00
1.237514376640319824e+00
1.231065630912780762e+00
2.850434541702270508e+00
3.442900180816650391e+00
3.406158924102783203e+00
4.858585357666015625e+00
4.948172092437744141e+00
4.537993907928466797e+00
4.264276504516601562e+00
4.952236175537109375e+00
4.624903202056884766e+00
3.428793549537658691e-01
4.862517714500427246e-01
6.811924576759338379e-01
1.181526660919189453e+00
1.737460017204284668e+00
1.858348488807678223e+00
1.725692629814147949e+00
1.963045716285705566e+00
1.382399439811706543e+00
2.424549818038940430e+00
2.610065221786499023e+00
2.354547500610351562e+00
2.318185806274414062e+00
2.414839506149291992e+00
2.184049367904663086e+00
1.108310937881469727e+00
1.378592610359191895e+00
1.434676885604858398e+00
8.555483222007751465e-01
1.239943861961364746e+00
1.262325882911682129e+00
1.313373208045959473e+00
1.744962811470031738e+00
2.265624046325683594e+00
2.343636751174926758e+00
2.146552562713623047e+00
1.987112998962402344e+00
1.409728050231933594e+00
1.237293958663940430e+00
1.135359644889831543e+00
1.936401724815368652e+00
2.434239864349365234e+00
2.302793979644775391e+00
2.263187646865844727e+00
2.209347724914550781e+00
2.363614797592163086e+00
2.257371902465820312e+00
2.046456813812255859e+00
9.248476028442382812e-01
1.257364988327026367e+00
7.932091951370239258e-01
1.574180841445922852e+00
9.256477952003479004e-01
5.794444084167480469e-01
1.104780197143554688e+00
1.502436518669128418e+00
2.038810253143310547e+00
4.163467407226562500e+00
4.724912643432617188e+00
4.741900920867919922e+00
6.205256462097167969e+00
6.297620296478271484e+00
5.626410007476806641e+00
5.347904205322265625e+00
6.234057903289794922e+00
5.964597225189208984e+00
3.766042590141296387e-01
4.676174819469451904e-01
7.213911414146423340e-01
1.280383348464965820e+00
1.450562000274658203e+00
1.426566243171691895e+00
1.719566106796264648e+00
1.040917754173278809e+00
2.125816822052001953e+00
2.220673084259033203e+00
2.050642251968383789e+00
1.993762135505676270e+00
2.196244001388549805e+00
1.856845855712890625e+00
6.025012731552124023e-01
1.025339484214782715e+00
1.189230084419250488e+00
7.846649289131164551e-01
1.112501978874206543e+00
1.098550558090209961e+00
1.330288767814636230e+00
1.767938613891601562e+00
2.293274879455566406e+00
2.359417438507080078e+00
2.262431383132934570e+00
2.165647029876708984e+00
1.691555857658386230e+00
1.446898102760314941e+00
1.287190318107604980e+00
1.776900529861450195e+00
2.517348289489746094e+00
2.518104076385498047e+00
2.449007272720336914e+00
2.428477287292480469e+00
2.513153553009033203e+00
2.311066865921020508e+00
1.990796923637390137e+00
7.901206612586975098e-01
1.420411825180053711e+00
8.638203144073486328e-01
1.814138293266296387e+00
1.315673828125000000e+00
5.536854863166809082e-01
1.505006432533264160e+00
1.838351488113403320e+00
2.477445602416992188e+00
4.535309314727783203e+00
5.103834152221679688e+00
5.125150203704833984e+00
6.615223884582519531e+00
6.698516845703125000e+00
5.997510910034179688e+00
5.688518047332763672e+00
6.603274345397949219e+00
6.375621318817138672e+00
1.337258368730545044e-01
6.392736434936523438e-01
1.375746846199035645e+00
1.150219202041625977e+00
1.009520292282104492e+00
1.283826947212219238e+00
1.069420218467712402e+00
1.872883319854736328e+00
2.227747201919555664e+00
2.163460969924926758e+00
2.253326892852783203e+00
2.430706739425659180e+00
2.264328718185424805e+00
1.437615513801574707e+00
1.719975352287292480e+00
1.663933873176574707e+00
1.400215148925781250e+00
1.616594314575195312e+00
1.302830696105957031e+00
1.622244358062744141e+00
1.876952886581420898e+00
2.271748781204223633e+00
2.050967693328857422e+00
2.069499254226684570e+00
1.989919900894165039e+00
1.520633816719055176e+00
1.158305525779724121e+00
1.139418244361877441e+00
1.632769107818603516e+00
2.060131788253784180e+00
2.082004547119140625e+00
1.909962654113769531e+00
1.861533284187316895e+00
1.906159877777099609e+00
1.663268566131591797e+00
1.431466579437255859e+00
3.511851131916046143e-01
7.714201807975769043e-01
2.762863039970397949e-01
1.293859839439392090e+00
1.037884950637817383e+00
1.412143945693969727e+00
1.928954243659973145e+00
2.454792022705078125e+00
2.726020812988281250e+00
4.780110359191894531e+00
5.310006618499755859e+00
5.399305343627929688e+00
6.694343090057373047e+00
6.769861698150634766e+00
6.320106506347656250e+00
6.077770709991455078e+00
6.805871486663818359e+00
6.502193450927734375e+00
3.409942686557769775e-01
1.008286237716674805e+00
9.059990048408508301e-01
6.035076379776000977e-01
9.356665015220642090e-01
5.895781517028808594e-01
1.292360544204711914e+00
1.780824899673461914e+00
1.593906760215759277e+00
1.824769496917724609e+00
1.976542115211486816e+00
1.933081030845642090e+00
1.329138159751892090e+00
1.536874055862426758e+00
1.332147002220153809e+00
1.183231472969055176e+00
1.330565929412841797e+00
8.512558937072753906e-01
1.351005077362060547e+00
1.669820785522460938e+00
2.052744865417480469e+00
2.075952291488647461e+00
2.085492610931396484e+00
2.187507390975952148e+00
1.906415939331054688e+00
1.545385122299194336e+00
1.381639957427978516e+00
1.281544566154479980e+00
2.271911621093750000e+00
2.541024923324584961e+00
2.377521276473999023e+00
2.367778539657592773e+00
2.321659088134765625e+00
1.911779642105102539e+00
1.405048251152038574e+00
2.744432687759399414e-01
1.197449445724487305e+00
6.788949370384216309e-01
1.815657377243041992e+00
1.487116217613220215e+00
1.509012222290039062e+00
2.150947093963623047e+00
2.597911834716796875e+00
2.931749105453491211e+00
4.906373023986816406e+00
5.519852161407470703e+00
5.449122428894042969e+00
6.939709186553955078e+00
7.003422260284423828e+00
6.565284252166748047e+00
6.278040409088134766e+00
7.032685279846191406e+00
6.711083889007568359e+00
3.273751139640808105e-01
6.894924044609069824e-01
8.233194947242736816e-01
1.152678728103637695e+00
8.076369166374206543e-01
1.643943548202514648e+00
1.270800471305847168e+00
1.354178786277770996e+00
1.172397971153259277e+00
1.521795392036437988e+00
1.119404673576354980e+00
7.745226621627807617e-01
9.854763150215148926e-01
8.692322373390197754e-01
8.892057538032531738e-01
1.113437175750732422e+00
1.096345543861389160e+00
1.788242220878601074e+00
2.020535469055175781e+00
2.717319965362548828e+00
2.853528022766113281e+00
2.843635082244873047e+00
2.904291868209838867e+00
2.551907300949096680e+00
2.210315227508544922e+00
2.052810668945312500e+00
2.007183790206909180e+00
3.027590513229370117e+00
3.219609022140502930e+00
3.037932634353637695e+00
2.946169376373291016e+00
2.944437026977539062e+00
2.424149274826049805e+00
1.853669881820678711e+00
9.375375509262084961e-01
1.670125126838684082e+00
1.120742440223693848e+00
2.470244169235229492e+00
1.972215652465820312e+00
1.293594002723693848e+00
2.482154130935668945e+00
2.738463163375854492e+00
3.332200050354003906e+00
5.197738170623779297e+00
5.842834949493408203e+00
5.739587783813476562e+00
7.346632003784179688e+00
7.468838691711425781e+00
6.825755596160888672e+00
6.497625350952148438e+00
7.356495857238769531e+00
7.072614192962646484e+00
6.778091192245483398e-01
9.199489355087280273e-01
1.434472918510437012e+00
8.727304339408874512e-01
1.474601387977600098e+00
8.862303495407104492e-01
1.237511157989501953e+00
1.078088521957397461e+00
1.459851741790771484e+00
1.025077581405639648e+00
8.726095557212829590e-01
1.119607448577880859e+00
9.378131628036499023e-01
1.147764921188354492e+00
1.357482552528381348e+00
1.276595592498779297e+00
2.049076080322265625e+00
2.205246210098266602e+00
2.878809690475463867e+00
3.308412075042724609e+00
3.241632461547851562e+00
3.341782808303833008e+00
3.044927358627319336e+00
2.761984825134277344e+00
2.535964965820312500e+00
2.344590187072753906e+00
3.598816633224487305e+00
3.834833145141601562e+00
3.703706741333007812e+00
3.689001798629760742e+00
3.651945352554321289e+00
3.143246650695800781e+00
2.536738634109497070e+00
1.584230065345764160e+00
2.474769830703735352e+00
1.875537991523742676e+00
3.153437852859497070e+00
2.663747310638427734e+00
1.614602684974670410e+00
2.962527751922607422e+00
3.110167980194091797e+00
3.797843217849731445e+00
5.526040554046630859e+00
6.206982135772705078e+00
6.046562671661376953e+00
7.724586963653564453e+00
7.871589183807373047e+00
7.187112331390380859e+00
6.834001064300537109e+00
7.714208126068115234e+00
7.428900241851806641e+00
1.330826282501220703e-01
5.708353519439697266e-01
9.317340254783630371e-01
9.792194366455078125e-01
1.150735020637512207e+00
1.381883621215820312e+00
1.573926329612731934e+00
1.816582798957824707e+00
1.810010075569152832e+00
1.728221535682678223e+00
1.922078371047973633e+00
1.703737616539001465e+00
1.741194963455200195e+00
1.896143436431884766e+00
1.438582420349121094e+00
2.189502000808715820e+00
2.310245037078857422e+00
2.733532667160034180e+00
2.994016885757446289e+00
3.035844564437866211e+00
3.234874248504638672e+00
3.025955677032470703e+00
2.631959676742553711e+00
2.463062524795532227e+00
1.996470332145690918e+00
3.210873842239379883e+00
3.580713033676147461e+00
3.352538347244262695e+00
3.267113447189331055e+00
3.189207553863525391e+00
2.487579345703125000e+00
1.842063546180725098e+00
1.259995579719543457e+00
2.059790134429931641e+00
1.602585673332214355e+00
2.908385038375854492e+00
2.634409189224243164e+00
2.286274909973144531e+00
3.321957826614379883e+00
3.668105363845825195e+00
4.098816871643066406e+00
5.924524307250976562e+00
6.590420246124267578e+00
6.434091567993164062e+00
8.003851890563964844e+00
8.073568344116210938e+00
7.652251243591308594e+00
7.343194484710693359e+00
8.103940963745117188e+00
7.760954856872558594e+00
3.219055235385894775e-01
6.932563781738281250e-01
8.351209163665771484e-01
1.287608146667480469e+00
1.268370151519775391e+00
1.652352094650268555e+00
1.840803384780883789e+00
2.005953550338745117e+00
1.846888542175292969e+00
1.979493856430053711e+00
1.673562645912170410e+00
1.675760388374328613e+00
1.701620340347290039e+00
1.147837519645690918e+00
1.738384127616882324e+00
1.844690680503845215e+00
2.171857833862304688e+00
2.427026033401489258e+00
2.467847824096679688e+00
2.715699672698974609e+00
2.612897396087646484e+00
2.215305566787719727e+00
2.017949342727661133e+00
1.410474419593811035e+00
2.712876796722412109e+00
3.156376361846923828e+00
2.938596010208129883e+00
2.892157077789306641e+00
2.779425859451293945e+00
2.099863529205322266e+00
1.462158799171447754e+00
9.280946850776672363e-01
1.778890967369079590e+00
1.458902478218078613e+00
2.571069478988647461e+00
2.480747461318969727e+00
2.277150154113769531e+00
3.158783197402954102e+00
3.452562332153320312e+00
3.849499225616455078e+00
5.506652355194091797e+00
6.174333095550537109e+00
6.097927570343017578e+00
7.537332057952880859e+00
7.658857345581054688e+00
7.284540653228759766e+00
6.983027935028076172e+00
7.678772449493408203e+00
7.309878826141357422e+00
1.133181571960449219e+00
6.191144585609436035e-01
1.623451113700866699e+00
1.499935746192932129e+00
2.033298254013061523e+00
2.203178167343139648e+00
2.500639915466308594e+00
2.284634113311767578e+00
2.431979656219482422e+00
2.132529020309448242e+00
2.113820791244506836e+00
2.085512161254882812e+00
1.449683070182800293e+00
1.902387022972106934e+00
1.982485890388488770e+00
2.072314023971557617e+00
2.086840629577636719e+00
2.273453474044799805e+00
2.593342542648315430e+00
2.591357946395874023e+00
2.147291183471679688e+00
1.997011184692382812e+00
1.188352227210998535e+00
2.392905473709106445e+00
2.931655168533325195e+00
2.716468811035156250e+00
2.696012735366821289e+00
2.527873277664184570e+00
1.796406507492065430e+00
1.200635790824890137e+00
1.029912352561950684e+00
1.758519649505615234e+00
1.666384458541870117e+00
2.487522840499877930e+00
2.616033077239990234e+00
2.651986122131347656e+00
3.358657598495483398e+00
3.698315620422363281e+00
3.991173028945922852e+00
5.614733695983886719e+00
6.258700370788574219e+00
6.199747562408447266e+00
7.549718379974365234e+00
7.644623756408691406e+00
7.398518562316894531e+00
7.123006820678710938e+00
7.747168540954589844e+00
7.353892803192138672e+00
9.018710255622863770e-01
1.050057291984558105e+00
6.477969884872436523e-01
8.139606118202209473e-01
8.558996319770812988e-01
1.294665694236755371e+00
1.095153331756591797e+00
1.107174754142761230e+00
7.703916430473327637e-01
8.634683489799499512e-01
6.956881880760192871e-01
2.608749866485595703e-01
9.753412008285522461e-01
1.015084147453308105e+00
1.708114027976989746e+00
2.403456687927246094e+00
2.296904087066650391e+00
2.437440872192382812e+00
2.302503824234008789e+00
2.010565519332885742e+00
1.743992447853088379e+00
1.437771677970886230e+00
2.777847051620483398e+00
3.083992004394531250e+00
3.000541210174560547e+00
3.074388027191162109e+00
2.996720314025878906e+00
2.592980146408081055e+00
2.052419662475585938e+00
1.021260142326354980e+00
2.036816358566284180e+00
1.617386579513549805e+00
2.555200815200805664e+00
2.355952978134155273e+00
1.560119152069091797e+00
2.627677917480468750e+00
2.789618492126464844e+00
3.222126245498657227e+00
4.680914402008056641e+00
5.410662651062011719e+00
5.146803855895996094e+00
6.826734066009521484e+00
6.945450782775878906e+00
6.516094207763671875e+00
6.171261310577392578e+00
6.909933567047119141e+00
6.548844814300537109e+00
1.013774633407592773e+00
6.125946044921875000e-01
1.331558465957641602e+00
1.384667396545410156e+00
1.853974580764770508e+00
2.192845106124877930e+00
2.208068847656250000e+00
1.848796010017395020e+00
2.008033990859985352e+00
1.867410659790039062e+00
1.331309318542480469e+00
1.847695112228393555e+00
1.712733149528503418e+00
1.802448272705078125e+00
2.122412204742431641e+00
2.353447914123535156e+00
2.780027866363525391e+00
2.934879779815673828e+00
2.554969549179077148e+00
2.331394195556640625e+00
1.238730788230895996e+00
2.699973583221435547e+00
3.316996812820434570e+00
3.201557159423828125e+00
3.275829315185546875e+00
3.063330650329589844e+00
2.392885684967041016e+00
1.775566339492797852e+00
1.618160367012023926e+00
2.467158079147338867e+00
2.314645767211914062e+00
3.062144756317138672e+00
3.213719367980957031e+00
2.710617542266845703e+00
3.679050922393798828e+00
3.931026220321655273e+00
4.182041168212890625e+00
5.605520248413085938e+00
6.313170909881591797e+00
6.044563293457031250e+00
7.566293239593505859e+00
7.621448993682861328e+00
7.493916988372802734e+00
7.187353134155273438e+00
7.785157203674316406e+00
7.354822635650634766e+00
3.454744219779968262e-01
4.045918881893157959e-01
6.060770750045776367e-01
6.674211025238037109e-01
1.605793237686157227e+00
1.610350847244262695e+00
1.153388738632202148e+00
1.657451510429382324e+00
1.574082612991333008e+00
1.519520998001098633e+00
2.104354143142700195e+00
2.098903656005859375e+00
2.679309129714965820e+00
3.512158393859863281e+00
3.457937002182006836e+00
3.665636539459228516e+00
3.600617885589599609e+00
3.331667661666870117e+00
3.046567916870117188e+00
2.473529577255249023e+00
3.980836391448974609e+00
4.387961864471435547e+00
4.293254852294921875e+00
4.350264072418212891e+00
4.239390373229980469e+00
3.663946628570556641e+00
3.039899826049804688e+00
2.256639719009399414e+00
3.246769905090332031e+00
2.768509387969970703e+00
3.878072977066040039e+00
3.610106706619262695e+00
2.345852136611938477e+00
3.627793550491333008e+00
3.701357364654541016e+00
4.249824523925781250e+00
5.618221759796142578e+00
6.387206554412841797e+00
6.052645206451416016e+00
7.837172508239746094e+00
8.005961418151855469e+00
7.460047245025634766e+00
7.069496154785156250e+00
7.866252422332763672e+00
7.519394397735595703e+00
2.965226471424102783e-01
3.416252434253692627e-01
8.310501575469970703e-01
1.558872461318969727e+00
1.451477885246276855e+00
1.122226119041442871e+00
1.417936801910400391e+00
1.210283994674682617e+00
1.096264719963073730e+00
1.599258661270141602e+00
1.575679898262023926e+00
1.987450599670410156e+00
2.921080112457275391e+00
2.875719785690307617e+00
3.142779588699340820e+00
3.181773662567138672e+00
2.947443246841430664e+00
2.645479917526245117e+00
1.905004382133483887e+00
3.469268560409545898e+00
3.934618234634399414e+00
3.890715599060058594e+00
4.010997772216796875e+00
3.859388589859008789e+00
3.337963581085205078e+00
2.765841007232666016e+00
2.047658920288085938e+00
3.052075624465942383e+00
2.699274778366088867e+00
3.578648090362548828e+00
3.414847373962402344e+00
2.144169092178344727e+00
3.309805870056152344e+00
3.401499748229980469e+00
3.854170799255371094e+00
5.171153068542480469e+00
5.949239253997802734e+00
5.599345684051513672e+00
7.362328052520751953e+00
7.518051624298095703e+00
7.049824237823486328e+00
6.668566226959228516e+00
7.420990467071533203e+00
7.055294513702392578e+00
1.335327476263046265e-01
3.023305833339691162e-01
1.174060583114624023e+00
1.110014557838439941e+00
6.491771936416625977e-01
1.258204579353332520e+00
1.136994600296020508e+00
1.254499077796936035e+00
1.726753354072570801e+00
1.722113609313964844e+00
2.374221801757812500e+00
3.348013639450073242e+00
3.223000764846801758e+00
3.339406490325927734e+00
3.302891731262207031e+00
3.117124080657958984e+00
2.800083398818969727e+00
2.392638206481933594e+00
3.875132083892822266e+00
4.170436382293701172e+00
4.189475536346435547e+00
4.289816856384277344e+00
4.219664096832275391e+00
3.798049449920654297e+00
3.227559566497802734e+00
2.275645971298217773e+00
3.288193464279174805e+00
2.791419267654418945e+00
3.758099317550659180e+00
3.414596319198608398e+00
1.904817581176757812e+00
3.195477724075317383e+00
3.232401132583618164e+00
3.760741233825683594e+00
5.021483421325683594e+00
5.773549079895019531e+00
5.436423301696777344e+00
7.261099815368652344e+00
7.457792758941650391e+00
6.874662399291992188e+00
6.469079494476318359e+00
7.267614841461181641e+00
6.925091266632080078e+00
6.054694056510925293e-01
1.549701094627380371e+00
1.340525269508361816e+00
1.017425060272216797e+00
1.376740574836730957e+00
1.094589948654174805e+00
1.191320180892944336e+00
1.471603512763977051e+00
1.454161286354064941e+00
2.088158369064331055e+00
3.197787523269653320e+00
3.016294002532958984e+00
3.100239038467407227e+00
3.182055234909057617e+00
3.050415992736816406e+00
2.712782859802246094e+00
2.313008546829223633e+00
3.792607069015502930e+00
4.032918930053710938e+00
4.157474517822265625e+00
4.289247989654541016e+00
4.236092090606689453e+00
3.903328895568847656e+00
3.360717535018920898e+00
2.414363145828247070e+00
3.419510126113891602e+00
2.983485937118530273e+00
3.769083738327026367e+00
3.516304731369018555e+00
2.081402301788330078e+00
3.159279584884643555e+00
3.180571317672729492e+00
3.580670833587646484e+00
4.761611938476562500e+00
5.529004573822021484e+00
5.161247253417968750e+00
6.977667808532714844e+00
7.166334152221679688e+00
6.656560420989990234e+00
6.255290031433105469e+00
7.010555267333984375e+00
6.648046493530273438e+00
7.724241018295288086e-01
6.834578514099121094e-01
3.003493249416351318e-01
1.123537063598632812e+00
8.961322307586669922e-01
1.639064192771911621e+00
1.959947466850280762e+00
2.046611309051513672e+00
2.786463737487792969e+00
3.762158632278442383e+00
3.580387115478515625e+00
3.597429513931274414e+00
3.356448411941528320e+00
3.233274459838867188e+00
2.944662570953369141e+00
2.887808799743652344e+00
4.213341236114501953e+00
4.289935111999511719e+00
4.358068466186523438e+00
4.393016815185546875e+00
4.428972244262695312e+00
4.101565837860107422e+00
3.549378633499145508e+00
2.441956281661987305e+00
3.358545780181884766e+00
2.838547945022583008e+00
3.789960861206054688e+00
3.257879018783569336e+00
1.666536927223205566e+00
2.938452005386352539e+00
2.893161058425903320e+00
3.626679658889770508e+00
5.049933433532714844e+00
5.744983196258544922e+00
5.485448360443115234e+00
7.333030700683593750e+00
7.541256427764892578e+00
6.754757881164550781e+00
6.342758178710937500e+00
7.257432937622070312e+00
6.979760646820068359e+00
1.336036324501037598e-01
3.214182853698730469e-01
3.221524357795715332e-01
5.311645865440368652e-01
1.153749346733093262e+00
1.529884696006774902e+00
1.806752085685729980e+00
2.653725147247314453e+00
3.132248878479003906e+00
2.921297788619995117e+00
2.856190204620361328e+00
2.455438613891601562e+00
2.359641790390014648e+00
2.103627443313598633e+00
2.405117511749267578e+00
3.457945823669433594e+00
3.397432327270507812e+00
3.494214296340942383e+00
3.451015233993530273e+00
3.600397825241088867e+00
3.402686119079589844e+00
2.975332498550415039e+00
1.773898124694824219e+00
2.454874515533447266e+00
1.875496625900268555e+00
2.837276935577392578e+00
2.029901266098022461e+00
6.539818048477172852e-01
1.970030665397644043e+00
2.007733821868896484e+00
2.852003812789916992e+00
4.524428844451904297e+00
5.199934482574462891e+00
5.053267478942871094e+00
6.747126579284667969e+00
6.923467159271240234e+00
6.156271457672119141e+00
5.794833183288574219e+00
6.699487686157226562e+00
6.435321807861328125e+00
1.334686279296875000e-01
3.570687770843505859e-01
3.224916160106658936e-01
1.123634338378906250e+00
1.359227061271667480e+00
1.615643143653869629e+00
2.501736879348754883e+00
3.095020771026611328e+00
2.848001480102539062e+00
2.764992475509643555e+00
2.463569641113281250e+00
2.407077312469482422e+00
2.125306606292724609e+00
2.393007278442382812e+00
3.489929199218750000e+00
3.407754898071289062e+00
3.587266206741333008e+00
3.629567623138427734e+00
3.719782114028930664e+00
3.569552421569824219e+00
3.150804519653320312e+00
1.932642459869384766e+00
2.758827686309814453e+00
2.212892055511474609e+00
3.015669822692871094e+00
2.481062889099121094e+00
6.801897287368774414e-01
2.019039630889892578e+00
1.982527852058410645e+00
2.724200010299682617e+00
4.302087306976318359e+00
5.008465290069580078e+00
4.810779571533203125e+00
6.548411846160888672e+00
6.737357616424560547e+00
5.985620021820068359e+00
5.608554840087890625e+00
6.500665187835693359e+00
6.224527835845947266e+00
3.270986676216125488e-01
3.122139275074005127e-01
8.352625370025634766e-01
1.249231100082397461e+00
1.432029843330383301e+00
2.290632963180541992e+00
2.938189744949340820e+00
2.737364768981933594e+00
2.716424942016601562e+00
2.478955268859863281e+00
2.368454933166503906e+00
2.066868066787719727e+00
2.151722669601440430e+00
3.363787889480590820e+00
3.407080411911010742e+00
3.522924423217773438e+00
3.583842039108276367e+00
3.628755331039428711e+00
3.413086652755737305e+00
2.939318895339965820e+00
1.769439339637756348e+00
2.687640666961669922e+00
2.180809020996093750e+00
2.991723775863647461e+00
2.559359550476074219e+00
8.912524580955505371e-01
2.213927507400512695e+00
2.239042997360229492e+00
2.938648700714111328e+00
4.479813098907470703e+00
5.201129913330078125e+00
4.976467609405517578e+00
6.707896232604980469e+00
6.880404949188232422e+00
6.197442531585693359e+00
5.817873001098632812e+00
6.698224067687988281e+00
6.395107746124267578e+00
1.335442364215850830e-01
6.740356087684631348e-01
8.992282748222351074e-01
1.195409297943115234e+00
2.041935920715332031e+00
2.574426174163818359e+00
2.327436447143554688e+00
2.260114192962646484e+00
1.877720236778259277e+00
1.846712708473205566e+00
1.623849272727966309e+00
1.919512152671813965e+00
2.977389574050903320e+00
2.824155330657958984e+00
3.069941997528076172e+00
3.096624612808227539e+00
3.243893623352050781e+00
3.149463415145874023e+00
2.775066852569580078e+00
1.533138751983642578e+00
2.335608720779418945e+00
1.898369550704956055e+00
2.473204612731933594e+00
1.923078179359436035e+00
2.808006703853607178e-01
1.381975293159484863e+00
1.507409214973449707e+00
2.163302183151245117e+00
3.880842685699462891e+00
4.531880378723144531e+00
4.495941162109375000e+00
6.072899818420410156e+00
6.244455814361572266e+00
5.502155780792236328e+00
5.158164501190185547e+00
6.038609504699707031e+00
5.773838996887207031e+00
5.224733352661132812e-01
7.502662539482116699e-01
9.657731056213378906e-01
1.849147558212280273e+00
2.542064428329467773e+00
2.303584575653076172e+00
2.272050142288208008e+00
2.148190736770629883e+00
2.073950052261352539e+00
1.744614839553833008e+00
1.839348196983337402e+00
3.026216030120849609e+00
3.055474042892456055e+00
3.252486228942871094e+00
3.355478286743164062e+00
3.391553640365600586e+00
3.265020370483398438e+00
2.851670026779174805e+00
1.661875844001770020e+00
2.573606729507446289e+00
2.131668329238891602e+00
2.793268203735351562e+00
2.368864059448242188e+00
8.457955121994018555e-01
1.972372770309448242e+00
2.048328161239624023e+00
2.618381500244140625e+00
4.103672504425048828e+00
4.822594642639160156e+00
4.587894916534423828e+00
6.304898262023925781e+00
6.462583541870117188e+00
5.825330257415771484e+00
5.429637908935546875e+00
6.317480564117431641e+00
6.003458499908447266e+00
3.542962074279785156e-01
6.328238844871520996e-01
1.215019822120666504e+00
1.717694640159606934e+00
1.551561951637268066e+00
1.668630003929138184e+00
1.645227313041687012e+00
1.447743177413940430e+00
1.112905740737915039e+00
9.919268488883972168e-01
2.210275650024414062e+00
2.451721906661987305e+00
2.537370204925537109e+00
2.688989400863647461e+00
2.651358366012573242e+00
2.520700454711914062e+00
2.136076688766479492e+00
1.084429860115051270e+00
2.052503585815429688e+00
1.826756834983825684e+00
2.208394289016723633e+00
2.176635742187500000e+00
1.396456003189086914e+00
2.185422420501708984e+00
2.367336750030517578e+00
2.662756919860839844e+00
4.130016803741455078e+00
4.825888633728027344e+00
4.619373321533203125e+00
6.206634998321533203e+00
6.291255950927734375e+00
5.957538604736328125e+00
5.640908241271972656e+00
6.326505184173583984e+00
5.955846309661865234e+00
2.367590814828872681e-01
8.381573557853698730e-01
1.507820367813110352e+00
1.229862928390502930e+00
1.291573405265808105e+00
1.498506784439086914e+00
1.424155831336975098e+00
1.072738289833068848e+00
9.172886013984680176e-01
2.117400884628295898e+00
2.267052650451660156e+00
2.529961347579956055e+00
2.733700275421142578e+00
2.713420867919921875e+00
2.741696119308471680e+00
2.429333925247192383e+00
1.349967002868652344e+00
2.241463184356689453e+00
1.963735938072204590e+00
2.247325181961059570e+00
2.185560941696166992e+00
1.441740751266479492e+00
1.998925924301147461e+00
2.131439924240112305e+00
2.293630361557006836e+00
3.605487823486328125e+00
4.325454711914062500e+00
4.076525211334228516e+00
5.692747116088867188e+00
5.799207687377929688e+00
5.482092857360839844e+00
5.157840251922607422e+00
5.815252304077148438e+00
5.432186603546142578e+00
2.875311076641082764e-01
1.011701464653015137e+00
7.724031209945678711e-01
1.029066324234008789e+00
1.446882486343383789e+00
1.372562646865844727e+00
1.056573867797851562e+00
5.625836253166198730e-01
1.779341220855712891e+00
2.087754011154174805e+00
2.327514410018920898e+00
2.602451562881469727e+00
2.535359859466552734e+00
2.610405921936035156e+00
2.359019756317138672e+00
1.551354765892028809e+00
2.353584527969360352e+00
2.100085973739624023e+00
2.231187105178833008e+00
2.403687953948974609e+00
1.859598755836486816e+00
2.315448045730590820e+00
2.462571144104003906e+00
2.499779224395751953e+00
3.612112522125244141e+00
4.335104465484619141e+00
4.037253379821777344e+00
5.598517894744873047e+00
5.644481658935546875e+00
5.547101020812988281e+00
5.239748477935791016e+00
5.791080474853515625e+00
5.362211704254150391e+00
6.578047871589660645e-01
5.723729729652404785e-01
9.193750023841857910e-01
1.618154287338256836e+00
1.559814572334289551e+00
1.203401327133178711e+00
4.671724736690521240e-01
1.593282818794250488e+00
1.990056395530700684e+00
2.239202260971069336e+00
2.590682983398437500e+00
2.462527275085449219e+00
2.585170984268188477e+00
2.404757261276245117e+00
1.929785132408142090e+00
2.590998649597167969e+00
2.383303165435791016e+00
2.362571716308593750e+00
2.739074230194091797e+00
2.564550399780273438e+00
2.735029220581054688e+00
2.862354516983032227e+00
2.735304594039916992e+00
3.702814102172851562e+00
4.359415531158447266e+00
4.106908321380615234e+00
5.487037181854248047e+00
5.489988327026367188e+00
5.602956295013427734e+00
5.347140312194824219e+00
5.772895336151123047e+00
5.308741092681884766e+00
3.884487450122833252e-01
8.945008516311645508e-01
1.435286164283752441e+00
1.242564558982849121e+00
1.237356781959533691e+00
7.259148359298706055e-01
6.823884248733520508e-01
1.282647371292114258e+00
1.437475800514221191e+00
1.786479830741882324e+00
1.581123709678649902e+00
1.765249848365783691e+00
1.714547395706176758e+00
1.783429026603698730e+00
2.052782535552978516e+00
1.953467965126037598e+00
1.755567908287048340e+00
2.431948661804199219e+00
2.924192190170288086e+00
2.758183956146240234e+00
3.188964128494262695e+00
2.841992855072021484e+00
4.129815101623535156e+00
4.687413692474365234e+00
4.536881923675537109e+00
5.693696022033691406e+00
5.613962173461914062e+00
5.899415493011474609e+00
5.700364589691162109e+00
6.054896831512451172e+00
5.582317829132080078e+00
2.798119485378265381e-01
9.951179027557373047e-01
1.052170276641845703e+00
6.795909404754638672e-01
8.208851218223571777e-01
1.027042746543884277e+00
1.133327484130859375e+00
1.442887067794799805e+00
1.870146512985229492e+00
1.834501504898071289e+00
2.182691812515258789e+00
2.119329452514648438e+00
1.810196995735168457e+00
2.161846876144409180e+00
1.972658276557922363e+00
1.729223132133483887e+00
2.256804943084716797e+00
2.516702890396118164e+00
2.298989534378051758e+00
2.640527248382568359e+00
2.239232540130615234e+00
3.162317276000976562e+00
3.753356218338012695e+00
3.627398490905761719e+00
4.806170940399169922e+00
4.846429347991943359e+00
5.004650115966796875e+00
4.778313636779785156e+00
5.131431102752685547e+00
4.657793521881103516e+00
5.511866211891174316e-01
8.787348866462707520e-01
3.086366653442382812e-01
1.345619797706604004e+00
1.142965674400329590e+00
7.265243530273437500e-01
1.263207793235778809e+00
1.700996160507202148e+00
1.785802364349365234e+00
2.283923149108886719e+00
2.357269287109375000e+00
1.867872953414916992e+00
2.041471242904663086e+00
1.831346988677978516e+00
1.534355163574218750e+00
1.969973802566528320e+00
2.213600635528564453e+00
1.832628369331359863e+00
2.228226423263549805e+00
1.686522483825683594e+00
3.174832820892333984e+00
3.638724803924560547e+00
3.650634527206420898e+00
4.801790714263916016e+00
4.760007381439208984e+00
4.782316207885742188e+00
4.604005336761474609e+00
5.062100410461425781e+00
4.673265457153320312e+00
2.734460234642028809e-01
2.970400452613830566e-01
1.755612850189208984e+00
1.314884424209594727e+00
6.820263862609863281e-01
1.127334713935852051e+00
1.275432467460632324e+00
1.506822347640991211e+00
2.110754966735839844e+00
2.334005594253540039e+00
1.592615485191345215e+00
1.436261177062988281e+00
1.186637759208679199e+00
8.180946707725524902e-01
1.135123491287231445e+00
1.649964928627014160e+00
1.176309347152709961e+00
1.758254170417785645e+00
1.299058556556701660e+00
3.322034120559692383e+00
3.757961273193359375e+00
3.883270978927612305e+00
5.029038429260253906e+00
5.013744354248046875e+00
4.789802551269531250e+00
4.615151405334472656e+00
5.206502437591552734e+00
4.882852077484130859e+00
1.334300488233566284e-01
1.417763948440551758e+00
1.146630406379699707e+00
6.789408326148986816e-01
7.723621129989624023e-01
7.852568030357360840e-01
1.038194060325622559e+00
1.733224630355834961e+00
1.855411410331726074e+00
1.177573204040527344e+00
1.163181066513061523e+00
9.333167672157287598e-01
3.348527550697326660e-01
1.019475340843200684e+00
1.641673922538757324e+00
1.263767600059509277e+00
1.895155906677246094e+00
1.634197592735290527e+00
3.739047050476074219e+00
4.149448394775390625e+00
4.304225444793701172e+00
5.362746238708496094e+00
5.303955078125000000e+00
5.141199111938476562e+00
4.998879432678222656e+00
5.559012413024902344e+00
5.254189014434814453e+00
1.233667492866516113e+00
1.388583421707153320e+00
9.944688081741333008e-01
1.320213913917541504e+00
1.468124151229858398e+00
1.611560106277465820e+00
1.950729608535766602e+00
1.915398836135864258e+00
1.060742974281311035e+00
1.380836367607116699e+00
1.105275511741638184e+00
1.008539080619812012e+00
1.255267620086669922e+00
1.661462664604187012e+00
1.443493247032165527e+00
1.873845458030700684e+00
1.559781432151794434e+00
3.056795358657836914e+00
3.573338985443115234e+00
3.586183309555053711e+00
4.806575775146484375e+00
4.876682281494140625e+00
4.723855018615722656e+00
4.515168190002441406e+00
5.028429031372070312e+00
4.646294593811035156e+00
1.281481504440307617e+00
1.914158344268798828e+00
1.918740987777709961e+00
2.163588285446166992e+00
1.916779994964599609e+00
1.732710599899291992e+00
1.486727476119995117e+00
1.173673391342163086e+00
1.883832335472106934e+00
1.848961830139160156e+00
1.993094801902770996e+00
2.447488546371459961e+00
2.458854436874389648e+00
2.866762161254882812e+00
3.173155784606933594e+00
3.107800006866455078e+00
4.302771091461181641e+00
4.946288108825683594e+00
4.725306034088134766e+00
6.060688018798828125e+00
6.104559421539306641e+00
6.181189060211181641e+00
5.931797027587890625e+00
6.360806465148925781e+00
5.896264553070068359e+00
5.271522998809814453e-01
6.172286868095397949e-01
1.064656257629394531e+00
7.838715910911560059e-01
1.447231411933898926e+00
1.601774215698242188e+00
1.873432755470275879e+00
1.784720301628112793e+00
1.774435281753540039e+00
1.334751009941101074e+00
2.227774858474731445e+00
3.096864461898803711e+00
2.660013914108276367e+00
3.288867712020874023e+00
2.743551492691040039e+00
4.323662281036376953e+00
4.705366134643554688e+00
4.797735691070556641e+00
5.672999382019042969e+00
5.522379398345947266e+00
5.812118530273437500e+00
5.663562297821044922e+00
6.034435749053955078e+00
5.627961635589599609e+00
1.332342177629470825e-01
6.129087805747985840e-01
7.286518216133117676e-01
1.719770193099975586e+00
2.123081445693969727e+00
1.911432266235351562e+00
1.611507773399353027e+00
1.590012788772583008e+00
7.776948809623718262e-01
1.711383938789367676e+00
2.503962278366088867e+00
1.858747243881225586e+00
2.455502748489379883e+00
1.826372742652893066e+00
3.388316631317138672e+00
3.718400478363037109e+00
3.897028923034667969e+00
4.793783664703369141e+00
4.771193027496337891e+00
4.761546611785888672e+00
4.632250785827636719e+00
5.071822643280029297e+00
4.724483966827392578e+00
3.558327555656433105e-01
2.573244571685791016e-01
1.310270071029663086e+00
1.748413205146789551e+00
1.653836488723754883e+00
1.351827383041381836e+00
1.403614163398742676e+00
7.479712367057800293e-01
1.719314217567443848e+00
2.877109289169311523e+00
2.289142608642578125e+00
3.019540548324584961e+00
2.434588909149169922e+00
4.254219055175781250e+00
4.585784435272216797e+00
4.763785839080810547e+00
5.610465526580810547e+00
5.467918395996093750e+00
5.612257957458496094e+00
5.492402553558349609e+00
5.918759346008300781e+00
5.565811157226562500e+00
1.333266943693161011e-01
1.004884600639343262e+00
1.570259928703308105e+00
1.522511363029479980e+00
1.154346108436584473e+00
1.278261303901672363e+00
3.102945387363433838e-01
1.365108847618103027e+00
2.826241731643676758e+00
2.203855514526367188e+00
3.052904367446899414e+00
2.589399576187133789e+00
4.663807868957519531e+00
4.990138053894042969e+00
5.183562755584716797e+00
6.073784828186035156e+00
5.943106174468994141e+00
5.951214790344238281e+00
5.858263015747070312e+00
6.338670253753662109e+00
6.019732952117919922e+00
8.526673913002014160e-01
1.363423943519592285e+00
1.551121711730957031e+00
1.273387312889099121e+00
1.423877358436584473e+00
5.693284273147583008e-01
1.795914292335510254e+00
3.102398395538330078e+00
2.544484376907348633e+00
3.343210697174072266e+00
2.865294694900512695e+00
4.839911460876464844e+00
5.134744167327880859e+00
5.315827369689941406e+00
6.057154655456542969e+00
5.924463748931884766e+00
6.125383853912353516e+00
6.022148132324218750e+00
6.406774044036865234e+00
6.055036544799804688e+00
3.989303112030029297e-01
1.205018997192382812e+00
9.775251746177673340e-01
1.235029935836791992e+00
1.194885611534118652e+00
2.035813808441162109e+00
3.189076900482177734e+00
3.059816360473632812e+00
3.779670715332031250e+00
3.565869331359863281e+00
5.592548847198486328e+00
6.020040512084960938e+00
6.114501476287841797e+00
7.146337509155273438e+00
7.033395290374755859e+00
7.072916507720947266e+00
6.921481132507324219e+00
7.424288272857666016e+00
7.062505245208740234e+00
1.028383493423461914e+00
1.027557134628295898e+00
1.286804676055908203e+00
1.685004234313964844e+00
2.180160999298095703e+00
2.990877151489257812e+00
3.209548473358154297e+00
3.807720422744750977e+00
3.758798122406005859e+00
5.705706119537353516e+00
6.213554859161376953e+00
6.218150138854980469e+00
7.366707324981689453e+00
7.278257846832275391e+00
7.317819595336914062e+00
7.121477603912353516e+00
7.644975662231445312e+00
7.257100105285644531e+00
3.237224817276000977e-01
3.035438954830169678e-01
1.103629231452941895e+00
1.102545738220214844e+00
1.767051815986633301e+00
2.169740915298461914e+00
2.664067268371582031e+00
2.854788541793823242e+00
4.792219161987304688e+00
5.372396945953369141e+00
5.403400421142578125e+00
6.725947856903076172e+00
6.811972618103027344e+00
6.445091247558593750e+00
6.188501834869384766e+00
6.871907711029052734e+00
6.530179500579833984e+00
1.335481852293014526e-01
6.474452614784240723e-01
8.901675939559936523e-01
2.184175729751586914e+00
2.044053077697753906e+00
2.787401914596557617e+00
2.714206695556640625e+00
4.979609489440917969e+00
5.406839370727539062e+00
5.555313110351562500e+00
6.695577144622802734e+00
6.655904293060302734e+00
6.378123283386230469e+00
6.198181629180908203e+00
6.854722976684570312e+00
6.560378074645996094e+00
7.058355212211608887e-01
7.315661311149597168e-01
1.746467113494873047e+00
1.749960660934448242e+00
2.458326101303100586e+00
2.424940824508666992e+00
4.681949615478515625e+00
5.129595756530761719e+00
5.258135795593261719e+00
6.453860759735107422e+00
6.437516689300537109e+00
6.109276294708251953e+00
5.912608623504638672e+00
6.593098640441894531e+00
6.300372600555419922e+00
9.175988435745239258e-01
2.247624158859252930e+00
1.668667316436767578e+00
2.504638910293579102e+00
2.100095748901367188e+00
4.305899143218994141e+00
4.642972469329833984e+00
4.847741127014160156e+00
5.837645053863525391e+00
5.758423328399658203e+00
5.580821037292480469e+00
5.457059860229492188e+00
6.029476165771484375e+00
5.746068477630615234e+00
1.511156320571899414e+00
1.051169514656066895e+00
1.879583835601806641e+00
1.859434962272644043e+00
4.308013439178466797e+00
4.670647621154785156e+00
4.889857292175292969e+00
6.049595355987548828e+00
6.055887699127197266e+00
5.496227264404296875e+00
5.316454410552978516e+00
6.099730014801025391e+00
5.895964622497558594e+00
5.762413740158081055e-01
7.415106296539306641e-01
1.495291948318481445e+00
3.494336128234863281e+00
4.027371883392333984e+00
4.090198040008544922e+00
5.594084262847900391e+00
5.711532592773437500e+00
4.896678447723388672e+00
4.590066909790039062e+00
5.516835689544677734e+00
5.312812328338623047e+00
1.334207952022552490e-01
7.034609317779541016e-01
2.734211921691894531e+00
3.179923772811889648e+00
3.342713117599487305e+00
4.754428386688232422e+00
4.849919795989990234e+00
4.003094196319580078e+00
3.717600345611572266e+00
4.648361682891845703e+00
4.477890014648437500e+00
6.978127360343933105e-01
2.546287775039672852e+00
3.043935298919677734e+00
3.150242090225219727e+00
4.645367145538330078e+00
4.767498493194580078e+00
3.880605220794677734e+00
3.562622785568237305e+00
4.515652179718017578e+00
4.341856479644775391e+00
1.658339858055114746e+00
2.104340076446533203e+00
2.269015789031982422e+00
3.682434082031250000e+00
3.806063175201416016e+00
3.033090829849243164e+00
2.746623516082763672e+00
3.595198154449462891e+00
3.395916938781738281e+00
3.271763920783996582e-01
3.363434970378875732e-01
1.691045999526977539e+00
1.890294194221496582e+00
1.614338874816894531e+00
1.340993046760559082e+00
1.696309447288513184e+00
1.362090349197387695e+00
1.334680616855621338e-01
1.341551661491394043e+00
1.530024170875549316e+00
9.912716746330261230e-01
6.842901110649108887e-01
1.203887581825256348e+00
9.685631990432739258e-01
1.264292120933532715e+00
1.493473052978515625e+00
1.341452240943908691e+00
1.045757412910461426e+00
1.303060531616210938e+00
8.905956745147705078e-01
1.332849860191345215e-01
1.250356793403625488e+00
1.333249211311340332e+00
5.409367084503173828e-01
2.759638726711273193e-01
1.362373948097229004e+00
1.533329367637634277e+00
7.642117142677307129e-01
6.322487592697143555e-01
3.353424072265625000e-01
5.151329040527343750e-01
9.028953909873962402e-01
6.740576028823852539e-01
6.570176482200622559e-01
1.328669041395187378e-01
