4.018921554088592529e-01
7.506198883056640625e-01
1.301520824432373047e+00
1.772005319595336914e+00
2.316495895385742188e+00
2.477768421173095703e+00
1.913893580436706543e+00
2.608949661254882812e+00
1.456473350524902344e+00
1.585982799530029297e+00
4.545956611633300781e+00
5.266324996948242188e+00
5.550631999969482422e+00
5.298660755157470703e+00
4.686675548553466797e+00
4.822304248809814453e+00
4.444462299346923828e+00
2.932182788848876953e+00
5.057854056358337402e-01
1.014759063720703125e+00
6.355595588684082031e-01
1.996184349060058594e+00
5.036428928375244141e+00
5.106485843658447266e+00
6.024183273315429688e+00
5.790334701538085938e+00
5.566249370574951172e+00
5.203581809997558594e+00
1.981062650680541992e+00
1.206977128982543945e+00
1.686736226081848145e+00
9.356604218482971191e-01
2.234517574310302734e+00
2.714591026306152344e+00
2.668627500534057617e+00
6.168221473693847656e+00
6.790731430053710938e+00
6.769675731658935547e+00
7.322970867156982422e+00
7.884535312652587891e+00
8.410685539245605469e+00
6.886688232421875000e+00
6.901753902435302734e+00
7.296273708343505859e+00
8.080027580261230469e+00
8.486165046691894531e+00
7.742389678955078125e+00
7.749756336212158203e+00
7.054692745208740234e+00
6.577709197998046875e+00
6.196437835693359375e+00
5.921740055084228516e+00
5.716057300567626953e+00
5.401909351348876953e+00
5.087600231170654297e+00
3.229240417480468750e+00
3.234852313995361328e+00
2.705943107604980469e+00
3.770590782165527344e+00
3.205314397811889648e+00
2.823202610015869141e+00
4.627414226531982422e+00
4.838570117950439453e+00
4.661067008972167969e+00
4.781310558319091797e+00
1.350609809160232544e-01
7.125126123428344727e-01
1.356233596801757812e+00
1.917945981025695801e+00
2.110306501388549805e+00
1.518522620201110840e+00
2.084637880325317383e+00
9.232991337776184082e-01
1.061697125434875488e+00
4.645576477050781250e+00
5.369931697845458984e+00
5.630190849304199219e+00
5.345639705657958984e+00
4.789956092834472656e+00
4.821869373321533203e+00
4.483815193176269531e+00
2.952652454376220703e+00
6.123304367065429688e-01
5.022221207618713379e-01
6.790017485618591309e-01
2.136133193969726562e+00
4.988687515258789062e+00
5.013954639434814453e+00
5.921306133270263672e+00
5.761910915374755859e+00
5.591003894805908203e+00
5.257535934448242188e+00
1.910875201225280762e+00
1.151279807090759277e+00
1.500196337699890137e+00
7.452119588851928711e-01
2.227397441864013672e+00
2.593320608139038086e+00
2.470432281494140625e+00
5.991419315338134766e+00
6.623978137969970703e+00
6.635065078735351562e+00
7.174205303192138672e+00
7.714437007904052734e+00
8.246625900268554688e+00
6.653461456298828125e+00
6.633532047271728516e+00
7.036000251770019531e+00
7.816751003265380859e+00
8.243385314941406250e+00
7.535665035247802734e+00
7.548551559448242188e+00
6.910310745239257812e+00
6.372564792633056641e+00
6.026132106781005859e+00
5.800180435180664062e+00
5.642694950103759766e+00
5.294601917266845703e+00
5.006132125854492188e+00
3.071664810180664062e+00
2.939279794692993164e+00
2.484130620956420898e+00
3.332365751266479492e+00
2.658980369567871094e+00
2.329684257507324219e+00
4.591162204742431641e+00
4.841207027435302734e+00
4.650635242462158203e+00
4.950575828552246094e+00
4.545332193374633789e-01
1.320036172866821289e+00
1.876387238502502441e+00
2.092785120010375977e+00
1.504699230194091797e+00
1.930857539176940918e+00
8.266877532005310059e-01
9.129897952079772949e-01
4.793215274810791016e+00
5.520083904266357422e+00
5.746315479278564453e+00
5.439636230468750000e+00
4.943090915679931641e+00
4.866805553436279297e+00
4.575264453887939453e+00
3.047502756118774414e+00
6.893715858459472656e-01
4.562478363513946533e-01
8.904849290847778320e-01
2.333618164062500000e+00
5.025705814361572266e+00
5.020731449127197266e+00
5.943876743316650391e+00
5.838137149810791016e+00
5.666704177856445312e+00
5.356200695037841797e+00
2.038333654403686523e+00
1.312580704689025879e+00
1.575731396675109863e+00
8.273290991783142090e-01
2.387312412261962891e+00
2.671569108963012695e+00
2.557588577270507812e+00
5.944676876068115234e+00
6.559770584106445312e+00
6.637998104095458984e+00
7.155866622924804688e+00
7.675479888916015625e+00
8.215469360351562500e+00
6.602989673614501953e+00
6.551987648010253906e+00
6.974470138549804688e+00
7.693355560302734375e+00
8.137014389038085938e+00
7.420439243316650391e+00
7.418121814727783203e+00
6.795672416687011719e+00
6.303992748260498047e+00
5.926680088043212891e+00
5.734113693237304688e+00
5.596422672271728516e+00
5.241331100463867188e+00
4.963667869567871094e+00
3.063075304031372070e+00
2.921127796173095703e+00
2.534617662429809570e+00
3.227993726730346680e+00
2.497304439544677734e+00
2.223370313644409180e+00
4.567784786224365234e+00
4.869238376617431641e+00
4.627490043640136719e+00
5.115888595581054688e+00
8.261975049972534180e-01
1.306575536727905273e+00
1.564177751541137695e+00
1.029219508171081543e+00
1.188499689102172852e+00
3.688714206218719482e-01
7.771628499031066895e-01
5.209684371948242188e+00
5.876185417175292969e+00
6.050843238830566406e+00
5.749416351318359375e+00
5.298331260681152344e+00
5.140817165374755859e+00
4.838614463806152344e+00
3.364452600479125977e+00
1.027351140975952148e+00
6.997897624969482422e-01
1.184942007064819336e+00
2.504631519317626953e+00
5.107519149780273438e+00
5.133650779724121094e+00
5.976618766784667969e+00
5.841968536376953125e+00
5.779403209686279297e+00
5.524073600769042969e+00
2.045737028121948242e+00
1.196390032768249512e+00
1.159739017486572266e+00
7.120910882949829102e-01
2.157146692276000977e+00
2.274348258972167969e+00
2.275599956512451172e+00
6.020730495452880859e+00
6.648411273956298828e+00
6.652839183807373047e+00
7.178612709045410156e+00
7.695561885833740234e+00
8.223403930664062500e+00
6.576278686523437500e+00
6.523902893066406250e+00
6.907349109649658203e+00
7.689984321594238281e+00
8.145310401916503906e+00
7.445101737976074219e+00
7.540454864501953125e+00
6.981719493865966797e+00
6.367609500885009766e+00
6.077504634857177734e+00
5.914268970489501953e+00
5.822092533111572266e+00
5.436312675476074219e+00
5.187313556671142578e+00
3.005102634429931641e+00
2.794560194015502930e+00
2.345848321914672852e+00
2.654650926589965820e+00
1.812785267829895020e+00
1.797636389732360840e+00
4.880896091461181641e+00
5.242391109466552734e+00
5.028843879699707031e+00
5.670188426971435547e+00
1.358526498079299927e-01
4.436950683593750000e-01
1.341067701578140259e-01
5.259969830513000488e-01
3.383564651012420654e-01
8.580512404441833496e-01
4.926395416259765625e+00
5.477598667144775391e+00
5.636695861816406250e+00
5.365358829498291016e+00
4.893947601318359375e+00
4.763381004333496094e+00
4.409309864044189453e+00
3.055790901184082031e+00
1.216080069541931152e+00
9.100295305252075195e-01
1.151707768440246582e+00
2.058497190475463867e+00
4.522232055664062500e+00
4.615064620971679688e+00
5.356847763061523438e+00
5.133467674255371094e+00
5.164517879486083984e+00
4.956798553466796875e+00
1.486338496208190918e+00
8.586274385452270508e-01
3.682523369789123535e-01
6.547591090202331543e-01
1.416841864585876465e+00
1.300606608390808105e+00
1.420878171920776367e+00
5.573801040649414062e+00
6.157159328460693359e+00
6.042658329010009766e+00
6.585032939910888672e+00
7.115921497344970703e+00
7.623988151550292969e+00
6.048275470733642578e+00
6.097758769989013672e+00
6.348204135894775391e+00
7.245929718017578125e+00
7.657562732696533203e+00
6.971149444580078125e+00
7.176646709442138672e+00
6.582156658172607422e+00
5.971497535705566406e+00
5.697490692138671875e+00
5.506165981292724609e+00
5.425871849060058594e+00
5.030474185943603516e+00
4.799970626831054688e+00
2.469310998916625977e+00
2.156269311904907227e+00
1.616097092628479004e+00
1.473389983177185059e+00
1.375667333602905273e+00
1.124018311500549316e+00
4.588242530822753906e+00
4.972067832946777344e+00
4.839458465576171875e+00
5.704168796539306641e+00
1.355348378419876099e-01
3.103502988815307617e-01
7.244716286659240723e-01
7.402592301368713379e-01
1.177592158317565918e+00
4.989615917205810547e+00
5.468346118927001953e+00
5.614551544189453125e+00
5.349859714508056641e+00
4.901858329772949219e+00
4.727329254150390625e+00
4.389669895172119141e+00
3.133623361587524414e+00
1.686632037162780762e+00
1.351323366165161133e+00
1.557282567024230957e+00
2.193907022476196289e+00
4.379734516143798828e+00
4.488269805908203125e+00
5.166702747344970703e+00
4.937269210815429688e+00
5.033093929290771484e+00
4.866510868072509766e+00
1.555832028388977051e+00
1.067589163780212402e+00
3.757275938987731934e-01
1.134469151496887207e+00
1.327255487442016602e+00
9.495514631271362305e-01
1.144187450408935547e+00
5.420018196105957031e+00
5.981803417205810547e+00
5.832893371582031250e+00
6.369909286499023438e+00
6.892409324645996094e+00
7.390375137329101562e+00
5.828698158264160156e+00
5.898696899414062500e+00
6.099526405334472656e+00
7.026656627655029297e+00
7.431398868560791016e+00
6.755803108215332031e+00
7.020098686218261719e+00
6.434647083282470703e+00
5.817122936248779297e+00
5.569952487945556641e+00
5.393899917602539062e+00
5.340876579284667969e+00
4.935700893402099609e+00
4.728692531585693359e+00
2.333056688308715820e+00
1.922962069511413574e+00
1.446847915649414062e+00
1.263048887252807617e+00
1.404154062271118164e+00
1.032544493675231934e+00
4.581011295318603516e+00
4.992002487182617188e+00
4.877530574798583984e+00
5.897801876068115234e+00
1.339947730302810669e-01
7.570482492446899414e-01
9.498896002769470215e-01
1.293017148971557617e+00
4.796755313873291016e+00
5.216876029968261719e+00
5.362091541290283203e+00
5.112651348114013672e+00
4.659575462341308594e+00
4.503841876983642578e+00
4.146645545959472656e+00
2.962737798690795898e+00
1.800756096839904785e+00
1.465504288673400879e+00
1.625427484512329102e+00
2.026824235916137695e+00
4.075968742370605469e+00
4.213507175445556641e+00
4.846790790557861328e+00
4.580709457397460938e+00
4.708732604980468750e+00
4.561582088470458984e+00
1.363244652748107910e+00
1.237594485282897949e+00
5.597264766693115234e-01
1.290543675422668457e+00
1.205783963203430176e+00
8.360478281974792480e-01
7.690166831016540527e-01
5.173170089721679688e+00
5.711383819580078125e+00
5.517875194549560547e+00
6.061738014221191406e+00
6.582473278045654297e+00
7.072463512420654297e+00
5.558961868286132812e+00
5.658558368682861328e+00
5.816725730895996094e+00
6.715167999267578125e+00
7.113981246948242188e+00
6.501761913299560547e+00
6.759370803833007812e+00
6.184136390686035156e+00
5.564026355743408203e+00
5.338111400604248047e+00
5.156392574310302734e+00
5.107795238494873047e+00
4.702732563018798828e+00
4.502948284149169922e+00
2.102408885955810547e+00
1.647160291671752930e+00
1.147134780883789062e+00
1.093011856079101562e+00
1.220430135726928711e+00
7.325698733329772949e-01
4.374431610107421875e+00
4.800999641418457031e+00
4.701458930969238281e+00
5.785593986511230469e+00
8.498600721359252930e-01
4.186516702175140381e-01
7.966027855873107910e-01
4.469440460205078125e+00
4.917531490325927734e+00
5.053687572479248047e+00
4.787870883941650391e+00
4.363226890563964844e+00
4.159007072448730469e+00
3.831310272216796875e+00
2.616864442825317383e+00
1.239375352859497070e+00
9.039685726165771484e-01
1.097809433937072754e+00
1.787555098533630371e+00
3.798380136489868164e+00
3.905476570129394531e+00
4.591238975524902344e+00
4.385632514953613281e+00
4.466704368591308594e+00
4.305133819580078125e+00
1.069547414779663086e+00
8.439472317695617676e-01
3.368502855300903320e-01
7.024089694023132324e-01
1.099569201469421387e+00
9.702102541923522949e-01
6.853280663490295410e-01
4.858612537384033203e+00
5.417704105377197266e+00
5.263884544372558594e+00
5.805165767669677734e+00
6.335038661956787109e+00
6.835378170013427734e+00
5.285533428192138672e+00
5.375430583953857422e+00
5.571666240692138672e+00
6.506345272064208984e+00
6.902517795562744141e+00
6.224466800689697266e+00
6.481156349182128906e+00
5.879520416259765625e+00
5.271093368530273438e+00
5.014816761016845703e+00
4.824933528900146484e+00
4.767982959747314453e+00
4.364855289459228516e+00
4.158588409423828125e+00
1.768912315368652344e+00
1.372642636299133301e+00
8.668138384819030762e-01
1.444473385810852051e+00
1.408840179443359375e+00
8.687895536422729492e-01
4.021926403045654297e+00
4.445708751678466797e+00
4.343862533569335938e+00
5.451781272888183594e+00
8.052810430526733398e-01
1.180840373039245605e+00
5.347867488861083984e+00
5.849349021911621094e+00
5.953374385833740234e+00
5.656298637390136719e+00
5.309689044952392578e+00
4.950018882751464844e+00
4.737589836120605469e+00
3.479586839675903320e+00
1.948449134826660156e+00
1.619295239448547363e+00
1.944160699844360352e+00
2.822730064392089844e+00
4.666915893554687500e+00
4.699743270874023438e+00
5.398614883422851562e+00
5.317622184753417969e+00
5.416654109954833984e+00
5.274541854858398438e+00
2.109449863433837891e+00
1.739837169647216797e+00
1.071874976158142090e+00
1.405744552612304688e+00
2.133872509002685547e+00
1.792893767356872559e+00
1.707334280014038086e+00
5.459631443023681641e+00
6.039154529571533203e+00
5.999899387359619141e+00
6.496519088745117188e+00
6.974839687347412109e+00
7.482810497283935547e+00
5.833095550537109375e+00
5.813959121704101562e+00
6.082836627960205078e+00
6.938765525817871094e+00
7.376667976379394531e+00
6.702505111694335938e+00
6.958460807800292969e+00
6.435927391052246094e+00
5.790416717529296875e+00
5.581192970275878906e+00
5.476782798767089844e+00
5.461372852325439453e+00
5.048775672912597656e+00
4.870040893554687500e+00
2.472997426986694336e+00
2.077265739440917969e+00
1.661191821098327637e+00
1.243043065071105957e+00
8.212425112724304199e-01
7.436349391937255859e-01
4.723394870758056641e+00
5.201135158538818359e+00
4.992932796478271484e+00
6.193547725677490234e+00
3.334975540637969971e-01
4.706619739532470703e+00
5.318857192993164062e+00
5.462399959564208984e+00
5.162480831146240234e+00
4.743383407592773438e+00
4.527993679046630859e+00
4.237536430358886719e+00
2.828992843627929688e+00
8.194519281387329102e-01
5.461703538894653320e-01
9.210864901542663574e-01
2.074807167053222656e+00
4.414835929870605469e+00
4.450175285339355469e+00
5.263520240783691406e+00
5.140127658843994141e+00
5.107963085174560547e+00
4.881083965301513672e+00
1.485650300979614258e+00
9.887285828590393066e-01
7.653492689132690430e-01
3.370576202869415283e-01
1.683025836944580078e+00
1.718593001365661621e+00
1.615060687065124512e+00
5.352045059204101562e+00
5.962634086608886719e+00
5.934768676757812500e+00
6.462364673614501953e+00
6.981397628784179688e+00
7.504673957824707031e+00
5.879284381866455078e+00
5.874840736389160156e+00
6.203607559204101562e+00
7.041633129119873047e+00
7.471035003662109375e+00
6.774569988250732422e+00
6.912332057952880859e+00
6.337252140045166016e+00
5.724118232727050781e+00
5.439589977264404297e+00
5.264202594757080078e+00
5.182135105133056641e+00
4.787620544433593750e+00
4.550971508026123047e+00
2.291103363037109375e+00
2.065288305282592773e+00
1.620751380920410156e+00
2.048386096954345703e+00
1.502742528915405273e+00
1.164063572883605957e+00
4.301034927368164062e+00
4.689030170440673828e+00
4.521328926086425781e+00
5.411627292633056641e+00
4.276660919189453125e+00
4.938290119171142578e+00
5.067968845367431641e+00
4.740160942077636719e+00
4.378691196441650391e+00
4.079905033111572266e+00
3.860917806625366211e+00
2.427700281143188477e+00
6.970108151435852051e-01
4.061828851699829102e-01
8.769406080245971680e-01
2.061164855957031250e+00
4.116124153137207031e+00
4.089063644409179688e+00
4.977274417877197266e+00
4.962031364440917969e+00
4.851449966430664062e+00
4.603740215301513672e+00
1.463051915168762207e+00
1.437699675559997559e+00
1.228525280952453613e+00
5.146763324737548828e-01
1.868884563446044922e+00
2.057345867156982422e+00
1.736276030540466309e+00
4.938893318176269531e+00
5.573622703552246094e+00
5.633357524871826172e+00
6.144937038421630859e+00
6.653888225555419922e+00
7.190599918365478516e+00
5.535203456878662109e+00
5.486423015594482422e+00
5.889011383056640625e+00
6.618991851806640625e+00
7.078823089599609375e+00
6.401956558227539062e+00
6.445865154266357422e+00
5.893962860107421875e+00
5.290361404418945312e+00
4.987123966217041016e+00
4.818712711334228516e+00
4.727543354034423828e+00
4.341026782989501953e+00
4.095574378967285156e+00
2.001447677612304688e+00
1.849561214447021484e+00
1.613085031509399414e+00
2.263577699661254883e+00
1.325031280517578125e+00
1.135206580162048340e+00
3.791232347488403320e+00
4.188407421112060547e+00
3.968914985656738281e+00
4.901208877563476562e+00
6.555144786834716797e-01
9.551287889480590820e-01
7.955347895622253418e-01
5.173938274383544922e-01
1.078611135482788086e+00
9.199401736259460449e-01
1.745633840560913086e+00
3.910955429077148438e+00
4.141251564025878906e+00
3.883568286895751953e+00
3.066339492797851562e+00
1.865890383720397949e+00
1.924546837806701660e+00
2.749234437942504883e+00
2.748189210891723633e+00
2.219531059265136719e+00
1.370397448539733887e+00
3.492922544479370117e+00
4.595271110534667969e+00
4.906665802001953125e+00
4.508157730102539062e+00
4.099511623382568359e+00
4.616466999053955078e+00
4.019665718078613281e+00
3.125211954116821289e+00
3.210714340209960938e+00
3.522495985031127930e+00
3.759247064590454102e+00
4.486968040466308594e+00
4.845077037811279297e+00
4.078113555908203125e+00
4.205890655517578125e+00
4.599367141723632812e+00
5.043255805969238281e+00
5.213472366333007812e+00
4.344051837921142578e+00
4.289328575134277344e+00
3.368158340454101562e+00
3.311149597167968750e+00
2.691643476486206055e+00
2.511578798294067383e+00
2.041981220245361328e+00
2.155359745025634766e+00
1.791585326194763184e+00
2.489656686782836914e+00
3.103328704833984375e+00
3.599481105804443359e+00
5.353647708892822266e+00
5.091834545135498047e+00
4.702714920043945312e+00
1.203751087188720703e+00
7.734754681587219238e-01
9.126465320587158203e-01
1.017284035682678223e+00
1.354102343320846558e-01
3.287135362625122070e-01
4.256198406219482422e-01
7.334891557693481445e-01
8.483700752258300781e-01
2.295758962631225586e+00
4.625097751617431641e+00
4.837647438049316406e+00
4.557522296905517578e+00
3.548425912857055664e+00
1.426893115043640137e+00
1.550970435142517090e+00
2.111271619796752930e+00
1.980121612548828125e+00
1.493453145027160645e+00
6.564251184463500977e-01
3.975814580917358398e+00
5.151495456695556641e+00
5.412570953369140625e+00
5.128969669342041016e+00
4.508287906646728516e+00
4.904767036437988281e+00
4.352024078369140625e+00
2.945456027984619141e+00
2.689519405364990234e+00
2.914779186248779297e+00
3.137174129486083984e+00
3.919453859329223633e+00
4.194125175476074219e+00
3.727819442749023438e+00
4.078780174255371094e+00
4.205952167510986328e+00
4.842942237854003906e+00
4.894800662994384766e+00
4.217050075531005859e+00
4.276008129119873047e+00
3.325843811035156250e+00
3.279746294021606445e+00
2.683781623840332031e+00
2.429253339767456055e+00
2.044206619262695312e+00
2.110906839370727539e+00
1.884577870368957520e+00
2.922290802001953125e+00
3.399965763092041016e+00
3.984342336654663086e+00
5.608307838439941406e+00
5.545869827270507812e+00
5.163887977600097656e+00
1.602927327156066895e+00
8.145513534545898438e-01
1.779587984085083008e+00
1.565283656120300293e+00
1.352518647909164429e-01
3.348010182380676270e-01
6.051741838455200195e-01
8.208825588226318359e-01
2.432535886764526367e+00
4.875525474548339844e+00
5.034954547882080078e+00
4.800899982452392578e+00
3.775415897369384766e+00
1.304277539253234863e+00
1.302898645401000977e+00
1.786168336868286133e+00
1.879861712455749512e+00
1.397348999977111816e+00
4.122156202793121338e-01
4.154313087463378906e+00
5.380407810211181641e+00
5.582315921783447266e+00
5.338129997253417969e+00
4.716214656829833984e+00
5.071562290191650391e+00
4.491869449615478516e+00
2.570003509521484375e+00
2.262818813323974609e+00
2.551731348037719727e+00
2.726647853851318359e+00
3.502756834030151367e+00
3.775321483612060547e+00
3.346293926239013672e+00
3.670912265777587891e+00
3.826643228530883789e+00
4.415420055389404297e+00
4.452262878417968750e+00
3.774528503417968750e+00
3.832413434982299805e+00
2.889096021652221680e+00
2.855680704116821289e+00
2.280953407287597656e+00
2.038111448287963867e+00
1.674014091491699219e+00
1.786661386489868164e+00
1.582127094268798828e+00
2.995545625686645508e+00
3.462132930755615234e+00
4.114727497100830078e+00
5.650373458862304688e+00
5.579891681671142578e+00
5.231946468353271484e+00
1.460839390754699707e+00
6.817226409912109375e-01
1.720571994781494141e+00
2.133934974670410156e+00
1.349349170923233032e-01
3.676387667655944824e-01
4.777348935604095459e-01
2.105694055557250977e+00
4.569110870361328125e+00
4.728922367095947266e+00
4.533972263336181641e+00
3.616254806518554688e+00
1.210380554199218750e+00
1.175586462020874023e+00
1.869247317314147949e+00
2.049502849578857422e+00
1.541547060012817383e+00
5.505989789962768555e-01
3.918562650680541992e+00
5.167587757110595703e+00
5.334735870361328125e+00
5.065557003021240234e+00
4.531702041625976562e+00
4.882811069488525391e+00
4.268362045288085938e+00
2.424354791641235352e+00
2.307479143142700195e+00
2.634149312973022461e+00
2.844598054885864258e+00
3.589597225189208984e+00
3.934542894363403320e+00
3.283178806304931641e+00
3.567350625991821289e+00
3.789786100387573242e+00
4.363828182220458984e+00
4.469858646392822266e+00
3.717665910720825195e+00
3.749477624893188477e+00
2.792840957641601562e+00
2.735012769699096680e+00
2.118106365203857422e+00
1.874493241310119629e+00
1.467418432235717773e+00
1.547784209251403809e+00
1.285952091217041016e+00
2.685556650161743164e+00
3.204213142395019531e+00
3.863534450531005859e+00
5.419724941253662109e+00
5.267648696899414062e+00
4.930144786834716797e+00
1.046979069709777832e+00
2.793723344802856445e-01
1.292929887771606445e+00
2.063685894012451172e+00
1.345411837100982666e-01
3.676766157150268555e-01
1.728321075439453125e+00
4.043936252593994141e+00
4.261864662170410156e+00
3.970942974090576172e+00
2.933230161666870117e+00
9.294450879096984863e-01
9.673476815223693848e-01
1.636273860931396484e+00
1.711986184120178223e+00
1.198852539062500000e+00
2.809560000896453857e-01
3.377490758895874023e+00
4.542850494384765625e+00
4.827340126037597656e+00
4.535975456237792969e+00
3.914939880371093750e+00
4.358441352844238281e+00
3.811815977096557617e+00
2.375590801239013672e+00
2.205430984497070312e+00
2.422421216964721680e+00
2.697089672088623047e+00
3.457485198974609375e+00
3.811165094375610352e+00
3.166571617126464844e+00
3.517079591751098633e+00
3.652710199356079102e+00
4.315497398376464844e+00
4.412430763244628906e+00
3.717026948928833008e+00
3.788445711135864258e+00
2.868521213531494141e+00
2.763988733291625977e+00
2.157852649688720703e+00
1.886675000190734863e+00
1.496246099472045898e+00
1.524822950363159180e+00
1.314748167991638184e+00
2.455828905105590820e+00
2.955429315567016602e+00
3.496109247207641602e+00
5.142671585083007812e+00
5.065536499023437500e+00
4.656443119049072266e+00
1.080393075942993164e+00
4.508493244647979736e-01
1.405954480171203613e+00
1.884795308113098145e+00
2.818166315555572510e-01
1.528604865074157715e+00
4.004211425781250000e+00
4.152345180511474609e+00
4.031588554382324219e+00
3.178868055343627930e+00
6.410862803459167480e-01
6.923925280570983887e-01
1.510887265205383301e+00
1.628248810768127441e+00
1.119272112846374512e+00
3.642965257167816162e-01
3.413195848464965820e+00
4.719284534454345703e+00
4.764769554138183594e+00
4.488221168518066406e+00
4.030674934387207031e+00
4.327811717987060547e+00
3.697820425033569336e+00
1.856868505477905273e+00
2.068553209304809570e+00
2.289569377899169922e+00
2.633521556854248047e+00
3.351128578186035156e+00
3.776149749755859375e+00
2.787355184555053711e+00
2.981491804122924805e+00
3.314319849014282227e+00
3.929578781127929688e+00
4.177917480468750000e+00
3.350792169570922852e+00
3.377518177032470703e+00
2.490904331207275391e+00
2.307399988174438477e+00
1.653524756431579590e+00
1.373308539390563965e+00
9.888945817947387695e-01
8.939265012741088867e-01
6.015396714210510254e-01
2.007860660552978516e+00
2.534299850463867188e+00
3.262293100357055664e+00
4.708472251892089844e+00
4.478191852569580078e+00
4.187175273895263672e+00
2.875801026821136475e-01
3.504071235656738281e-01
7.640269994735717773e-01
2.406252861022949219e+00
1.241976499557495117e+00
3.706745624542236328e+00
3.847697734832763672e+00
3.629652500152587891e+00
2.652000904083251953e+00
6.737001538276672363e-01
7.839668393135070801e-01
1.707639217376708984e+00
1.798069119453430176e+00
1.290628194808959961e+00
7.190412878990173340e-01
2.940122604370117188e+00
4.199261665344238281e+00
4.361873626708984375e+00
4.128765583038330078e+00
3.543732404708862305e+00
3.906850814819335938e+00
3.299705505371093750e+00
2.253621339797973633e+00
2.356671094894409180e+00
2.473383903503417969e+00
2.882421493530273438e+00
3.587358713150024414e+00
4.054912090301513672e+00
3.068686008453369141e+00
3.383333921432495117e+00
3.560166358947753906e+00
4.303621292114257812e+00
4.503104686737060547e+00
3.769600391387939453e+00
3.815960884094238281e+00
2.911563634872436523e+00
2.749111890792846680e+00
2.099460363388061523e+00
1.819777607917785645e+00
1.419704794883728027e+00
1.351664185523986816e+00
1.076411008834838867e+00
1.797056317329406738e+00
2.296631574630737305e+00
2.902340888977050781e+00
4.532345771789550781e+00
4.420922279357910156e+00
4.041396617889404297e+00
6.051229238510131836e-01
3.373164832592010498e-01
1.038699626922607422e+00
2.326500415802001953e+00
2.177919387817382812e+00
2.332721471786499023e+00
2.121838092803955078e+00
1.522523164749145508e+00
1.748517036437988281e+00
1.770932912826538086e+00
2.768801927566528320e+00
2.797146797180175781e+00
2.433594226837158203e+00
2.072362184524536133e+00
1.696339845657348633e+00
2.848248720169067383e+00
3.070691823959350586e+00
2.667882442474365234e+00
2.416635274887084961e+00
2.892229318618774414e+00
2.213584423065185547e+00
3.030673742294311523e+00
3.477267742156982422e+00
3.542538404464721680e+00
4.023831844329833984e+00
4.592589378356933594e+00
5.112272739410400391e+00
3.821851491928100586e+00
3.937494993209838867e+00
4.274603843688964844e+00
4.979579925537109375e+00
5.314816474914550781e+00
4.545135498046875000e+00
4.584444046020507812e+00
3.837557554244995117e+00
3.478827714920043945e+00
2.929458856582641602e+00
2.617255210876464844e+00
2.374989271163940430e+00
2.085832118988037109e+00
1.757798552513122559e+00
6.264421343803405762e-01
1.269172310829162598e+00
1.750809788703918457e+00
3.486748218536376953e+00
3.219482898712158203e+00
2.814236402511596680e+00
1.384855508804321289e+00
1.704034090042114258e+00
1.639018058776855469e+00
2.834595918655395508e+00
1.356905847787857056e-01
3.187356591224670410e-01
1.540252804756164551e+00
4.197937011718750000e+00
4.196621417999267578e+00
5.136491775512695312e+00
5.046161651611328125e+00
4.830963134765625000e+00
4.509011268615722656e+00
1.376142859458923340e+00
1.176262736320495605e+00
1.451211690902709961e+00
5.757744908332824707e-01
1.849977016448974609e+00
2.291451692581176758e+00
2.002427339553833008e+00
5.168447017669677734e+00
5.803665161132812500e+00
5.843001842498779297e+00
6.375335216522216797e+00
6.914236068725585938e+00
7.449763774871826172e+00
5.867561817169189453e+00
5.850733280181884766e+00
6.271592617034912109e+00
7.033221721649169922e+00
7.452806949615478516e+00
6.719916820526123047e+00
6.728219509124755859e+00
6.069806098937988281e+00
5.554829597473144531e+00
5.194254875183105469e+00
4.957772254943847656e+00
4.792499065399169922e+00
4.450233459472656250e+00
4.157334804534912109e+00
2.284935474395751953e+00
2.283100128173828125e+00
1.916489362716674805e+00
3.017414093017578125e+00
2.335627079010009766e+00
1.946210503578186035e+00
3.752915620803833008e+00
4.038446426391601562e+00
3.848351240158081055e+00
4.296068191528320312e+00
3.775588274002075195e-01
1.686699628829956055e+00
4.221117973327636719e+00
4.247805118560791016e+00
5.133737087249755859e+00
5.003479003906250000e+00
4.865923404693603516e+00
4.579424858093261719e+00
1.237047553062438965e+00
1.099369525909423828e+00
1.214183807373046875e+00
2.807910442352294922e-01
1.672173857688903809e+00
2.024422168731689453e+00
1.745018124580383301e+00
5.223512649536132812e+00
5.847126960754394531e+00
5.838599681854248047e+00
6.377269744873046875e+00
6.916191101074218750e+00
7.445906639099121094e+00
5.854996204376220703e+00
5.855970859527587891e+00
6.228772163391113281e+00
7.037514686584472656e+00
7.456933975219726562e+00
6.752410411834716797e+00
6.794238567352294922e+00
6.166463375091552734e+00
5.610418796539306641e+00
5.273159503936767578e+00
5.051201343536376953e+00
4.904983043670654297e+00
4.548740386962890625e+00
4.267543315887451172e+00
2.265808582305908203e+00
2.114331483840942383e+00
1.690556049346923828e+00
2.674060821533203125e+00
2.053275585174560547e+00
1.642073512077331543e+00
3.897848606109619141e+00
4.207982063293457031e+00
4.021323680877685547e+00
4.647939205169677734e+00
1.219368577003479004e+00
4.132411956787109375e+00
4.200703144073486328e+00
5.074472427368164062e+00
4.863828659057617188e+00
4.679481506347656250e+00
4.348898410797119141e+00
1.028749942779541016e+00
7.414017319679260254e-01
1.148065090179443359e+00
3.520611524581909180e-01
1.495083570480346680e+00
1.996030211448669434e+00
1.699763774871826172e+00
5.256095409393310547e+00
5.866582393646240234e+00
5.807399749755859375e+00
6.362181663513183594e+00
6.919874668121337891e+00
7.442552089691162109e+00
5.904294013977050781e+00
5.949273109436035156e+00
6.287279605865478516e+00
7.122406005859375000e+00
7.524018764495849609e+00
6.822295188903808594e+00
6.877378463745117188e+00
6.235874176025390625e+00
5.678139209747314453e+00
5.326106548309326172e+00
5.067605018615722656e+00
4.881884098052978516e+00
4.549946308135986328e+00
4.247451782226562500e+00
2.257896661758422852e+00
2.178443193435668945e+00
1.656170845031738281e+00
2.893564224243164062e+00
2.363618612289428711e+00
1.907377362251281738e+00
3.848311185836791992e+00
4.111315727233886719e+00
3.959797859191894531e+00
4.429589748382568359e+00
3.084619998931884766e+00
3.286913871765136719e+00
4.041630744934082031e+00
3.580296039581298828e+00
3.430815219879150391e+00
3.111252307891845703e+00
2.802901566028594971e-01
1.276874780654907227e+00
1.690315485000610352e+00
1.450915932655334473e+00
7.853924632072448730e-01
1.558444857597351074e+00
1.448895931243896484e+00
4.624594688415527344e+00
5.032636165618896484e+00
4.847199916839599609e+00
5.428990840911865234e+00
6.060144424438476562e+00
6.538658618927001953e+00
5.255084514617919922e+00
5.489478588104248047e+00
5.643513679504394531e+00
6.590134143829345703e+00
6.904293060302734375e+00
6.237761497497558594e+00
6.356437206268310547e+00
5.601233482360839844e+00
5.154069423675537109e+00
4.728130817413330078e+00
4.396815776824951172e+00
4.170376300811767578e+00
3.879536151885986328e+00
3.581184387207031250e+00
1.760737538337707520e+00
1.738451838493347168e+00
1.394496083259582520e+00
3.165194511413574219e+00
3.141882181167602539e+00
2.597338676452636719e+00
3.192951679229736328e+00
3.405154228210449219e+00
3.466177701950073242e+00
4.056990623474121094e+00
1.355322897434234619e-01
7.925505042076110840e-01
1.171970963478088379e+00
7.435224056243896484e-01
5.916223526000976562e-01
3.146676778793334961e+00
4.504163742065429688e+00
4.433518409729003906e+00
4.434911727905273438e+00
3.679852962493896484e+00
3.757473945617675781e+00
3.130705595016479492e+00
1.683647990226745605e+00
1.669769525527954102e+00
1.554712176322937012e+00
2.074383497238159180e+00
2.753590345382690430e+00
3.218889236450195312e+00
2.266141891479492188e+00
2.727301836013793945e+00
2.702222824096679688e+00
3.581470012664794922e+00
3.756062984466552734e+00
3.147559165954589844e+00
3.327027559280395508e+00
2.480183839797973633e+00
2.270370244979858398e+00
1.763585567474365234e+00
1.417650818824768066e+00
1.289432644844055176e+00
9.640766978263854980e-01
1.043316960334777832e+00
1.946279764175415039e+00
2.122631549835205078e+00
2.857242822647094727e+00
4.094293117523193359e+00
4.224798202514648438e+00
3.900247097015380859e+00
1.244064927101135254e+00
1.225515961647033691e+00
1.795122861862182617e+00
3.275791168212890625e+00
6.162396073341369629e-01
1.383082270622253418e+00
1.103182911872863770e+00
9.218421578407287598e-01
3.303173303604125977e+00
4.679901123046875000e+00
4.570598602294921875e+00
4.485824108123779297e+00
3.886739253997802734e+00
3.958899259567260742e+00
3.319541692733764648e+00
1.353863954544067383e+00
1.441928744316101074e+00
1.300669789314270020e+00
1.856603860855102539e+00
2.474943161010742188e+00
2.964058637619018555e+00
1.900261163711547852e+00
2.366060495376586914e+00
2.339308738708496094e+00
3.230956792831420898e+00
3.431909799575805664e+00
2.807276487350463867e+00
2.990415573120117188e+00
2.143494129180908203e+00
1.927201509475708008e+00
1.368787646293640137e+00
1.039064288139343262e+00
8.975969552993774414e-01
6.462991833686828613e-01
6.688747406005859375e-01
1.925597071647644043e+00
2.201624870300292969e+00
2.946364164352416992e+00
4.178145408630371094e+00
4.176432132720947266e+00
3.911164045333862305e+00
1.009177684783935547e+00
1.136910200119018555e+00
1.553452610969543457e+00
3.327000617980957031e+00
9.735763072967529297e-01
9.090992212295532227e-01
1.168526411056518555e+00
4.055635452270507812e+00
5.414104938507080078e+00
5.259130954742431641e+00
5.328471183776855469e+00
4.547258377075195312e+00
4.501534938812255859e+00
3.874978780746459961e+00
1.202329635620117188e+00
7.636350989341735840e-01
5.658426880836486816e-01
9.902355074882507324e-01
1.721112489700317383e+00
2.150031328201293945e+00
1.631896138191223145e+00
1.956499338150024414e+00
1.991256356239318848e+00
2.737315654754638672e+00
2.830233097076416016e+00
2.306461811065673828e+00
2.552362442016601562e+00
1.713789343833923340e+00
1.608963489532470703e+00
1.309108853340148926e+00
8.964970111846923828e-01
1.212216258049011230e+00
6.307352781295776367e-01
1.335007786750793457e+00
2.792254686355590820e+00
2.935315608978271484e+00
3.627670288085937500e+00
4.637943267822265625e+00
4.868204116821289062e+00
4.566206455230712891e+00
2.012286901473999023e+00
1.946011066436767578e+00
2.422762870788574219e+00
4.016567230224609375e+00
3.431035280227661133e-01
8.549605011940002441e-01
3.752138853073120117e+00
5.004980087280273438e+00
4.960111141204833984e+00
5.112503528594970703e+00
4.005603313446044922e+00
4.025101184844970703e+00
3.513425827026367188e+00
2.542321205139160156e+00
2.013325214385986328e+00
1.578544735908508301e+00
1.923980832099914551e+00
2.729508638381958008e+00
2.923405885696411133e+00
2.824687957763671875e+00
3.235960245132446289e+00
3.094481945037841797e+00
3.920782089233398438e+00
3.934031486511230469e+00
3.575277090072631836e+00
3.898284673690795898e+00
3.106617450714111328e+00
3.025714874267578125e+00
2.655762195587158203e+00
2.218296051025390625e+00
2.329394102096557617e+00
1.841986656188964844e+00
2.298448324203491211e+00
2.892209291458129883e+00
2.886173486709594727e+00
3.490916490554809570e+00
4.529127597808837891e+00
4.972106933593750000e+00
4.513134956359863281e+00
2.469016313552856445e+00
2.304257631301879883e+00
3.059615135192871094e+00
4.090825557708740234e+00
3.384476006031036377e-01
3.698136806488037109e+00
4.970963478088378906e+00
5.029572963714599609e+00
5.036571979522705078e+00
4.114671230316162109e+00
4.256492137908935547e+00
3.700074195861816406e+00
2.438639402389526367e+00
1.963261842727661133e+00
1.697979450225830078e+00
2.075147867202758789e+00
2.879523515701293945e+00
3.163697957992553711e+00
2.812530994415283203e+00
3.233484506607055664e+00
3.156717300415039062e+00
3.989253520965576172e+00
4.050693988800048828e+00
3.595565319061279297e+00
3.857394218444824219e+00
3.006434440612792969e+00
2.892749786376953125e+00
2.464440584182739258e+00
2.068520307540893555e+00
2.007455110549926758e+00
1.670465230941772461e+00
1.912971973419189453e+00
2.718396186828613281e+00
2.887509584426879883e+00
3.524540901184082031e+00
4.822627544403076172e+00
5.072804450988769531e+00
4.671288013458251953e+00
2.004235744476318359e+00
1.792581081390380859e+00
2.570391178131103516e+00
3.584339857101440430e+00
3.443207740783691406e+00
4.698122978210449219e+00
4.834699630737304688e+00
4.751336097717285156e+00
3.894400596618652344e+00
4.137708187103271484e+00
3.595587015151977539e+00
2.344184160232543945e+00
2.053182601928710938e+00
2.029653787612915039e+00
2.417150259017944336e+00
3.199025392532348633e+00
3.544229507446289062e+00
2.986896514892578125e+00
3.352548360824584961e+00
3.397379636764526367e+00
4.153450489044189453e+00
4.234490394592285156e+00
3.596047163009643555e+00
3.702142477035522461e+00
2.837659835815429688e+00
2.676899671554565430e+00
2.110465526580810547e+00
1.794827103614807129e+00
1.497315287590026855e+00
1.515912890434265137e+00
1.387111902236938477e+00
2.497219800949096680e+00
2.758124113082885742e+00
3.355206012725830078e+00
4.812790870666503906e+00
4.977134227752685547e+00
4.585400104522705078e+00
1.395306706428527832e+00
8.642846941947937012e-01
1.791962862014770508e+00
2.661604881286621094e+00
1.060502529144287109e+00
1.383109211921691895e+00
1.201315164566040039e+00
4.610273838043212891e-01
1.143709421157836914e+00
7.727452516555786133e-01
4.463911056518554688e+00
5.016891002655029297e+00
4.809786319732666016e+00
5.388065338134765625e+00
5.967463016510009766e+00
6.466581821441650391e+00
5.028112411499023438e+00
5.189782619476318359e+00
5.384666442871093750e+00
6.323887825012207031e+00
6.682166099548339844e+00
5.999918460845947266e+00
6.167449951171875000e+00
5.477942466735839844e+00
4.945253372192382812e+00
4.611826896667480469e+00
4.318421840667724609e+00
4.169717311859130859e+00
3.814826488494873047e+00
3.551954746246337891e+00
1.452597618103027344e+00
1.244068980216979980e+00
6.453613042831420898e-01
2.377044439315795898e+00
2.297285079956054688e+00
1.751361012458801270e+00
3.281511306762695312e+00
3.656555891036987305e+00
3.584003210067749023e+00
4.474595546722412109e+00
2.991754114627838135e-01
3.429441154003143311e-01
8.236134052276611328e-01
1.168355941772460938e+00
1.465076684951782227e+00
5.835862636566162109e+00
6.397981166839599609e+00
6.176037311553955078e+00
6.758887290954589844e+00
7.337295055389404297e+00
7.832330703735351562e+00
6.364390373229980469e+00
6.489962100982666016e+00
6.691428661346435547e+00
7.632751941680908203e+00
8.010285377502441406e+00
7.326596260070800781e+00
7.511564254760742188e+00
6.851217269897460938e+00
6.290832042694091797e+00
5.972414970397949219e+00
5.686447620391845703e+00
5.525750160217285156e+00
5.177128314971923828e+00
4.901516914367675781e+00
2.784340858459472656e+00
2.538173913955688477e+00
1.818078637123107910e+00
2.444544792175292969e+00
2.519249916076660156e+00
2.054507970809936523e+00
4.579445362091064453e+00
4.896593570709228516e+00
4.798703193664550781e+00
5.351987838745117188e+00
6.946340799331665039e-01
9.150518178939819336e-01
8.491791486740112305e-01
1.184220433235168457e+00
5.581450462341308594e+00
6.141427040100097656e+00
5.958372592926025391e+00
6.512764453887939453e+00
7.055343627929687500e+00
7.550876140594482422e+00
6.026905059814453125e+00
6.124291896820068359e+00
6.315072536468505859e+00
7.256905555725097656e+00
7.649986267089843750e+00
6.971999168395996094e+00
7.217020034790039062e+00
6.604886531829833984e+00
6.003684043884277344e+00
5.731912612915039062e+00
5.520989894866943359e+00
5.436509609222412109e+00
5.045457839965820312e+00
4.817777633666992188e+00
2.482259273529052734e+00
2.116582155227661133e+00
1.526153922080993652e+00
1.749213337898254395e+00
1.816556215286254883e+00
1.418622374534606934e+00
4.620289325714111328e+00
5.008955478668212891e+00
4.901383399963378906e+00
5.732708454132080078e+00
1.195350050926208496e+00
1.599354028701782227e+00
1.640198707580566406e+00
5.519647598266601562e+00
6.074260711669921875e+00
6.072387218475341797e+00
6.573209762573242188e+00
7.110999107360839844e+00
7.634891986846923828e+00
6.133471012115478516e+00
6.169870376586914062e+00
6.429876804351806641e+00
7.231121540069580078e+00
7.650509834289550781e+00
6.986059665679931641e+00
7.052482128143310547e+00
6.446770668029785156e+00
5.910749912261962891e+00
5.539111614227294922e+00
5.326988220214843750e+00
5.207089900970458984e+00
4.831677436828613281e+00
4.569667339324951172e+00
2.424896717071533203e+00
2.228231191635131836e+00
1.738081216812133789e+00
2.527341842651367188e+00
1.966856837272644043e+00
1.563503980636596680e+00
4.266071796417236328e+00
4.608313560485839844e+00
4.447592735290527344e+00
5.140098571777343750e+00
5.464365482330322266e-01
7.470275759696960449e-01
5.121875286102294922e+00
5.609357833862304688e+00
5.311750411987304688e+00
5.903693199157714844e+00
6.493121623992919922e+00
6.966128349304199219e+00
5.607335090637207031e+00
5.825839519500732422e+00
5.924213409423828125e+00
6.928904056549072266e+00
7.265279293060302734e+00
6.601108074188232422e+00
6.844517707824707031e+00
6.140932083129882812e+00
5.621962070465087891e+00
5.307911872863769531e+00
5.003962516784667969e+00
4.858456611633300781e+00
4.511694431304931641e+00
4.260889053344726562e+00
2.202782869338989258e+00
1.840709924697875977e+00
1.181899070739746094e+00
2.280752658843994141e+00
2.605737209320068359e+00
2.009694337844848633e+00
3.998412132263183594e+00
4.316820621490478516e+00
4.333715915679931641e+00
5.130850315093994141e+00
3.609994351863861084e-01
5.082434177398681641e+00
5.560694694519042969e+00
5.203659057617187500e+00
5.773020744323730469e+00
6.331029891967773438e+00
6.787764072418212891e+00
5.417757034301757812e+00
5.644697189331054688e+00
5.664283275604248047e+00
6.710448265075683594e+00
7.037502765655517578e+00
6.403722763061523438e+00
6.765385150909423828e+00
6.107633590698242188e+00
5.542136192321777344e+00
5.307636737823486328e+00
5.066414833068847656e+00
4.995438575744628906e+00
4.618669986724853516e+00
4.424781322479248047e+00
2.210669517517089844e+00
1.731008768081665039e+00
1.210810780525207520e+00
1.463943958282470703e+00
2.187283277511596680e+00
1.547683715820312500e+00
4.293828010559082031e+00
4.681877613067626953e+00
4.711740493774414062e+00
5.782371997833251953e+00
4.409434795379638672e+00
4.894513607025146484e+00
4.571178436279296875e+00
5.136958599090576172e+00
5.693162918090820312e+00
6.161594390869140625e+00
4.762225627899169922e+00
4.984618663787841797e+00
5.025637626647949219e+00
6.059043407440185547e+00
6.396089076995849609e+00
5.748758316040039062e+00
6.094004631042480469e+00
5.435401916503906250e+00
4.871235847473144531e+00
4.628414630889892578e+00
4.390255928039550781e+00
4.317454338073730469e+00
3.931780338287353516e+00
3.730234146118164062e+00
1.471721768379211426e+00
1.058177828788757324e+00
4.606501162052154541e-01
1.514428019523620605e+00
1.913077116012573242e+00
1.233854770660400391e+00
3.602241516113281250e+00
4.037932872772216797e+00
4.005755424499511719e+00
5.176695823669433594e+00
1.347720623016357422e-01
7.673112154006958008e-01
9.860222339630126953e-01
1.175106287002563477e+00
1.726544857025146484e+00
4.722433090209960938e-01
7.080138921737670898e-01
9.340053796768188477e-01
1.501102566719055176e+00
1.707039952278137207e+00
1.054572343826293945e+00
1.343656420707702637e+00
7.410864233970642090e-01
4.009252786636352539e-01
3.555295765399932861e-01
4.482122063636779785e-01
7.657551169395446777e-01
5.763487219810485840e-01
1.093042612075805664e+00
2.881772279739379883e+00
3.192157745361328125e+00
3.826182365417480469e+00
4.855575084686279297e+00
4.745210170745849609e+00
4.631873130798339844e+00
1.881073594093322754e+00
2.044806241989135742e+00
2.007905244827270508e+00
4.314470291137695312e+00
6.762489080429077148e-01
6.657105684280395508e-01
1.162165403366088867e+00
1.687971234321594238e+00
7.488412261009216309e-01
9.167264699935913086e-01
1.160315752029418945e+00
1.588523507118225098e+00
1.735922336578369141e+00
1.036019086837768555e+00
1.215157508850097656e+00
4.235609471797943115e-01
3.895504474639892578e-01
5.920505523681640625e-01
4.782905876636505127e-01
1.088047027587890625e+00
7.424390912055969238e-01
1.535217165946960449e+00
3.489123106002807617e+00
3.745532512664794922e+00
4.386628627777099609e+00
5.344473361968994141e+00
5.326558113098144531e+00
5.215156078338623047e+00
2.397896289825439453e+00
2.261355876922607422e+00
2.428270101547241211e+00
4.414762020111083984e+00
1.349754035472869873e-01
7.227488160133361816e-01
1.148392915725708008e+00
7.518087029457092285e-01
1.136711716651916504e+00
1.102823853492736816e+00
1.766493320465087891e+00
1.828960180282592773e+00
1.434125900268554688e+00
1.857251644134521484e+00
1.373186826705932617e+00
1.340989589691162109e+00
1.479594469070434570e+00
1.127177476882934570e+00
1.686989903450012207e+00
1.023510813713073730e+00
1.915532350540161133e+00
3.449557065963745117e+00
3.617363691329956055e+00
4.280726909637451172e+00
5.163832187652587891e+00
5.389986991882324219e+00
5.143455505371093750e+00
2.718623399734497070e+00
2.653904199600219727e+00
3.025342941284179688e+00
4.790383815765380859e+00
3.865085840225219727e-01
7.593045234680175781e-01
9.302253723144531250e-01
1.298735618591308594e+00
1.266216993331909180e+00
1.671257853507995605e+00
1.597900986671447754e+00
1.440146327018737793e+00
1.858133435249328613e+00
1.463297367095947266e+00
1.550000429153442383e+00
1.627463102340698242e+00
1.290906786918640137e+00
1.803663492202758789e+00
1.342648863792419434e+00
2.190580368041992188e+00
3.978036642074584961e+00
4.158819198608398438e+00
4.811742305755615234e+00
5.637491703033447266e+00
5.840238571166992188e+00
5.635315418243408203e+00
3.038814306259155273e+00
2.872848987579345703e+00
3.255318880081176758e+00
4.992633342742919922e+00
3.248783648014068604e-01
9.202114939689636230e-01
1.186409473419189453e+00
1.092734575271606445e+00
1.171008348464965820e+00
9.732539057731628418e-01
9.994505643844604492e-01
1.343329548835754395e+00
1.406091928482055664e+00
1.585782647132873535e+00
1.921065330505371094e+00
1.687997221946716309e+00
2.298645734786987305e+00
1.866157889366149902e+00
2.747962474822998047e+00
4.514081954956054688e+00
4.700966835021972656e+00
5.320419788360595703e+00
6.089322090148925781e+00
6.273683071136474609e+00
6.110231399536132812e+00
3.622207403182983398e+00
3.557672500610351562e+00
3.679625272750854492e+00
5.604876041412353516e+00
1.390742540359497070e+00
1.652864456176757812e+00
1.433121204376220703e+00
1.397456049919128418e+00
1.062497973442077637e+00
1.437722325325012207e+00
1.829928040504455566e+00
1.986429214477539062e+00
2.129684686660766602e+00
2.443379640579223633e+00
2.223029136657714844e+00
2.813673019409179688e+00
2.395227909088134766e+00
3.269468307495117188e+00
5.040511131286621094e+00
5.213994979858398438e+00
5.830724716186523438e+00
6.551788806915283203e+00
6.788030147552490234e+00
6.607892036437988281e+00
4.131134986877441406e+00
3.977537870407104492e+00
4.202291011810302734e+00
5.961687088012695312e+00
3.141275644302368164e-01
3.155430257320404053e-01
9.721088409423828125e-01
1.174696683883666992e+00
6.548803448677062988e-01
1.258296847343444824e+00
1.114648699760437012e+00
7.284566164016723633e-01
1.106729626655578613e+00
1.117513775825500488e+00
1.716634988784790039e+00
1.282309174537658691e+00
2.067414045333862305e+00
3.480635643005371094e+00
3.685884237289428711e+00
4.236235141754150391e+00
5.016668319702148438e+00
5.077723026275634766e+00
4.980307579040527344e+00
2.868851661682128906e+00
3.041719675064086914e+00
2.982196569442749023e+00
5.316845893859863281e+00
1.351293772459030151e-01
6.280302405357360840e-01
9.803372025489807129e-01
3.745902776718139648e-01
1.029944896697998047e+00
1.046258568763732910e+00
5.741186738014221191e-01
1.001449227333068848e+00
1.352856755256652832e+00
1.837307691574096680e+00
1.656980991363525391e+00
2.153614759445190430e+00
3.535633802413940430e+00
3.829340696334838867e+00
4.311316013336181641e+00
5.101358413696289062e+00
4.992166996002197266e+00
4.950087547302246094e+00
2.887090921401977539e+00
3.122612237930297852e+00
2.878831148147583008e+00
5.336506843566894531e+00
6.423388123512268066e-01
8.488634824752807617e-01
5.006315708160400391e-01
1.190503478050231934e+00
1.344524264335632324e+00
1.094425082206726074e+00
1.516768455505371094e+00
1.604254603385925293e+00
2.212412357330322266e+00
1.791523933410644531e+00
2.608299493789672852e+00
3.863038063049316406e+00
4.029024124145507812e+00
4.528367042541503906e+00
5.169664859771728516e+00
5.313295364379882812e+00
5.214305400848388672e+00
3.405662298202514648e+00
3.585127353668212891e+00
3.417329072952270508e+00
5.768463134765625000e+00
1.349578946828842163e-01
4.062410295009613037e-01
7.510477304458618164e-01
1.381049275398254395e+00
1.484098434448242188e+00
1.929619073867797852e+00
2.115859508514404297e+00
2.661563634872436523e+00
2.475286960601806641e+00
3.093499183654785156e+00
4.700178146362304688e+00
4.960720062255859375e+00
5.444183826446533203e+00
6.130504131317138672e+00
6.106555461883544922e+00
6.062099933624267578e+00
3.912895917892456055e+00
4.041581153869628906e+00
3.823400974273681641e+00
6.172364711761474609e+00
5.811661481857299805e-01
9.625393748283386230e-01
1.545250892639160156e+00
1.753169178962707520e+00
2.285899877548217773e+00
2.326088190078735352e+00
2.894434690475463867e+00
2.676865577697753906e+00
3.394101381301879883e+00
5.097120761871337891e+00
5.331409454345703125e+00
5.845474243164062500e+00
6.523429393768310547e+00
6.564647674560546875e+00
6.502091884613037109e+00
4.239860534667968750e+00
4.296160221099853516e+00
4.158033847808837891e+00
6.312781810760498047e+00
1.349813640117645264e-01
5.808355808258056641e-01
7.904528975486755371e-01
1.379969239234924316e+00
1.564880371093750000e+00
2.029522657394409180e+00
2.002671957015991211e+00
2.438280344009399414e+00
4.396824836730957031e+00
4.647791862487792969e+00
5.164623737335205078e+00
5.897790908813476562e+00
5.894876003265380859e+00
5.833727836608886719e+00
3.339686393737792969e+00
3.392174243927001953e+00
3.208701133728027344e+00
5.437054634094238281e+00
5.967507362365722656e-01
8.301857113838195801e-01
1.384741902351379395e+00
1.697228431701660156e+00
2.021470308303833008e+00
2.162432670593261719e+00
2.373371362686157227e+00
4.516096591949462891e+00
4.870349407196044922e+00
5.427558898925781250e+00
6.344148635864257812e+00
6.149295330047607422e+00
6.120786190032958984e+00
3.307205915451049805e+00
3.351017236709594727e+00
3.129923582077026367e+00
5.308978080749511719e+00
1.349536329507827759e-01
6.819300055503845215e-01
8.549372553825378418e-01
1.099858403205871582e+00
1.325440883636474609e+00
1.506546854972839355e+00
3.886360645294189453e+00
4.219916820526123047e+00
4.840071201324462891e+00
5.839989185333251953e+00
5.679173469543457031e+00
5.606938362121582031e+00
2.434447050094604492e+00
2.422547578811645508e+00
2.273488521575927734e+00
4.356545448303222656e+00
3.013142943382263184e-01
6.598261594772338867e-01
9.916126728057861328e-01
1.124328136444091797e+00
1.373548269271850586e+00
3.300248622894287109e+00
3.647893428802490234e+00
4.222568988800048828e+00
5.167674541473388672e+00
5.018053531646728516e+00
4.962363719940185547e+00
2.270519018173217773e+00
2.327300786972045898e+00
2.149791002273559570e+00
4.426081180572509766e+00
1.348459720611572266e-01
3.531360030174255371e-01
5.908136963844299316e-01
7.886376976966857910e-01
2.993991851806640625e+00
3.367571353912353516e+00
3.988268375396728516e+00
5.025494575500488281e+00
4.836698532104492188e+00
4.752983570098876953e+00
1.641834259033203125e+00
1.687759757041931152e+00
1.566304802894592285e+00
3.836988210678100586e+00
1.346892863512039185e-01
2.818935513496398926e-01
5.881967544555664062e-01
2.793976306915283203e+00
3.144052743911743164e+00
3.833220958709716797e+00
5.004013538360595703e+00
4.814487934112548828e+00
4.655206203460693359e+00
1.407265663146972656e+00
1.496653199195861816e+00
1.412163019180297852e+00
3.680007457733154297e+00
1.345854401588439941e-01
2.966185510158538818e-01
2.689756870269775391e+00
3.092669486999511719e+00
3.813657999038696289e+00
5.045096397399902344e+00
4.839542388916015625e+00
4.648777484893798828e+00
1.090352773666381836e+00
1.096616148948669434e+00
1.043273925781250000e+00
3.167838811874389648e+00
1.344238221645355225e-01
2.320021629333496094e+00
2.689781665802001953e+00
3.402663946151733398e+00
4.645647525787353516e+00
4.431695938110351562e+00
4.236371994018554688e+00
9.604710936546325684e-01
1.108015179634094238e+00
1.080446004867553711e+00
3.346790552139282227e+00
2.060855150222778320e+00
2.504624605178833008e+00
3.228184223175048828e+00
4.544950962066650391e+00
4.297588348388671875e+00
4.070940971374511719e+00
6.395258903503417969e-01
7.266466617584228516e-01
6.732101440429687500e-01
2.972229480743408203e+00
3.215689659118652344e-01
8.110993504524230957e-01
2.242063760757446289e+00
2.014811992645263672e+00
1.689279437065124512e+00
1.875357747077941895e+00
2.297492980957031250e+00
2.222514390945434570e+00
3.644929409027099609e+00
3.684626519680023193e-01
1.636154890060424805e+00
1.676753759384155273e+00
1.279260516166687012e+00
2.463124275207519531e+00
2.925585031509399414e+00
2.854754924774169922e+00
4.347588062286376953e+00
1.266265630722045898e+00
1.379773736000061035e+00
8.768281340599060059e-01
3.147169828414916992e+00
3.590423822402954102e+00
3.511434555053710938e+00
4.725040912628173828e+00
9.199327826499938965e-01
6.490833759307861328e-01
4.603242874145507812e+00
5.098947525024414062e+00
4.907482624053955078e+00
6.516566753387451172e+00
3.415391445159912109e-01
4.192828655242919922e+00
4.733390808105468750e+00
4.427327156066894531e+00
5.981982231140136719e+00
3.953428506851196289e+00
4.464514255523681641e+00
4.222312450408935547e+00
5.627355575561523438e+00
3.003397583961486816e-01
3.408828973770141602e-01
2.376466512680053711e+00
3.382008969783782959e-01
1.937909364700317383e+00
1.751715898513793945e+00
