3.036818504333496094e-01
5.296971201896667480e-01
9.232810735702514648e-01
1.117614746093750000e+00
1.521169543266296387e+00
1.864996194839477539e+00
2.078164339065551758e+00
2.500368118286132812e+00
1.470299839973449707e+00
1.494654655456542969e+00
1.122663259506225586e+00
1.299752593040466309e+00
9.433590173721313477e-01
1.528113842010498047e+00
2.070644140243530273e+00
2.052859544754028320e+00
1.696479201316833496e+00
1.215978264808654785e+00
1.292490482330322266e+00
1.642729520797729492e+00
1.939893364906311035e+00
1.589436173439025879e+00
1.213181734085083008e+00
8.010504841804504395e-01
6.571796536445617676e-01
1.217447400093078613e+00
1.252043008804321289e+00
2.064903974533081055e+00
2.619676589965820312e+00
2.991943836212158203e+00
2.426829338073730469e+00
2.420627593994140625e+00
1.686564564704895020e+00
1.970654606819152832e+00
1.510640263557434082e+00
1.451592087745666504e+00
1.719256043434143066e+00
1.741261363029479980e+00
1.461203098297119141e+00
1.357753753662109375e+00
2.030920743942260742e+00
2.605472326278686523e+00
2.661960601806640625e+00
2.352208375930786133e+00
2.230336427688598633e+00
1.568345546722412109e+00
2.049994945526123047e+00
2.012691736221313477e+00
2.891057729721069336e+00
2.946058034896850586e+00
2.121700525283813477e+00
2.181921005249023438e+00
2.909952163696289062e+00
2.509449481964111328e+00
2.290773391723632812e+00
2.707192182540893555e+00
2.219997167587280273e+00
2.742282152175903320e+00
2.658803462982177734e+00
1.883522033691406250e+00
1.793682098388671875e+00
1.451079010963439941e+00
1.702889084815979004e+00
1.498813867568969727e+00
2.180904626846313477e+00
2.445786952972412109e+00
2.983159303665161133e+00
2.463576793670654297e+00
2.067669391632080078e+00
1.481396555900573730e+00
1.415756702423095703e+00
1.341088533401489258e+00
1.763384699821472168e+00
2.879454374313354492e+00
2.342683553695678711e+00
2.528597354888916016e+00
2.181147575378417969e+00
2.438492774963378906e+00
2.432724237442016602e+00
3.795685768127441406e+00
3.039900064468383789e+00
3.152148485183715820e+00
2.617178440093994141e+00
2.998650312423706055e+00
2.789945125579833984e+00
3.177912235260009766e-01
3.956122696399688721e-01
6.633822321891784668e-01
1.225786447525024414e+00
1.361013889312744141e+00
1.559914112091064453e+00
1.994252920150756836e+00
9.554166197776794434e-01
8.976662755012512207e-01
5.575641393661499023e-01
9.631817340850830078e-01
9.259297847747802734e-01
1.001785278320312500e+00
1.456846237182617188e+00
1.562850356101989746e+00
1.213930010795593262e+00
7.603853344917297363e-01
1.037853002548217773e+00
1.156869649887084961e+00
1.715734004974365234e+00
1.409462571144104004e+00
1.095605611801147461e+00
4.106947183609008789e-01
3.812864720821380615e-01
8.881005644798278809e-01
6.798585653305053711e-01
1.517656326293945312e+00
2.084529638290405273e+00
2.473975658416748047e+00
1.877576947212219238e+00
1.854917764663696289e+00
1.117695927619934082e+00
1.572072386741638184e+00
1.136590480804443359e+00
1.027387857437133789e+00
1.610648512840270996e+00
1.647250652313232422e+00
1.353723287582397461e+00
1.353174090385437012e+00
1.945842385292053223e+00
2.521207571029663086e+00
2.638722181320190430e+00
2.356085777282714844e+00
2.344130754470825195e+00
1.622945785522460938e+00
2.040757656097412109e+00
2.016953706741333008e+00
2.850535869598388672e+00
2.863649129867553711e+00
2.176346302032470703e+00
2.305225610733032227e+00
2.969734668731689453e+00
2.637840509414672852e+00
2.324856758117675781e+00
2.761707782745361328e+00
2.366411924362182617e+00
2.950744867324829102e+00
2.827733993530273438e+00
2.107451677322387695e+00
1.833418369293212891e+00
1.497650027275085449e+00
1.855796337127685547e+00
1.639701366424560547e+00
2.386768817901611328e+00
2.750502347946166992e+00
3.273494958877563477e+00
2.734260797500610352e+00
2.333206176757812500e+00
1.656284570693969727e+00
1.533442854881286621e+00
1.372539997100830078e+00
1.727788448333740234e+00
2.439490318298339844e+00
1.896542549133300781e+00
2.091534137725830078e+00
1.652630448341369629e+00
2.080210208892822266e+00
2.109927654266357422e+00
3.883793592453002930e+00
3.162549495697021484e+00
3.344193458557128906e+00
2.806608915328979492e+00
3.244774580001831055e+00
3.096941709518432617e+00
3.054545223712921143e-01
5.563045740127563477e-01
1.119591593742370605e+00
1.296198129653930664e+00
1.353554725646972656e+00
1.785938620567321777e+00
8.247345685958862305e-01
8.621777892112731934e-01
7.397829294204711914e-01
1.426321148872375488e+00
1.529356718063354492e+00
1.098932504653930664e+00
1.511763095855712891e+00
1.741262435913085938e+00
1.486880779266357422e+00
1.215958714485168457e+00
1.553314805030822754e+00
1.391990184783935547e+00
2.056671380996704102e+00
1.896939873695373535e+00
1.379039406776428223e+00
7.391535639762878418e-01
4.458045661449432373e-01
1.024676084518432617e+00
7.404976487159729004e-01
1.631408333778381348e+00
2.153261899948120117e+00
2.604820251464843750e+00
2.013287067413330078e+00
1.834722995758056641e+00
1.107505321502685547e+00
1.301324129104614258e+00
7.789410948753356934e-01
6.757333874702453613e-01
1.698117136955261230e+00
1.717911601066589355e+00
1.359098434448242188e+00
1.406744003295898438e+00
1.760544538497924805e+00
2.361381530761718750e+00
2.468120813369750977e+00
2.169096708297729492e+00
2.109058856964111328e+00
1.622189044952392578e+00
1.965590596199035645e+00
2.045256853103637695e+00
2.871942758560180664e+00
2.999485731124877930e+00
2.206379652023315430e+00
2.258819818496704102e+00
2.940452337265014648e+00
2.672880649566650391e+00
2.445446729660034180e+00
2.959069967269897461e+00
2.495382547378540039e+00
3.205978631973266602e+00
3.114469051361083984e+00
2.376795291900634766e+00
2.031732320785522461e+00
1.715532898902893066e+00
2.079400539398193359e+00
1.750827193260192871e+00
2.434218168258666992e+00
2.823812484741210938e+00
3.275340795516967773e+00
2.758433818817138672e+00
2.332864284515380859e+00
1.651197075843811035e+00
1.428105592727661133e+00
1.287777423858642578e+00
1.518988609313964844e+00
2.680590391159057617e+00
2.121656894683837891e+00
2.344758987426757812e+00
1.988926529884338379e+00
2.341788768768310547e+00
2.342382431030273438e+00
3.851785898208618164e+00
3.162289381027221680e+00
3.414360761642456055e+00
2.899970769882202148e+00
3.408474445343017578e+00
3.305095195770263672e+00
3.062775135040283203e-01
7.688331604003906250e-01
8.366600275039672852e-01
8.730592131614685059e-01
1.291838407516479492e+00
3.979472219944000244e-01
3.454558253288269043e-01
3.050200641155242920e-01
1.156330466270446777e+00
1.406160950660705566e+00
6.849558949470520020e-01
9.975210428237915039e-01
1.243193745613098145e+00
1.083737850189208984e+00
6.765807271003723145e-01
1.237608671188354492e+00
9.868032336235046387e-01
1.693824529647827148e+00
1.561292171478271484e+00
1.057813286781311035e+00
4.031651616096496582e-01
3.792789876461029053e-01
6.796449422836303711e-01
3.739626705646514893e-01
1.246252536773681641e+00
1.784886360168457031e+00
2.214773893356323242e+00
1.614265918731689453e+00
1.450246334075927734e+00
7.437576651573181152e-01
8.607308268547058105e-01
4.016283452510833740e-01
3.546600639820098877e-01
1.445071816444396973e+00
1.514808297157287598e+00
1.192239046096801758e+00
1.295991897583007812e+00
1.535908341407775879e+00
2.132793664932250977e+00
2.334250450134277344e+00
2.114422082901000977e+00
2.257182598114013672e+00
1.684646844863891602e+00
1.859239459037780762e+00
1.935418128967285156e+00
2.704001426696777344e+00
2.711588859558105469e+00
2.209475517272949219e+00
2.363330841064453125e+00
2.849661827087402344e+00
2.734288692474365234e+00
2.376176357269287109e+00
2.864127159118652344e+00
2.549934387207031250e+00
3.227603435516357422e+00
3.085114002227783203e+00
2.420811891555786133e+00
1.964262485504150391e+00
1.596312761306762695e+00
2.103155851364135742e+00
1.787390589714050293e+00
2.595449924468994141e+00
3.065952777862548828e+00
3.508304357528686523e+00
2.982979774475097656e+00
2.584898471832275391e+00
1.872750282287597656e+00
1.655071496963500977e+00
1.364496111869812012e+00
1.401054859161376953e+00
2.176717281341552734e+00
1.679599404335021973e+00
1.930143117904663086e+00
1.446424841880798340e+00
1.946267008781433105e+00
1.952333450317382812e+00
3.797447681427001953e+00
3.197680711746215820e+00
3.507559299468994141e+00
3.001763820648193359e+00
3.511399030685424805e+00
3.432296991348266602e+00
3.706291019916534424e-01
6.330114603042602539e-01
8.016563057899475098e-01
1.371111869812011719e+00
5.985198020935058594e-01
3.834088444709777832e-01
2.908350527286529541e-01
9.309532642364501953e-01
1.271595120429992676e+00
9.540266990661621094e-01
1.106595158576965332e+00
1.227774977684020996e+00
1.247392177581787109e+00
1.022059798240661621e+00
1.540876030921936035e+00
1.421141624450683594e+00
2.256844520568847656e+00
1.987387895584106445e+00
1.746997594833374023e+00
9.581091403961181641e-01
1.045883417129516602e+00
1.394823074340820312e+00
1.004977107048034668e+00
1.612741947174072266e+00
2.197916030883789062e+00
2.494421243667602539e+00
1.835693001747131348e+00
1.756776213645935059e+00
1.227303147315979004e+00
1.256994128227233887e+00
6.479632258415222168e-01
2.829674482345581055e-01
2.264897346496582031e+00
2.372829914093017578e+00
2.035340070724487305e+00
2.128300666809082031e+00
2.276988029479980469e+00
2.908581256866455078e+00
3.015840768814086914e+00
2.779677867889404297e+00
2.687332153320312500e+00
2.385606527328491211e+00
2.635066986083984375e+00
2.752590179443359375e+00
3.556043863296508789e+00
3.572016716003417969e+00
2.957163095474243164e+00
3.030283451080322266e+00
3.625627994537353516e+00
3.445268154144287109e+00
3.162616729736328125e+00
3.658022165298461914e+00
3.257972478866577148e+00
3.924631595611572266e+00
3.799279212951660156e+00
3.089274644851684570e+00
2.734545469284057617e+00
2.393509149551391602e+00
2.811585426330566406e+00
2.501680850982666016e+00
3.223694801330566406e+00
3.614893198013305664e+00
4.063364982604980469e+00
3.550570964813232422e+00
3.122806787490844727e+00
2.442945003509521484e+00
2.206106424331665039e+00
2.031627893447875977e+00
2.130334377288818359e+00
2.158699750900268555e+00
1.805078744888305664e+00
2.141502618789672852e+00
1.825284719467163086e+00
2.368743658065795898e+00
2.515309810638427734e+00
4.537054538726806641e+00
3.924899578094482422e+00
4.195597648620605469e+00
3.679440259933471680e+00
4.179580211639404297e+00
4.063174724578857422e+00
4.002256393432617188e-01
8.582456707954406738e-01
1.580708861351013184e+00
9.492678046226501465e-01
4.501414895057678223e-01
6.036642193794250488e-01
7.305405735969543457e-01
1.231648325920104980e+00
1.040672063827514648e+00
1.137748479843139648e+00
9.187527298927307129e-01
1.223323106765747070e+00
1.277348995208740234e+00
1.595857024192810059e+00
1.641868233680725098e+00
2.473987102508544922e+00
2.117173910140991211e+00
2.157270431518554688e+00
1.375330805778503418e+00
1.611022591590881348e+00
1.732512593269348145e+00
1.421907186508178711e+00
1.812798261642456055e+00
2.386064529418945312e+00
2.568106412887573242e+00
1.936352133750915527e+00
1.983250260353088379e+00
1.551120877265930176e+00
1.700836777687072754e+00
1.155323743820190430e+00
7.840138673782348633e-01
2.711287975311279297e+00
2.906542301177978516e+00
2.575466394424438477e+00
2.670320034027099609e+00
2.855528593063354492e+00
3.490762233734130859e+00
3.615197420120239258e+00
3.436622142791748047e+00
3.288609743118286133e+00
2.978388071060180664e+00
3.208751440048217773e+00
3.304514169692993164e+00
4.085127830505371094e+00
4.089841365814208984e+00
3.529110431671142578e+00
3.591691970825195312e+00
4.200926780700683594e+00
4.041244506835937500e+00
3.751219987869262695e+00
4.234513282775878906e+00
3.855122327804565430e+00
4.482856273651123047e+00
4.343928813934326172e+00
3.636436462402343750e+00
3.317240953445434570e+00
2.958448410034179688e+00
3.386752605438232422e+00
3.094623565673828125e+00
3.808807611465454102e+00
4.167401313781738281e+00
4.596364974975585938e+00
4.102870941162109375e+00
3.666053295135498047e+00
3.016612768173217773e+00
2.761899948120117188e+00
2.608786344528198242e+00
2.716018676757812500e+00
1.723489284515380859e+00
1.619463801383972168e+00
1.955111861228942871e+00
1.904116630554199219e+00
2.369851589202880859e+00
2.710374593734741211e+00
5.122727870941162109e+00
4.519605636596679688e+00
4.780339241027832031e+00
4.277456760406494141e+00
4.773392677307128906e+00
4.622553825378417969e+00
2.928606569766998291e-01
1.098709106445312500e+00
7.062249779701232910e-01
3.582869470119476318e-01
6.605246067047119141e-01
9.870962500572204590e-01
1.633345127105712891e+00
7.216919660568237305e-01
6.687859296798706055e-01
6.624754667282104492e-01
9.643754959106445312e-01
1.209747195243835449e+00
1.620712518692016602e+00
1.412759780883789062e+00
2.390045642852783203e+00
2.128103733062744141e+00
2.106876611709594727e+00
1.386541604995727539e+00
1.687329888343811035e+00
1.642956614494323730e+00
1.267417192459106445e+00
1.429092764854431152e+00
1.970636248588562012e+00
2.074635744094848633e+00
1.408421397209167480e+00
1.474047780036926270e+00
1.219600081443786621e+00
1.410542130470275879e+00
1.062005400657653809e+00
6.825528740882873535e-01
2.651590108871459961e+00
2.862726211547851562e+00
2.565333604812622070e+00
2.688350677490234375e+00
2.801256895065307617e+00
3.367075443267822266e+00
3.609955787658691406e+00
3.435462951660156250e+00
3.466295242309570312e+00
3.087129831314086914e+00
3.229383468627929688e+00
3.312698841094970703e+00
4.029336929321289062e+00
3.971503734588623047e+00
3.619199752807617188e+00
3.731918573379516602e+00
4.220153331756591797e+00
4.141227722167968750e+00
3.792890071868896484e+00
4.280915260314941406e+00
3.977444410324096680e+00
4.618212223052978516e+00
4.466535568237304688e+00
3.788264274597167969e+00
3.380927324295043945e+00
3.002205133438110352e+00
3.496043920516967773e+00
3.194112539291381836e+00
3.953612327575683594e+00
4.374322891235351562e+00
4.811753749847412109e+00
4.299168109893798828e+00
3.874878883361816406e+00
3.184109210968017578e+00
2.935603380203247070e+00
2.712078094482421875e+00
2.745980739593505859e+00
1.491464376449584961e+00
1.257686495780944824e+00
1.654578804969787598e+00
1.580101251602172852e+00
2.088847398757934570e+00
2.446174383163452148e+00
5.164134502410888672e+00
4.596067905426025391e+00
4.902709960937500000e+00
4.412932872772216797e+00
4.905017852783203125e+00
4.800579547882080078e+00
5.917291641235351562e-01
4.520154595375061035e-01
4.746997952461242676e-01
8.003766536712646484e-01
1.452562928199768066e+00
2.157008171081542969e+00
7.277815937995910645e-01
4.217982888221740723e-01
7.855443954467773438e-01
9.437053799629211426e-01
1.274307012557983398e+00
1.742213487625122070e+00
1.339558124542236328e+00
2.347402811050415039e+00
2.157302379608154297e+00
2.027240991592407227e+00
1.503470301628112793e+00
1.715702652931213379e+00
1.614322423934936523e+00
1.199935674667358398e+00
1.157765746116638184e+00
1.669267892837524414e+00
1.757140159606933594e+00
1.114516615867614746e+00
1.097848773002624512e+00
9.608313441276550293e-01
1.041828036308288574e+00
7.191556692123413086e-01
4.838697910308837891e-01
2.579780578613281250e+00
2.696913480758666992e+00
2.381132364273071289e+00
2.474323511123657227e+00
2.486231565475463867e+00
3.030721426010131836e+00
3.270641565322875977e+00
3.154747009277343750e+00
3.218382358551025391e+00
2.908421277999877930e+00
2.960177659988403320e+00
3.063307762145996094e+00
3.783643245697021484e+00
3.788913488388061523e+00
3.415739059448242188e+00
3.531854152679443359e+00
3.939394950866699219e+00
3.925014972686767578e+00
3.689184665679931641e+00
4.143703937530517578e+00
3.873724222183227539e+00
4.576302528381347656e+00
4.434924125671386719e+00
3.786183118820190430e+00
3.283284187316894531e+00
2.909956693649291992e+00
3.457530498504638672e+00
3.074616432189941406e+00
3.821961879730224609e+00
4.298462390899658203e+00
4.683729171752929688e+00
4.185090541839599609e+00
3.774592638015747070e+00
3.084834575653076172e+00
2.811883926391601562e+00
2.463848590850830078e+00
2.468805551528930664e+00
1.510844945907592773e+00
1.104093194007873535e+00
1.555000901222229004e+00
1.422277092933654785e+00
1.952131032943725586e+00
2.273303747177124023e+00
4.870453834533691406e+00
4.431883811950683594e+00
4.724465370178222656e+00
4.354575157165527344e+00
4.813148021697998047e+00
4.768309593200683594e+00
6.140645742416381836e-01
9.504626989364624023e-01
1.313199996948242188e+00
2.110561847686767578e+00
2.796539545059204102e+00
1.146760821342468262e+00
6.742237210273742676e-01
1.293538331985473633e+00
1.218430280685424805e+00
1.707850456237792969e+00
2.194415092468261719e+00
1.568559765815734863e+00
2.576891899108886719e+00
2.503910064697265625e+00
2.123058080673217773e+00
1.856022477149963379e+00
1.876177787780761719e+00
1.711034536361694336e+00
1.402137041091918945e+00
1.156412363052368164e+00
1.528711318969726562e+00
1.555219769477844238e+00
1.150069475173950195e+00
7.426618337631225586e-01
8.740650415420532227e-01
7.021400332450866699e-01
8.537128567695617676e-01
8.100931048393249512e-01
2.599965572357177734e+00
2.641836881637573242e+00
2.360125541687011719e+00
2.443147420883178711e+00
2.215517520904541016e+00
2.661946535110473633e+00
2.951463937759399414e+00
2.876733303070068359e+00
3.130785942077636719e+00
2.863574028015136719e+00
2.814368486404418945e+00
2.918962478637695312e+00
3.586076021194458008e+00
3.608796596527099609e+00
3.392291069030761719e+00
3.491455078125000000e+00
3.723276376724243164e+00
3.838081359863281250e+00
3.573228359222412109e+00
4.109679698944091797e+00
3.862160921096801758e+00
4.646502494812011719e+00
4.475924491882324219e+00
3.917446136474609375e+00
3.328356981277465820e+00
2.966272592544555664e+00
3.563054323196411133e+00
3.146420717239379883e+00
3.884127855300903320e+00
4.411043167114257812e+00
4.747827529907226562e+00
4.179253101348876953e+00
3.861201524734497070e+00
3.219736099243164062e+00
2.953562974929809570e+00
2.467928647994995117e+00
2.383720397949218750e+00
1.972904801368713379e+00
1.412365198135375977e+00
1.859497785568237305e+00
1.612514615058898926e+00
2.130591869354248047e+00
2.327864408493041992e+00
4.607547283172607422e+00
4.288369178771972656e+00
4.664499759674072266e+00
4.264887332916259766e+00
4.860017299652099609e+00
4.871150016784667969e+00
1.330492049455642700e-01
4.694825708866119385e-01
1.372379779815673828e+00
1.903138995170593262e+00
3.820188939571380615e-01
4.101418554782867432e-01
9.890860319137573242e-01
7.569748759269714355e-01
8.389586806297302246e-01
1.418929934501647949e+00
8.729136586189270020e-01
1.862241983413696289e+00
1.742321848869323730e+00
1.292827367782592773e+00
8.086900115013122559e-01
8.391368985176086426e-01
8.263643980026245117e-01
3.601658940315246582e-01
7.673299312591552734e-01
1.333688020706176758e+00
1.630264639854431152e+00
1.019362688064575195e+00
8.576870560646057129e-01
3.380566239356994629e-01
4.105099141597747803e-01
3.682698011398315430e-01
2.958963811397552490e-01
1.710857272148132324e+00
1.755823373794555664e+00
1.440694928169250488e+00
1.554151177406311035e+00
1.648791551589965820e+00
2.189379215240478516e+00
2.477954626083374023e+00
2.376878023147583008e+00
2.559195518493652344e+00
2.053437709808349609e+00
2.082077503204345703e+00
2.141779661178588867e+00
2.858570814132690430e+00
2.918653249740600586e+00
2.521075248718261719e+00
2.707214832305908203e+00
3.061393022537231445e+00
3.009174346923828125e+00
2.743491888046264648e+00
3.203816890716552734e+00
2.961183786392211914e+00
3.666622638702392578e+00
3.523366928100585938e+00
2.902011394500732422e+00
2.358613491058349609e+00
1.988639235496520996e+00
2.559450864791870117e+00
2.179944992065429688e+00
2.973048686981201172e+00
3.479343414306640625e+00
3.894278764724731445e+00
3.376328229904174805e+00
2.991483211517333984e+00
2.285855531692504883e+00
2.061966180801391602e+00
1.662785768508911133e+00
1.627143979072570801e+00
1.837803602218627930e+00
1.181697964668273926e+00
1.561400413513183594e+00
1.153618454933166504e+00
1.748366236686706543e+00
1.904729843139648438e+00
4.017194271087646484e+00
3.554546356201171875e+00
3.840045213699340820e+00
3.418491840362548828e+00
3.916779756546020508e+00
3.886828899383544922e+00
1.327882558107376099e-01
9.903709888458251953e-01
1.623097181320190430e+00
3.554819226264953613e-01
5.361078977584838867e-01
8.003879785537719727e-01
7.149629592895507812e-01
6.818304657936096191e-01
1.233082175254821777e+00
9.047426581382751465e-01
1.883454203605651855e+00
1.661957979202270508e+00
1.520913720130920410e+00
8.523604273796081543e-01
1.100695371627807617e+00
1.071110963821411133e+00
6.571712493896484375e-01
1.018854737281799316e+00
1.600435972213745117e+00
1.875081777572631836e+00
1.214450836181640625e+00
1.145730853080749512e+00
7.137778401374816895e-01
8.757887482643127441e-01
5.930452942848205566e-01
4.002083241939544678e-01
2.048460245132446289e+00
2.236433982849121094e+00
1.936098814010620117e+00
2.055232048034667969e+00
2.199624538421630859e+00
2.756655454635620117e+00
3.016605615615844727e+00
2.833671092987060547e+00
2.921193838119506836e+00
2.465157032012939453e+00
2.604719400405883789e+00
2.685387134552001953e+00
3.409504413604736328e+00
3.368277788162231445e+00
2.989158868789672852e+00
3.131052970886230469e+00
3.595490455627441406e+00
3.509520530700683594e+00
3.161814928054809570e+00
3.643533468246459961e+00
3.353304624557495117e+00
4.023521423339843750e+00
3.867022275924682617e+00
3.210307121276855469e+00
2.754506587982177734e+00
2.369900226593017578e+00
2.899600028991699219e+00
2.590336322784423828e+00
3.370913505554199219e+00
3.831846237182617188e+00
4.263569831848144531e+00
3.744663715362548828e+00
3.334845066070556641e+00
2.629156112670898438e+00
2.389029264450073242e+00
2.105028629302978516e+00
2.130544424057006836e+00
1.704732775688171387e+00
1.180834054946899414e+00
1.516135096549987793e+00
1.200023293495178223e+00
1.767377853393554688e+00
1.999598145484924316e+00
4.544282913208007812e+00
3.971711874008178711e+00
4.289584636688232422e+00
3.789802789688110352e+00
4.318217754364013672e+00
4.234194278717041016e+00
7.207744717597961426e-01
1.187670946121215820e+00
3.942622244358062744e-01
7.589264512062072754e-01
9.193557500839233398e-01
7.137181758880615234e-01
4.082103073596954346e-01
9.491631388664245605e-01
7.688934206962585449e-01
1.657959699630737305e+00
1.387987732887268066e+00
1.217359662055969238e+00
4.709894359111785889e-01
7.775890827178955078e-01
8.104885220527648926e-01
4.190552830696105957e-01
1.041089773178100586e+00
1.604994416236877441e+00
1.950761914253234863e+00
1.318171024322509766e+00
1.342192769050598145e+00
6.575180292129516602e-01
1.100752949714660645e+00
7.936400771141052246e-01
6.542366743087768555e-01
1.743443965911865234e+00
1.972964286804199219e+00
1.682687282562255859e+00
1.875329017639160156e+00
2.150265932083129883e+00
2.690040111541748047e+00
2.974738121032714844e+00
2.853828430175781250e+00
2.945446252822875977e+00
2.339437246322631836e+00
2.482347488403320312e+00
2.505009174346923828e+00
3.197172880172729492e+00
3.213108539581298828e+00
2.801260948181152344e+00
2.997503280639648438e+00
3.458162307739257812e+00
3.305202484130859375e+00
2.989750623703002930e+00
3.359206676483154297e+00
3.156969785690307617e+00
3.730200290679931641e+00
3.561436653137207031e+00
2.915055036544799805e+00
2.468852043151855469e+00
2.076582908630371094e+00
2.610158681869506836e+00
2.349798440933227539e+00
3.180058002471923828e+00
3.631928682327270508e+00
4.113570690155029297e+00
3.574913024902343750e+00
3.178253412246704102e+00
2.462732076644897461e+00
2.275450468063354492e+00
1.998502850532531738e+00
2.056027173995971680e+00
1.849832892417907715e+00
1.363447904586791992e+00
1.613549947738647461e+00
1.270164012908935547e+00
1.743157863616943359e+00
1.859726071357727051e+00
4.422021865844726562e+00
3.858248710632324219e+00
4.087104320526123047e+00
3.619565963745117188e+00
4.060511112213134766e+00
3.963500022888183594e+00
5.726291537284851074e-01
7.372004985809326172e-01
1.299423336982727051e+00
8.589755296707153320e-01
7.886666655540466309e-01
6.156568527221679688e-01
8.044201135635375977e-01
1.159335732460021973e+00
1.714012742042541504e+00
1.280238389968872070e+00
1.559640169143676758e+00
9.787887930870056152e-01
1.364449143409729004e+00
1.235169172286987305e+00
1.237152338027954102e+00
1.662524461746215820e+00
2.136317253112792969e+00
2.227182149887084961e+00
1.657880067825317383e+00
2.006638526916503906e+00
1.523730635643005371e+00
1.995660543441772461e+00
1.750199437141418457e+00
1.534211993217468262e+00
2.175052404403686523e+00
2.622197866439819336e+00
2.426993131637573242e+00
2.657617330551147461e+00
3.057388544082641602e+00
3.589642524719238281e+00
3.824589490890502930e+00
3.624250888824462891e+00
3.658984661102294922e+00
2.998968362808227539e+00
3.312864303588867188e+00
3.289815187454223633e+00
3.968839168548583984e+00
3.763359546661376953e+00
3.526218891143798828e+00
3.709842443466186523e+00
4.269150733947753906e+00
4.024825096130371094e+00
3.597374677658081055e+00
3.948178529739379883e+00
3.726344823837280273e+00
4.196485519409179688e+00
4.006111145019531250e+00
3.360815763473510742e+00
3.057987689971923828e+00
2.653821706771850586e+00
3.121936559677124023e+00
2.997761011123657227e+00
3.809613704681396484e+00
4.180404663085937500e+00
4.713187694549560547e+00
4.172355651855468750e+00
3.772611141204833984e+00
3.088281631469726562e+00
2.936396360397338867e+00
2.731521606445312500e+00
2.916765213012695312e+00
1.553887248039245605e+00
1.251199722290039062e+00
1.485506176948547363e+00
1.349873065948486328e+00
1.754709005355834961e+00
2.041012287139892578e+00
5.215124130249023438e+00
4.545102119445800781e+00
4.737969875335693359e+00
4.197231292724609375e+00
4.602536201477050781e+00
4.429387569427490234e+00
1.387702584266662598e+00
2.005550146102905273e+00
1.564012885093688965e+00
1.450911641120910645e+00
9.712687134742736816e-01
1.029433250427246094e+00
1.622200965881347656e+00
1.853966951370239258e+00
1.316063046455383301e+00
1.433144688606262207e+00
1.025043487548828125e+00
1.353010892868041992e+00
1.460550069808959961e+00
1.570144295692443848e+00
2.145805597305297852e+00
2.690825223922729492e+00
2.841776847839355469e+00
2.318165540695190430e+00
2.619231939315795898e+00
1.979779481887817383e+00
2.512877225875854492e+00
2.174915313720703125e+00
1.979732751846313477e+00
2.102546453475952148e+00
2.453989505767822266e+00
2.360134601593017578e+00
2.449404954910278320e+00
3.088213920593261719e+00
3.679319620132446289e+00
3.806349992752075195e+00
3.688394784927368164e+00
3.572566747665405273e+00
2.830231666564941406e+00
3.195121288299560547e+00
3.141719102859497070e+00
3.840128421783447266e+00
3.712458133697509766e+00
3.280560493469238281e+00
3.447044372558593750e+00
4.064870357513427734e+00
3.767861366271972656e+00
3.388973474502563477e+00
3.595736026763916016e+00
3.384285926818847656e+00
3.686538457870483398e+00
3.507737398147583008e+00
2.861250877380371094e+00
2.732609510421752930e+00
2.367742776870727539e+00
2.697829961776733398e+00
2.639524221420288086e+00
3.429092168807983398e+00
3.716588497161865234e+00
4.293548107147216797e+00
3.762242555618286133e+00
3.386386156082153320e+00
2.771739006042480469e+00
2.697409391403198242e+00
2.567047119140625000e+00
2.914234876632690430e+00
2.122653484344482422e+00
1.900511264801025391e+00
2.104058980941772461e+00
1.923191428184509277e+00
2.217999458312988281e+00
2.348663330078125000e+00
4.995939731597900391e+00
4.262922286987304688e+00
4.355181217193603516e+00
3.958977937698364258e+00
4.118999481201171875e+00
3.884017467498779297e+00
4.128188490867614746e-01
3.704469501972198486e-01
2.754991352558135986e-01
3.976620435714721680e-01
8.064114451408386230e-01
3.990175426006317139e-01
1.397858142852783203e+00
1.258580803871154785e+00
1.061419367790222168e+00
7.233880758285522461e-01
1.013320565223693848e+00
6.847568750381469727e-01
4.166792929172515869e-01
5.137706995010375977e-01
1.064616918563842773e+00
1.388066649436950684e+00
7.668422460556030273e-01
8.720196485519409180e-01
4.231643676757812500e-01
8.669788241386413574e-01
8.664726614952087402e-01
8.883205056190490723e-01
1.639430880546569824e+00
1.976073861122131348e+00
1.727819323539733887e+00
1.985462307929992676e+00
2.173725843429565430e+00
2.618729591369628906e+00
2.979364156723022461e+00
2.883665323257446289e+00
3.113592147827148438e+00
2.478905200958251953e+00
2.571553945541381836e+00
2.540860891342163086e+00
3.166021108627319336e+00
3.090999126434326172e+00
2.953814983367919922e+00
3.184328317642211914e+00
3.536005496978759766e+00
3.414243698120117188e+00
3.042908906936645508e+00
3.419630527496337891e+00
3.291889190673828125e+00
3.884466409683227539e+00
3.684703826904296875e+00
3.110842704772949219e+00
2.590459585189819336e+00
2.178682804107666016e+00
2.791582584381103516e+00
2.544423341751098633e+00
3.392903804779052734e+00
3.877204656600952148e+00
4.344830513000488281e+00
3.802875518798828125e+00
3.424073457717895508e+00
2.706197977066040039e+00
2.517532587051391602e+00
2.183450698852539062e+00
2.154640674591064453e+00
1.259734869003295898e+00
7.288298010826110840e-01
1.030120372772216797e+00
7.613998651504516602e-01
1.246779084205627441e+00
1.419667601585388184e+00
4.507842063903808594e+00
3.962064743041992188e+00
4.260675430297851562e+00
3.757625102996826172e+00
4.258778095245361328e+00
4.186193466186523438e+00
5.164513587951660156e-01
4.147931039333343506e-01
9.665108323097229004e-01
1.384794235229492188e+00
8.246076703071594238e-01
1.756508588790893555e+00
1.722923159599304199e+00
1.445152759552001953e+00
1.254713892936706543e+00
1.389728546142578125e+00
1.129393219947814941e+00
8.726505637168884277e-01
3.819346427917480469e-01
8.426280021667480469e-01
1.031588673591613770e+00
5.176566839218139648e-01
4.549895823001861572e-01
3.799588680267333984e-01
5.803067088127136230e-01
8.705880641937255859e-01
8.427578806877136230e-01
2.034904003143310547e+00
2.228010177612304688e+00
1.991799354553222656e+00
2.164161443710327148e+00
2.143978118896484375e+00
2.571431875228881836e+00
2.982376575469970703e+00
2.954747200012207031e+00
3.228710412979125977e+00
2.700429916381835938e+00
2.671297073364257812e+00
2.657961130142211914e+00
3.296044111251831055e+00
3.187093973159790039e+00
3.151089906692504883e+00
3.371927261352539062e+00
3.607669591903686523e+00
3.582826614379882812e+00
3.249081134796142578e+00
3.711709737777709961e+00
3.553741931915283203e+00
4.238181114196777344e+00
4.059748649597167969e+00
3.493369579315185547e+00
2.915724754333496094e+00
2.522544622421264648e+00
3.150650978088378906e+00
2.828388690948486328e+00
3.653565883636474609e+00
4.176653861999511719e+00
4.595740795135498047e+00
4.010099411010742188e+00
3.706192970275878906e+00
3.001516580581665039e+00
2.791145086288452148e+00
2.346053361892700195e+00
2.257120847702026367e+00
1.292077183723449707e+00
7.084063887596130371e-01
1.054281830787658691e+00
7.925435304641723633e-01
1.277189850807189941e+00
1.510232686996459961e+00
4.566207408905029297e+00
4.116744041442871094e+00
4.464658260345458984e+00
4.001078128814697266e+00
4.543307781219482422e+00
4.518197059631347656e+00
1.330465823411941528e-01
7.366800308227539062e-01
8.975834250450134277e-01
8.228502869606018066e-01
1.628916621208190918e+00
1.399239420890808105e+00
1.574809551239013672e+00
1.288743138313293457e+00
1.637883424758911133e+00
1.197229385375976562e+00
1.094882726669311523e+00
9.503527879714965820e-01
1.320403099060058594e+00
1.270285367965698242e+00
7.182090282440185547e-01
1.073484539985656738e+00
1.022263288497924805e+00
1.433789372444152832e+00
1.525072932243347168e+00
1.281722784042358398e+00
2.183910131454467773e+00
2.659361600875854492e+00
2.430617809295654297e+00
2.724299907684326172e+00
2.911297321319580078e+00
3.314709186553955078e+00
3.704586505889892578e+00
3.658087253570556641e+00
3.897086143493652344e+00
3.228072404861450195e+00
3.321611166000366211e+00
3.260649204254150391e+00
3.865119457244873047e+00
3.601039171218872070e+00
3.687689542770385742e+00
3.948169231414794922e+00
4.263733386993408203e+00
4.129107475280761719e+00
3.721673488616943359e+00
4.085134029388427734e+00
3.986189603805541992e+00
4.522344112396240234e+00
4.306020736694335938e+00
3.736664772033691406e+00
3.258635282516479492e+00
2.842964887619018555e+00
3.438194274902343750e+00
3.253512859344482422e+00
4.127522945404052734e+00
4.598203182220458984e+00
5.094251632690429688e+00
4.549285888671875000e+00
4.169239997863769531e+00
3.451129913330078125e+00
3.279402494430541992e+00
2.953081846237182617e+00
2.924454212188720703e+00
7.862858176231384277e-01
2.706977427005767822e-01
5.875979661941528320e-01
6.532503962516784668e-01
1.074324607849121094e+00
1.571600079536437988e+00
5.241747856140136719e+00
4.706025600433349609e+00
4.980112075805664062e+00
4.469451904296875000e+00
4.933005332946777344e+00
4.833970069885253906e+00
3.622513711452484131e-01
6.831468343734741211e-01
3.858242332935333252e-01
1.226599454879760742e+00
1.058310031890869141e+00
1.112271666526794434e+00
8.990356922149658203e-01
1.260175347328186035e+00
8.079818487167358398e-01
7.947292327880859375e-01
4.616234600543975830e-01
9.135571718215942383e-01
1.086096405982971191e+00
4.311797022819519043e-01
8.174697756767272949e-01
7.158942222595214844e-01
1.067649245262145996e+00
1.311666607856750488e+00
1.339562177658081055e+00
1.730604767799377441e+00
2.230274200439453125e+00
2.037493944168090820e+00
2.344740629196166992e+00
2.496967554092407227e+00
2.849593400955200195e+00
3.305060386657714844e+00
3.333706855773925781e+00
3.578252792358398438e+00
2.904127359390258789e+00
2.919982671737670898e+00
2.839713811874389648e+00
3.429881811141967773e+00
3.140397071838378906e+00
3.321358442306518555e+00
3.607928752899169922e+00
3.843444108963012695e+00
3.736855030059814453e+00
3.325898408889770508e+00
3.656817436218261719e+00
3.616458177566528320e+00
4.120369911193847656e+00
3.892702817916870117e+00
3.332078695297241211e+00
2.859114885330200195e+00
2.441682577133178711e+00
3.057550191879272461e+00
2.906524658203125000e+00
3.785101175308227539e+00
4.240321159362792969e+00
4.755780696868896484e+00
4.205664634704589844e+00
3.828965425491333008e+00
3.113860130310058594e+00
2.963644742965698242e+00
2.619895696640014648e+00
2.535273075103759766e+00
1.045135855674743652e+00
4.325215518474578857e-01
7.009642124176025391e-01
3.650564551353454590e-01
8.646548986434936523e-01
1.204303145408630371e+00
4.820053100585937500e+00
4.355247020721435547e+00
4.614518165588378906e+00
4.108185291290283203e+00
4.554703712463378906e+00
4.454127311706542969e+00
1.329296529293060303e-01
3.859761059284210205e-01
1.016163706779479980e+00
6.457409858703613281e-01
7.609326839447021484e-01
4.016549885272979736e-01
7.692293524742126465e-01
3.550836443901062012e-01
5.225206613540649414e-01
8.806430101394653320e-01
1.433532834053039551e+00
1.662421703338623047e+00
1.114483475685119629e+00
1.360721707344055176e+00
7.783821225166320801e-01
1.355525255203247070e+00
1.300946235656738281e+00
1.310203671455383301e+00
1.331119537353515625e+00
1.823288798332214355e+00
1.687642574310302734e+00
2.014817714691162109e+00
2.365276813507080078e+00
2.821909666061401367e+00
3.171965599060058594e+00
3.107899427413940430e+00
3.236404418945312500e+00
2.477735757827758789e+00
2.653753995895385742e+00
2.598428487777709961e+00
3.188726663589477539e+00
2.899135828018188477e+00
2.922541379928588867e+00
3.182901859283447266e+00
3.592360019683837891e+00
3.362314939498901367e+00
2.906245470046997070e+00
3.205639362335205078e+00
3.120506525039672852e+00
3.556254863739013672e+00
3.333834171295166016e+00
2.759303569793701172e+00
2.362700700759887695e+00
1.956624984741210938e+00
2.493074893951416016e+00
2.417607069015502930e+00
3.288410425186157227e+00
3.733438014984130859e+00
4.278833866119384766e+00
3.726442813873291016e+00
3.351374387741088867e+00
2.640298128128051758e+00
2.508196353912353516e+00
2.209926128387451172e+00
2.277953863143920898e+00
1.493786811828613281e+00
8.578627109527587891e-01
1.063661813735961914e+00
7.683600783348083496e-01
1.174225211143493652e+00
1.346141219139099121e+00
4.562663078308105469e+00
3.959700345993041992e+00
4.149938583374023438e+00
3.618834495544433594e+00
4.014421939849853516e+00
3.873907327651977539e+00
2.986704707145690918e-01
7.992118000984191895e-01
3.940348029136657715e-01
6.915983557701110840e-01
6.775627732276916504e-01
1.028937816619873047e+00
6.017827987670898438e-01
1.000583171844482422e+00
1.139342427253723145e+00
1.467557668685913086e+00
1.503403067588806152e+00
1.140479326248168945e+00
1.658690690994262695e+00
1.259925484657287598e+00
1.859031319618225098e+00
1.897257089614868164e+00
1.906688809394836426e+00
1.290004968643188477e+00
1.879464268684387207e+00
1.846842885017395020e+00
2.218703031539916992e+00
2.607273578643798828e+00
3.100564956665039062e+00
3.384473800659179688e+00
3.351238012313842773e+00
3.583404779434204102e+00
2.657109022140502930e+00
2.907040357589721680e+00
2.761893749237060547e+00
3.292430400848388672e+00
2.915768384933471680e+00
3.072413444519042969e+00
3.398313760757446289e+00
3.775592088699340820e+00
3.473817586898803711e+00
2.992906808853149414e+00
3.208095550537109375e+00
3.197418212890625000e+00
3.519145011901855469e+00
3.273677825927734375e+00
2.708067417144775391e+00
2.407523870468139648e+00
1.977929353713989258e+00
2.513259649276733398e+00
2.536622047424316406e+00
3.381399631500244141e+00
3.825371265411376953e+00
4.383541107177734375e+00
3.851813793182373047e+00
3.510739803314208984e+00
2.842697381973266602e+00
2.796686172485351562e+00
2.504061937332153320e+00
2.618064165115356445e+00
1.375516891479492188e+00
7.084504365921020508e-01
8.018276691436767578e-01
6.083866953849792480e-01
8.415964245796203613e-01
1.065153479576110840e+00
4.715488910675048828e+00
4.096398830413818359e+00
4.236670017242431641e+00
3.702921152114868164e+00
4.038239002227783203e+00
3.868418931961059570e+00
5.846644043922424316e-01
4.485806524753570557e-01
6.053220629692077637e-01
7.397220134735107422e-01
9.455599784851074219e-01
4.173626899719238281e-01
5.385017395019531250e-01
3.275737464427947998e-01
8.523715138435363770e-01
1.171581506729125977e+00
7.452070713043212891e-01
8.630128502845764160e-01
5.609556436538696289e-01
1.132623910903930664e+00
1.354515433311462402e+00
1.439600586891174316e+00
1.177980542182922363e+00
1.749843239784240723e+00
1.573585271835327148e+00
1.947683811187744141e+00
2.170145273208618164e+00
2.511563062667846680e+00
2.916367769241333008e+00
2.973865270614624023e+00
3.290654420852661133e+00
2.510753154754638672e+00
2.557062864303588867e+00
2.410448789596557617e+00
2.951414585113525391e+00
2.640918970108032227e+00
2.892458438873291016e+00
3.218895912170410156e+00
3.438324451446533203e+00
3.274511575698852539e+00
2.854415893554687500e+00
3.174249172210693359e+00
3.170769453048706055e+00
3.625993251800537109e+00
3.371448278427124023e+00
2.810010433197021484e+00
2.401405811309814453e+00
1.985791087150573730e+00
2.619855403900146484e+00
2.468810319900512695e+00
3.369515419006347656e+00
3.860054492950439453e+00
4.366322517395019531e+00
3.808385848999023438e+00
3.474787950515747070e+00
2.766751050949096680e+00
2.651215553283691406e+00
2.258606433868408203e+00
2.206543922424316406e+00
1.465014815330505371e+00
6.627062559127807617e-01
6.792671680450439453e-01
3.799383640289306641e-01
5.775282382965087891e-01
7.854397296905517578e-01
4.417739868164062500e+00
3.908034563064575195e+00
4.157913208007812500e+00
3.664436578750610352e+00
4.106926441192626953e+00
4.014689922332763672e+00
1.327954679727554321e-01
6.018742918968200684e-01
1.252359509468078613e+00
1.423013091087341309e+00
8.162891864776611328e-01
1.255434274673461914e+00
1.205325841903686523e+00
1.395505905151367188e+00
1.605691790580749512e+00
1.485085964202880859e+00
1.691721558570861816e+00
1.514760971069335938e+00
2.071831226348876953e+00
2.292940616607666016e+00
2.425384044647216797e+00
8.651238679885864258e-01
1.651489377021789551e+00
1.751865386962890625e+00
2.224250316619873047e+00
2.425615549087524414e+00
2.847497224807739258e+00
3.218783378601074219e+00
3.363986492156982422e+00
3.729814529418945312e+00
2.740985870361328125e+00
2.847147226333618164e+00
2.595537662506103516e+00
2.950518369674682617e+00
2.323440074920654297e+00
3.030945062637329102e+00
3.459929466247558594e+00
3.602360010147094727e+00
3.308973550796508789e+00
2.817871093750000000e+00
2.917263269424438477e+00
3.140125751495361328e+00
3.371150732040405273e+00
3.048276662826538086e+00
2.541385650634765625e+00
2.243147134780883789e+00
1.909481048583984375e+00
2.474239826202392578e+00
2.538944005966186523e+00
3.407373189926147461e+00
3.918819665908813477e+00
4.419505119323730469e+00
3.889707565307617188e+00
3.648166894912719727e+00
2.958380222320556641e+00
3.041097402572631836e+00
2.654998540878295898e+00
2.639156579971313477e+00
2.162467718124389648e+00
1.387524962425231934e+00
1.279950618743896484e+00
8.931111693382263184e-01
6.913976669311523438e-01
3.713575899600982666e-01
4.528141975402832031e+00
3.961488962173461914e+00
4.124534130096435547e+00
3.650319337844848633e+00
3.950805664062500000e+00
3.822668552398681641e+00
3.830011487007141113e-01
1.043420314788818359e+00
1.257698297500610352e+00
8.097823858261108398e-01
1.202375650405883789e+00
1.314395308494567871e+00
1.591253876686096191e+00
1.757788062095642090e+00
1.454709410667419434e+00
1.770136117935180664e+00
1.471670508384704590e+00
2.071339130401611328e+00
2.211444616317749023e+00
2.281724452972412109e+00
7.656064033508300781e-01
1.499661922454833984e+00
1.628609776496887207e+00
2.035328388214111328e+00
2.351257562637329102e+00
2.833793163299560547e+00
3.146804809570312500e+00
3.246800184249877930e+00
3.569746255874633789e+00
2.560373306274414062e+00
2.715563058853149414e+00
2.483822822570800781e+00
2.870449542999267578e+00
2.352316141128540039e+00
2.856970548629760742e+00
3.276902198791503906e+00
3.486335277557373047e+00
3.152779579162597656e+00
2.624685049057006836e+00
2.726329803466796875e+00
2.914799690246582031e+00
3.080747127532958984e+00
2.783106803894042969e+00
2.247230052947998047e+00
2.019045829772949219e+00
1.662524700164794922e+00
2.204099893569946289e+00
2.326623678207397461e+00
3.168369770050048828e+00
3.656841278076171875e+00
4.174007892608642578e+00
3.679067134857177734e+00
3.412965297698974609e+00
2.745479345321655273e+00
2.840626239776611328e+00
2.494397401809692383e+00
2.534782886505126953e+00
1.997429370880126953e+00
1.218210339546203613e+00
1.232272505760192871e+00
9.256533384323120117e-01
9.023457765579223633e-01
8.038476705551147461e-01
4.397972583770751953e+00
3.774509668350219727e+00
3.912508726119995117e+00
3.424457073211669922e+00
3.683122873306274414e+00
3.521611928939819336e+00
5.901056528091430664e-01
6.643994450569152832e-01
3.460856080055236816e-01
5.869051218032836914e-01
8.761368393898010254e-01
1.202070236206054688e+00
1.639075875282287598e+00
1.347197055816650391e+00
1.253467321395874023e+00
9.798669815063476562e-01
1.478727817535400391e+00
1.613681554794311523e+00
1.867210149765014648e+00
4.907167851924896240e-01
9.908531308174133301e-01
9.418520331382751465e-01
1.434309601783752441e+00
1.621499300003051758e+00
2.071358680725097656e+00
2.412455081939697266e+00
2.521093368530273438e+00
2.889282464981079102e+00
1.932952523231506348e+00
2.036114215850830078e+00
1.812925577163696289e+00
2.293683290481567383e+00
1.952000260353088379e+00
2.258946895599365234e+00
2.660863637924194336e+00
2.839692115783691406e+00
2.602066040039062500e+00
2.143974304199218750e+00
2.403788328170776367e+00
2.446558952331542969e+00
2.763599872589111328e+00
2.515754938125610352e+00
1.948765754699707031e+00
1.634912371635437012e+00
1.212048768997192383e+00
1.767615914344787598e+00
1.799130320549011230e+00
2.675164222717285156e+00
3.155515909194946289e+00
3.687033176422119141e+00
3.149943113327026367e+00
2.873355150222778320e+00
2.193579673767089844e+00
2.223397731781005859e+00
1.815129518508911133e+00
1.787858724594116211e+00
2.298366308212280273e+00
1.478376626968383789e+00
1.459063410758972168e+00
9.955456852912902832e-01
1.036772370338439941e+00
8.507547378540039062e-01
3.798355340957641602e+00
3.269439220428466797e+00
3.447926521301269531e+00
2.953007698059082031e+00
3.288460016250610352e+00
3.141500234603881836e+00
1.334577649831771851e-01
3.377752900123596191e-01
2.975021004676818848e-01
1.063569426536560059e+00
1.604242324829101562e+00
2.045628786087036133e+00
1.509075403213500977e+00
1.427109003067016602e+00
7.439704537391662598e-01
1.292066931724548340e+00
1.161545038223266602e+00
1.269230842590332031e+00
1.083179950714111328e+00
1.369233965873718262e+00
1.137516617774963379e+00
1.427783727645874023e+00
1.839743137359619141e+00
2.338181734085083008e+00
2.574149370193481445e+00
2.469481945037841797e+00
2.685596227645874023e+00
1.826864004135131836e+00
2.086614847183227539e+00
2.027561426162719727e+00
2.677797079086303711e+00
2.529207706451416016e+00
2.300546646118164062e+00
2.568454027175903320e+00
3.015533208847045898e+00
2.772969722747802734e+00
2.336551189422607422e+00
2.683920383453369141e+00
2.518705368041992188e+00
2.984662771224975586e+00
2.788867473602294922e+00
2.165752649307250977e+00
1.800796627998352051e+00
1.397454619407653809e+00
1.897935867309570312e+00
1.794582486152648926e+00
2.665800571441650391e+00
3.097983121871948242e+00
3.646448373794555664e+00
3.090958118438720703e+00
2.726763486862182617e+00
2.021894693374633789e+00
1.927192807197570801e+00
1.621863961219787598e+00
1.734177231788635254e+00
2.169251441955566406e+00
1.525734901428222656e+00
1.692801594734191895e+00
1.243283987045288086e+00
1.632800817489624023e+00
1.601693272590637207e+00
3.968724489212036133e+00
3.333067417144775391e+00
3.541383266448974609e+00
3.010880708694458008e+00
3.407692670822143555e+00
3.263827800750732422e+00
3.186561763286590576e-01
3.216693699359893799e-01
1.147748947143554688e+00
1.627813100814819336e+00
2.137787818908691406e+00
1.658205747604370117e+00
1.413792848587036133e+00
7.775298953056335449e-01
1.220732092857360840e+00
1.077472329139709473e+00
1.247227907180786133e+00
9.827497005462646484e-01
1.115146875381469727e+00
8.245515823364257812e-01
1.021883487701416016e+00
1.500592589378356934e+00
2.009098291397094727e+00
2.232959032058715820e+00
2.143547534942626953e+00
2.288619041442871094e+00
1.461269021034240723e+00
1.718347430229187012e+00
1.683839201927185059e+00
2.362130880355834961e+00
2.276066780090332031e+00
1.895339250564575195e+00
2.141560316085815430e+00
2.655208110809326172e+00
2.394292354583740234e+00
2.063910007476806641e+00
2.391757965087890625e+00
2.171355962753295898e+00
2.704789400100708008e+00
2.550179719924926758e+00
1.885005235671997070e+00
1.477376341819763184e+00
1.112543225288391113e+00
1.583242535591125488e+00
1.374770164489746094e+00
2.234073638916015625e+00
2.671870470046997070e+00
3.204181432723999023e+00
2.649016857147216797e+00
2.284018039703369141e+00
1.581539273262023926e+00
1.505777239799499512e+00
1.210471630096435547e+00
1.403047680854797363e+00
2.533327817916870117e+00
1.843819975852966309e+00
1.970394492149353027e+00
1.423115134239196777e+00
1.782738208770751953e+00
1.686041593551635742e+00
3.587650775909423828e+00
2.943547964096069336e+00
3.124700307846069336e+00
2.702548742294311523e+00
3.043574571609497070e+00
2.934091806411743164e+00
1.323070973157882690e-01
6.910818815231323242e-01
1.172682046890258789e+00
1.582009792327880859e+00
1.162024497985839844e+00
1.031839847564697266e+00
5.343313217163085938e-01
1.063884615898132324e+00
1.180497050285339355e+00
1.398623943328857422e+00
8.290902376174926758e-01
1.100405693054199219e+00
9.084136486053466797e-01
1.306530356407165527e+00
1.641892790794372559e+00
2.063715934753417969e+00
2.405296087265014648e+00
2.386876106262207031e+00
2.684144258499145508e+00
1.778758525848388672e+00
1.952416777610778809e+00
1.829287052154541016e+00
2.419686794281005859e+00
2.212425708770751953e+00
2.183085918426513672e+00
2.520928144454956055e+00
2.836364984512329102e+00
2.600369453430175781e+00
2.157311677932739258e+00
2.505934000015258789e+00
2.414064168930053711e+00
2.931587219238281250e+00
2.726942777633666992e+00
2.160266637802124023e+00
1.661453843116760254e+00
1.246078729629516602e+00
1.849358797073364258e+00
1.714635968208312988e+00
2.609719276428222656e+00
3.096439838409423828e+00
3.613354444503784180e+00
3.071776628494262695e+00
2.741554498672485352e+00
2.047882556915283203e+00
1.987330079078674316e+00
1.609938383102416992e+00
1.643809556961059570e+00
2.038938283920288086e+00
1.257963895797729492e+00
1.331934690475463867e+00
8.246036171913146973e-01
1.079115152359008789e+00
1.025394916534423828e+00
3.800073862075805664e+00
3.213081121444702148e+00
3.427971601486206055e+00
2.911316633224487305e+00
3.344574689865112305e+00
3.253360986709594727e+00
7.802503108978271484e-01
1.213144302368164062e+00
1.720108628273010254e+00
1.146708846092224121e+00
9.390350580215454102e-01
3.615230917930603027e-01
7.853186726570129395e-01
7.106564640998840332e-01
9.099825620651245117e-01
1.083911180496215820e+00
1.254642009735107422e+00
9.874242544174194336e-01
1.247016429901123047e+00
1.497482299804687500e+00
1.912643909454345703e+00
2.249827146530151367e+00
2.235268354415893555e+00
2.558547973632812500e+00
1.792797088623046875e+00
1.854464530944824219e+00
1.795116901397705078e+00
2.444195270538330078e+00
2.346534013748168945e+00
2.216172218322753906e+00
2.509701728820800781e+00
2.792392969131469727e+00
2.655672073364257812e+00
2.270058155059814453e+00
2.711430549621582031e+00
2.551607131958007812e+00
3.168295383453369141e+00
2.976915121078491211e+00
2.396510839462280273e+00
1.874251127243041992e+00
1.463867068290710449e+00
2.072951078414916992e+00
1.826523423194885254e+00
2.700033664703369141e+00
3.211401939392089844e+00
3.685095787048339844e+00
3.106867313385009766e+00
2.795030832290649414e+00
2.087314367294311523e+00
1.955406904220581055e+00
1.537294507026672363e+00
1.482788681983947754e+00
2.008470535278320312e+00
1.310122489929199219e+00
1.486294150352478027e+00
1.094878792762756348e+00
1.486308097839355469e+00
1.444593787193298340e+00
3.770704507827758789e+00
3.229171514511108398e+00
3.518351316452026367e+00
3.023002862930297852e+00
3.526470184326171875e+00
3.468258380889892578e+00
1.326871216297149658e-01
5.591436624526977539e-01
3.203990459442138672e-01
2.869138717651367188e-01
3.864206671714782715e-01
7.911456823348999023e-01
1.208376407623291016e+00
1.339892148971557617e+00
1.472796916961669922e+00
1.839347481727600098e+00
1.659982204437255859e+00
1.999873399734497070e+00
2.035151243209838867e+00
2.263943672180175781e+00
2.773569107055664062e+00
2.938218116760253906e+00
3.328640937805175781e+00
2.606371402740478516e+00
2.547457218170166016e+00
2.386752605438232422e+00
2.877422094345092773e+00
2.606485843658447266e+00
2.961145162582397461e+00
3.263002157211303711e+00
3.375004291534423828e+00
3.324734449386596680e+00
2.972250461578369141e+00
3.285511255264282227e+00
3.288399934768676758e+00
3.831910610198974609e+00
3.610628843307495117e+00
3.070167779922485352e+00
2.539816856384277344e+00
2.131843328475952148e+00
2.791737318038940430e+00
2.600753784179687500e+00
3.490505218505859375e+00
4.011682987213134766e+00
4.483547687530517578e+00
3.900028467178344727e+00
3.619378566741943359e+00
2.919049263000488281e+00
2.793584108352661133e+00
2.352053165435791016e+00
2.214314937591552734e+00
1.571986675262451172e+00
7.725072503089904785e-01
7.427677512168884277e-01
4.766374230384826660e-01
7.365757226943969727e-01
7.934007048606872559e-01
4.333180904388427734e+00
3.953969001770019531e+00
4.238029479980468750e+00
3.806544542312622070e+00
4.236401557922363281e+00
4.191209793090820312e+00
3.484826087951660156e-01
3.023978173732757568e-01
4.931593537330627441e-01
9.049608111381530762e-01
1.190520167350769043e+00
1.702829003334045410e+00
1.886062264442443848e+00
1.726820588111877441e+00
2.065601587295532227e+00
1.955575227737426758e+00
2.289384126663208008e+00
2.252148151397705078e+00
2.436579704284667969e+00
2.969620943069458008e+00
3.171725749969482422e+00
3.640890598297119141e+00
2.898050546646118164e+00
2.769298791885375977e+00
2.580408811569213867e+00
3.022457361221313477e+00
2.691540479660034180e+00
3.219678401947021484e+00
3.489242792129516602e+00
3.565059423446655273e+00
3.511644363403320312e+00
3.155792951583862305e+00
3.469753742218017578e+00
3.547146558761596680e+00
4.096031188964843750e+00
3.805063247680664062e+00
3.350391626358032227e+00
2.789545536041259766e+00
2.442078828811645508e+00
3.120735645294189453e+00
2.934499740600585938e+00
3.804538965225219727e+00
4.351246356964111328e+00
4.782474040985107422e+00
4.157947540283203125e+00
3.976717472076416016e+00
3.286985158920288086e+00
3.185800075531005859e+00
2.695871591567993164e+00
2.469476461410522461e+00
1.631119251251220703e+00
9.162261486053466797e-01
7.985041141510009766e-01
7.106611728668212891e-01
6.252178549766540527e-01
7.604553699493408203e-01
4.515433788299560547e+00
4.158438205718994141e+00
4.437755107879638672e+00
4.029131889343261719e+00
4.501675605773925781e+00
4.493149280548095703e+00
3.118109703063964844e-01
6.904525160789489746e-01
1.325946569442749023e+00
1.448899626731872559e+00
2.026042938232421875e+00
2.136106967926025391e+00
2.142875194549560547e+00
2.627460241317749023e+00
2.530675172805786133e+00
2.876863479614257812e+00
2.744165897369384766e+00
2.926351785659790039e+00
3.485618114471435547e+00
3.674573659896850586e+00
4.139251708984375000e+00
3.459779262542724609e+00
3.326563119888305664e+00
3.158781290054321289e+00
3.578577518463134766e+00
3.187467336654663086e+00
3.814884662628173828e+00
4.053097248077392578e+00
4.112736701965332031e+00
4.101690292358398438e+00
3.734082937240600586e+00
4.006671905517578125e+00
4.124320983886718750e+00
4.621460437774658203e+00
4.321632385253906250e+00
3.851444005966186523e+00
3.343266010284423828e+00
2.985811471939086914e+00
3.658303499221801758e+00
3.510463714599609375e+00
4.393189907073974609e+00
4.931064128875732422e+00
5.373625278472900391e+00
4.742143630981445312e+00
4.560667514801025391e+00
3.870254993438720703e+00
3.743104457855224609e+00
3.231095790863037109e+00
3.014785051345825195e+00
1.366464495658874512e+00
7.662221789360046387e-01
6.706790924072265625e-01
7.898187041282653809e-01
5.101755857467651367e-01
9.972103834152221680e-01
5.045455932617187500e+00
4.733730792999267578e+00
5.025805950164794922e+00
4.613921165466308594e+00
5.065006732940673828e+00
5.039621353149414062e+00
2.865751683712005615e-01
8.009313941001892090e-01
1.032151341438293457e+00
1.522347688674926758e+00
1.591199398040771484e+00
1.958720445632934570e+00
2.234198808670043945e+00
2.082382917404174805e+00
2.367117404937744141e+00
2.291715145111083984e+00
2.530587911605834961e+00
3.052651405334472656e+00
3.207877397537231445e+00
3.635487794876098633e+00
2.955070495605468750e+00
2.843256711959838867e+00
2.701739311218261719e+00
3.192811965942382812e+00
2.924650669097900391e+00
3.323372364044189453e+00
3.568838357925415039e+00
3.674559593200683594e+00
3.647886514663696289e+00
3.305566072463989258e+00
3.664708375930786133e+00
3.687130212783813477e+00
4.279665946960449219e+00
4.011828422546386719e+00
3.543431282043457031e+00
2.960861921310424805e+00
2.597279071807861328e+00
3.272468328475952148e+00
3.039994001388549805e+00
3.898803234100341797e+00
4.447196960449218750e+00
4.873530864715576172e+00
4.244904518127441406e+00
4.041114330291748047e+00
3.355270862579345703e+00
3.208497285842895508e+00
2.710318803787231445e+00
2.511777162551879883e+00
1.174037575721740723e+00
3.732188642024993896e-01
5.542709827423095703e-01
3.701966404914855957e-01
7.868892550468444824e-01
1.125088810920715332e+00
4.625689983367919922e+00
4.264533519744873047e+00
4.567526340484619141e+00
4.155583381652832031e+00
4.654870033264160156e+00
4.648857116699218750e+00
4.402565360069274902e-01
5.861907005310058594e-01
1.158206820487976074e+00
1.348911285400390625e+00
1.795076608657836914e+00
1.960889458656311035e+00
1.793691873550415039e+00
2.032810211181640625e+00
1.912310481071472168e+00
2.203809499740600586e+00
2.700102806091308594e+00
2.812172174453735352e+00
3.228745937347412109e+00
2.596589803695678711e+00
2.491370201110839844e+00
2.388620376586914062e+00
2.924792289733886719e+00
2.736965894699096680e+00
2.996246337890625000e+00
3.217824697494506836e+00
3.345667839050292969e+00
3.340612888336181641e+00
3.013013601303100586e+00
3.417758941650390625e+00
3.387363910675048828e+00
4.028676986694335938e+00
3.780148267745971680e+00
3.318239688873291016e+00
2.697649002075195312e+00
2.337071180343627930e+00
3.006331682205200195e+00
2.728201389312744141e+00
3.569644451141357422e+00
4.122388362884521484e+00
4.535044670104980469e+00
3.905279874801635742e+00
3.700970649719238281e+00
3.019195079803466797e+00
2.859739780426025391e+00
2.332249641418457031e+00
2.142593622207641602e+00
1.628670692443847656e+00
9.433339834213256836e-01
1.168994426727294922e+00
8.673202991485595703e-01
1.307574748992919922e+00
1.301845908164978027e+00
4.293349266052246094e+00
3.933439493179321289e+00
4.252490043640136719e+00
3.842695236206054688e+00
4.364925861358642578e+00
4.369956970214843750e+00
1.322355866432189941e-01
5.656973719596862793e-01
8.579748868942260742e-01
1.501632571220397949e+00
1.657525181770324707e+00
1.393511652946472168e+00
1.510611176490783691e+00
1.435409903526306152e+00
1.905067205429077148e+00
2.276449680328369141e+00
2.250216245651245117e+00
2.569946527481079102e+00
2.015089988708496094e+00
1.973394036293029785e+00
1.989980697631835938e+00
2.662114143371582031e+00
2.676970720291137695e+00
2.485848426818847656e+00
2.676882266998291016e+00
2.909723997116088867e+00
2.915207147598266602e+00
2.618398666381835938e+00
3.130238294601440430e+00
2.928745031356811523e+00
3.630262851715087891e+00
3.448787927627563477e+00
2.878062009811401367e+00
2.312975168228149414e+00
1.913647651672363281e+00
2.539291143417358398e+00
2.223697900772094727e+00
3.011056184768676758e+00
3.554283380508422852e+00
3.942164897918701172e+00
3.336131811141967773e+00
3.070261955261230469e+00
2.397182226181030273e+00
2.190864086151123047e+00
1.680625081062316895e+00
1.562375545501708984e+00
1.826640129089355469e+00
1.109620928764343262e+00
1.321954727172851562e+00
9.115815758705139160e-01
1.434632778167724609e+00
1.503640651702880859e+00
3.862394332885742188e+00
3.425808429718017578e+00
3.785737514495849609e+00
3.353357315063476562e+00
3.925388574600219727e+00
3.918319463729858398e+00
3.533427715301513672e-01
7.395538091659545898e-01
1.859355449676513672e+00
1.867926955223083496e+00
1.542311549186706543e+00
1.592849850654602051e+00
1.385528326034545898e+00
1.832952141761779785e+00
2.216037988662719727e+00
2.142872095108032227e+00
2.409735441207885742e+00
1.997227311134338379e+00
1.950772285461425781e+00
2.070776700973510742e+00
2.709297418594360352e+00
2.863523960113525391e+00
2.524969577789306641e+00
2.647976875305175781e+00
2.909498929977416992e+00
2.973452806472778320e+00
2.725939989089965820e+00
3.285291194915771484e+00
3.010518312454223633e+00
3.832888603210449219e+00
3.657160282135009766e+00
3.134107351303100586e+00
2.512610435485839844e+00
2.202652454376220703e+00
2.751666069030761719e+00
2.313897371292114258e+00
3.029575109481811523e+00
3.569799184799194336e+00
3.907830715179443359e+00
3.315415143966674805e+00
3.027563333511352539e+00
2.401252508163452148e+00
2.152389287948608398e+00
1.619325280189514160e+00
1.522301316261291504e+00
2.208469152450561523e+00
1.496381878852844238e+00
1.765036582946777344e+00
1.329819202423095703e+00
1.886491060256958008e+00
1.893405199050903320e+00
3.832430601119995117e+00
3.417187213897705078e+00
3.806793928146362305e+00
3.401013851165771484e+00
3.996918678283691406e+00
4.038399219512939453e+00
1.327878981828689575e-01
1.893289685249328613e+00
1.836443662643432617e+00
1.465839862823486328e+00
1.498943924903869629e+00
1.472754955291748047e+00
2.096186161041259766e+00
2.265493392944335938e+00
2.118008375167846680e+00
2.267085790634155273e+00
1.892734885215759277e+00
1.942682862281799316e+00
2.082746744155883789e+00
2.835719347000122070e+00
2.972111225128173828e+00
2.418740987777709961e+00
2.536134004592895508e+00
2.922772645950317383e+00
2.926819562911987305e+00
2.653675079345703125e+00
3.233028411865234375e+00
2.871380329132080078e+00
3.690064191818237305e+00
3.561991691589355469e+00
2.945327043533325195e+00
2.397243976593017578e+00
2.076082706451416016e+00
2.569636583328247070e+00
2.138442039489746094e+00
2.852132081985473633e+00
3.358529806137084961e+00
3.720632553100585938e+00
3.176329612731933594e+00
2.821741580963134766e+00
2.155552625656127930e+00
1.887861847877502441e+00
1.457930922508239746e+00
1.446087002754211426e+00
2.364809036254882812e+00
1.742104172706604004e+00
2.117628812789916992e+00
1.668713450431823730e+00
2.267257690429687500e+00
2.316615343093872070e+00
3.849735498428344727e+00
3.343650341033935547e+00
3.725940942764282227e+00
3.267163038253784180e+00
3.862246990203857422e+00
3.858478546142578125e+00
2.249195814132690430e+00
2.249647855758666992e+00
1.885043382644653320e+00
1.933080434799194336e+00
1.938182592391967773e+00
2.565033197402954102e+00
2.708804607391357422e+00
2.541995048522949219e+00
2.527912616729736328e+00
2.291341781616210938e+00
2.393171787261962891e+00
2.532087564468383789e+00
3.297645807266235352e+00
3.399049282073974609e+00
2.836699485778808594e+00
2.888165950775146484e+00
3.377609014511108398e+00
3.334612369537353516e+00
3.080707550048828125e+00
3.650299072265625000e+00
3.238456487655639648e+00
4.022243976593017578e+00
3.917368412017822266e+00
3.226927995681762695e+00
2.767128467559814453e+00
2.446518182754516602e+00
2.883394956588745117e+00
2.485797405242919922e+00
3.171087265014648438e+00
3.616618871688842773e+00
3.992708921432495117e+00
3.502203464508056641e+00
3.079130887985229492e+00
2.405061244964599609e+00
2.115001440048217773e+00
1.853905200958251953e+00
1.885841608047485352e+00
2.084654569625854492e+00
1.711846947669982910e+00
2.045988082885742188e+00
1.736943960189819336e+00
2.334674119949340820e+00
2.463323116302490234e+00
4.296272754669189453e+00
3.765654325485229492e+00
4.112347602844238281e+00
3.631785392761230469e+00
4.201932907104492188e+00
4.150210857391357422e+00
3.096760213375091553e-01
5.215638279914855957e-01
9.318251609802246094e-01
1.133656620979309082e+00
1.634363770484924316e+00
1.917604923248291016e+00
2.096087932586669922e+00
2.514146089553833008e+00
1.473205566406250000e+00
1.507953524589538574e+00
1.252811074256896973e+00
1.586651682853698730e+00
1.119192957878112793e+00
1.693464040756225586e+00
2.118313312530517578e+00
2.239673852920532227e+00
1.945475220680236816e+00
1.442833542823791504e+00
1.568411827087402344e+00
1.825235128402709961e+00
2.140385389328002930e+00
1.848086595535278320e+00
1.367832779884338379e+00
9.456893205642700195e-01
6.554667949676513672e-01
1.286983728408813477e+00
1.280380368232727051e+00
2.143569707870483398e+00
2.696510553359985352e+00
3.140561580657958984e+00
2.574414730072021484e+00
2.433829307556152344e+00
1.699164390563964844e+00
1.954838871955871582e+00
1.506720900535583496e+00
1.451760292053222656e+00
2.910500288009643555e+00
2.085754871368408203e+00
2.025808334350585938e+00
1.617172360420227051e+00
1.467011690139770508e+00
1.125850200653076172e+00
3.155117034912109375e+00
2.593150377273559570e+00
2.770044565200805664e+00
2.340169906616210938e+00
2.660666704177856445e+00
2.612722873687744141e+00
3.078870177268981934e-01
3.900191485881805420e-01
6.719557642936706543e-01
1.223762989044189453e+00
1.370393872261047363e+00
1.572372317314147949e+00
2.005833625793457031e+00
9.543087482452392578e-01
8.999277353286743164e-01
5.612483620643615723e-01
9.691204428672790527e-01
9.408747553825378418e-01
1.006171464920043945e+00
1.466584682464599609e+00
1.562513947486877441e+00
1.236504316329956055e+00
7.847713232040405273e-01
1.052542805671691895e+00
1.169433474540710449e+00
1.727650403976440430e+00
1.419683456420898438e+00
1.101322650909423828e+00
4.135591685771942139e-01
3.721281886100769043e-01
8.977521657943725586e-01
6.835060715675354004e-01
1.526618123054504395e+00
2.102824211120605469e+00
2.488830804824829102e+00
1.897422194480895996e+00
1.866839766502380371e+00
1.128346323966979980e+00
1.583635091781616211e+00
1.134054899215698242e+00
1.029400348663330078e+00
3.465152025222778320e+00
2.660547494888305664e+00
2.641856908798217773e+00
2.139412641525268555e+00
2.184000492095947266e+00
1.875452399253845215e+00
2.464496135711669922e+00
1.911590576171875000e+00
2.108469724655151367e+00
1.676897406578063965e+00
2.102228403091430664e+00
2.124663352966308594e+00
3.114889264106750488e-01
5.703419446945190430e-01
1.122180104255676270e+00
1.317467927932739258e+00
1.372102379798889160e+00
1.801253557205200195e+00
8.230682015419006348e-01
8.769555091857910156e-01
7.445800304412841797e-01
1.421038746833801270e+00
1.533817529678344727e+00
1.109858989715576172e+00
1.516859412193298340e+00
1.744996428489685059e+00
1.497811436653137207e+00
1.219559073448181152e+00
1.556107163429260254e+00
1.393898129463195801e+00
2.060365438461303711e+00
1.908837556838989258e+00
1.384382367134094238e+00
7.423717975616455078e-01
4.508884549140930176e-01
1.029286146163940430e+00
7.507869005203247070e-01
1.634840250015258789e+00
2.165744781494140625e+00
2.611967086791992188e+00
2.027156114578247070e+00
1.841046094894409180e+00
1.112334251403808594e+00
1.295120835304260254e+00
7.836209535598754883e-01
6.838663220405578613e-01
3.280691862106323242e+00
2.507723808288574219e+00
2.520104885101318359e+00
1.982866883277893066e+00
2.175791501998901367e+00
1.927372932434082031e+00
2.703247308731079102e+00
2.140043973922729492e+00
2.355339288711547852e+00
2.000152349472045898e+00
2.355317831039428711e+00
2.349014520645141602e+00
3.247342705726623535e-01
7.669563293457031250e-01
8.539754152297973633e-01
8.860183358192443848e-01
1.305945754051208496e+00
3.992843627929687500e-01
3.525001108646392822e-01
2.977313697338104248e-01
1.150818228721618652e+00
1.408434987068176270e+00
7.033280134201049805e-01
9.975911378860473633e-01
1.233241796493530273e+00
1.097514629364013672e+00
6.807913780212402344e-01
1.237562060356140137e+00
9.932845234870910645e-01
1.692923426628112793e+00
1.561525583267211914e+00
1.059146523475646973e+00
4.010791480541229248e-01
3.809564411640167236e-01
6.848697662353515625e-01
3.704987466335296631e-01
1.253424286842346191e+00
1.792422413825988770e+00
2.227420806884765625e+00
1.633551836013793945e+00
1.455196857452392578e+00
7.440854310989379883e-01
8.542372584342956543e-01
4.028764963150024414e-01
3.563613295555114746e-01
3.604588508605957031e+00
2.845510482788085938e+00
2.911199569702148438e+00
2.362477779388427734e+00
2.644182682037353516e+00
2.422048091888427734e+00
2.206210851669311523e+00
1.682651758193969727e+00
1.944286465644836426e+00
1.464292645454406738e+00
1.958187222480773926e+00
1.956818819046020508e+00
3.692310750484466553e-01
6.512838602066040039e-01
7.947323918342590332e-01
1.361349344253540039e+00
5.991385579109191895e-01
3.869482278823852539e-01
2.852189242839813232e-01
9.318417310714721680e-01
1.274870157241821289e+00
9.537318944931030273e-01
1.106597542762756348e+00
1.238558888435363770e+00
1.247512698173522949e+00
1.034508705139160156e+00
1.537248730659484863e+00
1.424753785133361816e+00
2.254353284835815430e+00
1.986539602279663086e+00
1.749228715896606445e+00
9.398931264877319336e-01
1.050095438957214355e+00
1.416153550148010254e+00
1.006944298744201660e+00
1.622148513793945312e+00
2.212251186370849609e+00
2.499926805496215820e+00
1.832809567451477051e+00
1.739754676818847656e+00
1.240048170089721680e+00
1.259315133094787598e+00
6.472865343093872070e-01
2.842347621917724609e-01
3.720105648040771484e+00
2.956842660903930664e+00
3.033120155334472656e+00
2.522096157073974609e+00
2.728502988815307617e+00
2.360447168350219727e+00
2.196941137313842773e+00
1.808030247688293457e+00
2.151481866836547852e+00
1.833150506019592285e+00
2.371384620666503906e+00
2.516251564025878906e+00
4.037547707557678223e-01
8.564862608909606934e-01
1.570451378822326660e+00
9.402110576629638672e-01
4.420748054981231689e-01
6.036474108695983887e-01
7.170433402061462402e-01
1.209448933601379395e+00
1.018979787826538086e+00
1.130039215087890625e+00
9.328200221061706543e-01
1.219416260719299316e+00
1.284920930862426758e+00
1.589373707771301270e+00
1.642074584960937500e+00
2.468910694122314453e+00
2.116987228393554688e+00
2.150906562805175781e+00
1.353374123573303223e+00
1.606532335281372070e+00
1.745943188667297363e+00
1.411237716674804688e+00
1.810152649879455566e+00
2.384943246841430664e+00
2.559354782104492188e+00
1.936471819877624512e+00
1.973985671997070312e+00
1.546877741813659668e+00
1.694717764854431152e+00
1.149905562400817871e+00
7.785892486572265625e-01
4.050854682922363281e+00
3.250175714492797852e+00
3.294563055038452148e+00
2.816901445388793945e+00
3.029945373535156250e+00
2.644944429397583008e+00
1.737502574920654297e+00
1.633124709129333496e+00
1.959808707237243652e+00
1.908041357994079590e+00
2.369651556015014648e+00
2.710980415344238281e+00
2.883171439170837402e-01
1.082276582717895508e+00
7.122181057929992676e-01
3.803386092185974121e-01
6.713777780532836914e-01
9.834105372428894043e-01
1.622847557067871094e+00
7.099688649177551270e-01
6.687253117561340332e-01
6.437343955039978027e-01
9.622086882591247559e-01
1.209459424018859863e+00
1.616941452026367188e+00
1.413399934768676758e+00
2.377486467361450195e+00
2.124766588211059570e+00
2.109023809432983398e+00
1.382076382637023926e+00
1.700229406356811523e+00
1.663550019264221191e+00
1.267399072647094727e+00
1.440271973609924316e+00
1.980351686477661133e+00
2.070557355880737305e+00
1.404339790344238281e+00
1.467348814010620117e+00
1.231179475784301758e+00
1.431420087814331055e+00
1.072863340377807617e+00
6.763651967048645020e-01
4.507613658905029297e+00
3.717423439025878906e+00
3.776299476623535156e+00
3.336836814880371094e+00
3.500097513198852539e+00
3.224236249923706055e+00
1.508805394172668457e+00
1.253987431526184082e+00
1.653441548347473145e+00
1.572114586830139160e+00
2.081152915954589844e+00
2.436909437179565430e+00
5.927116274833679199e-01
4.542837738990783691e-01
4.752237796783447266e-01
8.084939122200012207e-01
1.433823108673095703e+00
2.136366844177246094e+00
7.207583189010620117e-01
4.355378746986389160e-01
7.616126537322998047e-01
9.461113214492797852e-01
1.261736750602722168e+00
1.731005430221557617e+00
1.346638560295104980e+00
2.339052438735961914e+00
2.157027006149291992e+00
2.024225234985351562e+00
1.491878509521484375e+00
1.724827289581298828e+00
1.626163482666015625e+00
1.198387145996093750e+00
1.178889632225036621e+00
1.693501472473144531e+00
1.770835638046264648e+00
1.124474406242370605e+00
1.107410311698913574e+00
9.791442155838012695e-01
1.035394191741943359e+00
7.195960283279418945e-01
4.844743013381958008e-01
4.527527809143066406e+00
3.783509731292724609e+00
3.892374753952026367e+00
3.432225942611694336e+00
3.683218240737915039e+00
3.459698200225830078e+00
1.545186161994934082e+00
1.117281675338745117e+00
1.570514321327209473e+00
1.420556068420410156e+00
1.958577394485473633e+00
2.276427030563354492e+00
6.218166947364807129e-01
9.497513771057128906e-01
1.315134406089782715e+00
2.101301670074462891e+00
2.809622764587402344e+00
1.150491237640380859e+00
6.622266173362731934e-01
1.276524424552917480e+00
1.243924260139465332e+00
1.696095585823059082e+00
2.192523241043090820e+00
1.583577871322631836e+00
2.576637983322143555e+00
2.511857748031616211e+00
2.129602909088134766e+00
1.861829638481140137e+00
1.910169243812561035e+00
1.738847851753234863e+00
1.418504714965820312e+00
1.171236753463745117e+00
1.551012992858886719e+00
1.572265505790710449e+00
1.147257447242736816e+00
7.509356737136840820e-01
9.023689627647399902e-01
7.190902829170227051e-01
8.656218647956848145e-01
8.112629652023315430e-01
4.784522533416748047e+00
4.093061923980712891e+00
4.273707389831542969e+00
3.724356174468994141e+00
4.098046302795410156e+00
3.906217336654663086e+00
2.002385139465332031e+00
1.421247601509094238e+00
1.862893581390380859e+00
1.606769561767578125e+00
2.140352487564086914e+00
2.338886737823486328e+00
1.329696476459503174e-01
4.711923003196716309e-01
1.368730664253234863e+00
1.906933307647705078e+00
3.819331824779510498e-01
4.209377765655517578e-01
9.844803810119628906e-01
7.793993353843688965e-01
8.204541802406311035e-01
1.411672234535217285e+00
8.730108737945556641e-01
1.853695273399353027e+00
1.738316178321838379e+00
1.280837535858154297e+00
7.978354692459106445e-01
8.525870442390441895e-01
8.295390009880065918e-01
3.620962500572204590e-01
7.744571566581726074e-01
1.347354412078857422e+00
1.643760561943054199e+00
1.017174005508422852e+00
8.500410318374633789e-01
3.588861227035522461e-01
4.330033063888549805e-01
3.652296364307403564e-01
3.034430444240570068e-01
4.142652511596679688e+00
3.411078453063964844e+00
3.490984678268432617e+00
2.949361085891723633e+00
3.204514026641845703e+00
2.967212915420532227e+00
1.875562548637390137e+00
1.194211483001708984e+00
1.560627937316894531e+00
1.152400016784667969e+00
1.755320072174072266e+00
1.911018371582031250e+00
1.327779442071914673e-01
9.842051863670349121e-01
1.631089329719543457e+00
3.617868423461914062e-01
5.352146029472351074e-01
7.965620756149291992e-01
7.118721008300781250e-01
6.729910969734191895e-01
1.226292014122009277e+00
9.009614586830139160e-01
1.870733618736267090e+00
1.658537745475769043e+00
1.513971924781799316e+00
8.400147557258605957e-01
1.101176023483276367e+00
1.075883030891418457e+00
6.427975296974182129e-01
1.021968245506286621e+00
1.606402397155761719e+00
1.878667354583740234e+00
1.211805224418640137e+00
1.133076786994934082e+00
7.186900973320007324e-01
8.876042962074279785e-01
5.924346446990966797e-01
3.954269587993621826e-01
4.181648254394531250e+00
3.411106348037719727e+00
3.481874227523803711e+00
2.943635463714599609e+00
3.213103294372558594e+00
2.934288978576660156e+00
1.739809751510620117e+00
1.190662264823913574e+00
1.532214403152465820e+00
1.199644446372985840e+00
1.768429756164550781e+00
1.990871787071228027e+00
7.297390699386596680e-01
1.208832025527954102e+00
4.083517491817474365e-01
7.640899419784545898e-01
9.143388271331787109e-01
7.194918990135192871e-01
4.094146490097045898e-01
9.435528516769409180e-01
7.778800129890441895e-01
1.641541123390197754e+00
1.379950881004333496e+00
1.219508051872253418e+00
4.448714256286621094e-01
7.792068719863891602e-01
8.176604509353637695e-01
4.182440638542175293e-01
1.046133518218994141e+00
1.615444779396057129e+00
1.956792354583740234e+00
1.332773804664611816e+00
1.343069791793823242e+00
6.582918167114257812e-01
1.098362207412719727e+00
7.930435538291931152e-01
6.461733579635620117e-01
4.082505702972412109e+00
3.285287380218505859e+00
3.306884765625000000e+00
2.786229610443115234e+00
2.962917089462280273e+00
2.624341249465942383e+00
1.875834107398986816e+00
1.380345463752746582e+00
1.637175321578979492e+00
1.267184019088745117e+00
1.755848407745361328e+00
1.865207672119140625e+00
5.643044114112854004e-01
7.317772507667541504e-01
1.300981521606445312e+00
8.685946464538574219e-01
7.986801862716674805e-01
6.194632649421691895e-01
7.985340356826782227e-01
1.164998173713684082e+00
1.707176208496093750e+00
1.280602455139160156e+00
1.549694895744323730e+00
9.726547598838806152e-01
1.362220287322998047e+00
1.235394358634948730e+00
1.231120824813842773e+00
1.664745092391967773e+00
2.148594141006469727e+00
2.232397079467773438e+00
1.667310476303100586e+00
1.996410250663757324e+00
1.522315740585327148e+00
1.996624112129211426e+00
1.745057821273803711e+00
1.525566697120666504e+00
4.625001430511474609e+00
3.810400485992431641e+00
3.773575544357299805e+00
3.295148611068725586e+00
3.338172912597656250e+00
2.902316570281982422e+00
1.561588287353515625e+00
1.269036531448364258e+00
1.488152146339416504e+00
1.357961893081665039e+00
1.751664519309997559e+00
2.036852836608886719e+00
1.399652242660522461e+00
2.003789901733398438e+00
1.566689014434814453e+00
1.452859282493591309e+00
9.703021049499511719e-01
1.024651646614074707e+00
1.622856140136718750e+00
1.853855609893798828e+00
1.316206812858581543e+00
1.439275145530700684e+00
1.038837909698486328e+00
1.370981812477111816e+00
1.469482421875000000e+00
1.579475998878479004e+00
2.162521839141845703e+00
2.706947565078735352e+00
2.834485530853271484e+00
2.311539649963378906e+00
2.634754419326782227e+00
1.993770122528076172e+00
2.529019594192504883e+00
2.180114984512329102e+00
1.983143329620361328e+00
4.271174430847167969e+00
3.469230651855468750e+00
3.351781845092773438e+00
3.072855234146118164e+00
2.812556743621826172e+00
2.370927810668945312e+00
2.109464406967163086e+00
1.904131531715393066e+00
2.093701362609863281e+00
1.921668410301208496e+00
2.216979265213012695e+00
2.341809988021850586e+00
4.197274446487426758e-01
3.757477998733520508e-01
2.818554639816284180e-01
3.956578075885772705e-01
8.009920716285705566e-01
3.981798589229583740e-01
1.390054106712341309e+00
1.267078280448913574e+00
1.070121049880981445e+00
7.423674464225769043e-01
1.029520630836486816e+00
7.040540575981140137e-01
4.114365279674530029e-01
5.088759660720825195e-01
1.059331059455871582e+00
1.365588068962097168e+00
7.495097517967224121e-01
8.679751753807067871e-01
4.358610510826110840e-01
8.629023432731628418e-01
8.731635212898254395e-01
9.027340412139892578e-01
4.574726104736328125e+00
3.812802553176879883e+00
3.850986480712890625e+00
3.307967662811279297e+00
3.507614374160766602e+00
3.195939540863037109e+00
1.282079100608825684e+00
7.363634705543518066e-01
1.045699954032897949e+00
7.498663067817687988e-01
1.231410145759582520e+00
1.411376595497131348e+00
5.114635825157165527e-01
4.420296847820281982e-01
9.561862945556640625e-01
1.381638050079345703e+00
8.197613358497619629e-01
1.732687234878540039e+00
1.723145246505737305e+00
1.428768396377563477e+00
1.255769968032836914e+00
1.409373283386230469e+00
1.134786128997802734e+00
8.703302145004272461e-01
3.809750378131866455e-01
8.480904102325439453e-01
1.038451433181762695e+00
5.141148567199707031e-01
4.407911598682403564e-01
3.749159574508666992e-01
5.801361203193664551e-01
8.755791187286376953e-01
8.354652523994445801e-01
4.861951828002929688e+00
4.114060401916503906e+00
4.179213047027587891e+00
3.635864973068237305e+00
3.879894256591796875e+00
3.593140840530395508e+00
1.343030691146850586e+00
7.291722893714904785e-01
1.045936107635498047e+00
7.796817421913146973e-01
1.276257276535034180e+00
1.498019695281982422e+00
1.324158608913421631e-01
7.376332879066467285e-01
8.894020915031433105e-01
8.260101079940795898e-01
1.616252422332763672e+00
1.400738954544067383e+00
1.573947906494140625e+00
1.298191666603088379e+00
1.644377231597900391e+00
1.212839007377624512e+00
1.107871413230895996e+00
9.652383923530578613e-01
1.336870312690734863e+00
1.272226691246032715e+00
7.268051505088806152e-01
1.059269547462463379e+00
1.033622026443481445e+00
1.432067513465881348e+00
1.520017981529235840e+00
1.260218620300292969e+00
5.092991828918457031e+00
4.298258304595947266e+00
4.330053329467773438e+00
3.811750650405883789e+00
3.985400676727294922e+00
3.615138530731201172e+00
8.146768808364868164e-01
2.848210036754608154e-01
5.922564864158630371e-01
6.476711630821228027e-01
1.070252418518066406e+00
1.558403611183166504e+00
3.798544406890869141e-01
6.936611533164978027e-01
3.648557364940643311e-01
1.206618666648864746e+00
1.048916935920715332e+00
1.101467728614807129e+00
9.217736124992370605e-01
1.279342889785766602e+00
8.037543296813964844e-01
8.157406449317932129e-01
4.612654745578765869e-01
8.994731903076171875e-01
1.064995408058166504e+00
4.213476181030273438e-01
8.123444914817810059e-01
7.225090861320495605e-01
1.077612519264221191e+00
1.332374334335327148e+00
1.366619110107421875e+00
4.977865219116210938e+00
4.189553737640380859e+00
4.191374301910400391e+00
3.668807744979858398e+00
3.787861824035644531e+00
3.437961101531982422e+00
1.062611699104309082e+00
4.489981532096862793e-01
7.155934572219848633e-01
3.795752823352813721e-01
8.734301924705505371e-01
1.199531197547912598e+00
1.328707486391067505e-01
3.694012165069580078e-01
1.015468239784240723e+00
6.484005451202392578e-01
7.613171339035034180e-01
4.166802465915679932e-01
7.721490859985351562e-01
3.651342093944549561e-01
5.143165588378906250e-01
8.667684793472290039e-01
1.420447111129760742e+00
1.661699533462524414e+00
1.110971212387084961e+00
1.346990346908569336e+00
7.599105834960937500e-01
1.338218212127685547e+00
1.288445234298706055e+00
1.307199954986572266e+00
4.570267677307128906e+00
3.790175676345825195e+00
3.775352954864501953e+00
3.340271711349487305e+00
3.348648071289062500e+00
3.027656316757202148e+00
1.504765987396240234e+00
8.620682358741760254e-01
1.062889575958251953e+00
7.729037404060363770e-01
1.176047563552856445e+00
1.341347932815551758e+00
2.934995591640472412e-01
7.998368144035339355e-01
3.994558453559875488e-01
6.850755214691162109e-01
6.876842379570007324e-01
1.030614495277404785e+00
5.824239253997802734e-01
1.010142207145690918e+00
1.146286487579345703e+00
1.464173316955566406e+00
1.506205558776855469e+00
1.139957904815673828e+00
1.663381695747375488e+00
1.260696172714233398e+00
1.857268333435058594e+00
1.894386172294616699e+00
1.901297092437744141e+00
4.885633945465087891e+00
4.074933052062988281e+00
4.034227848052978516e+00
3.553034543991088867e+00
3.514725685119628906e+00
3.114481687545776367e+00
1.365048646926879883e+00
7.172569036483764648e-01
7.974665164947509766e-01
6.015988588333129883e-01
8.334321379661560059e-01
1.059147119522094727e+00
5.734211802482604980e-01
4.499481022357940674e-01
6.024048328399658203e-01
7.553359866142272949e-01
9.752905368804931641e-01
3.959389328956604004e-01
5.495755672454833984e-01
3.309519588947296143e-01
8.571836352348327637e-01
1.173719286918640137e+00
7.492610812187194824e-01
8.673253059387207031e-01
5.604744553565979004e-01
1.130613803863525391e+00
1.360428810119628906e+00
1.449258565902709961e+00
4.871802330017089844e+00
4.096593379974365234e+00
4.120967864990234375e+00
3.597566604614257812e+00
3.703515291213989258e+00
3.393714427947998047e+00
1.477374196052551270e+00
6.817287206649780273e-01
6.911443471908569336e-01
3.947420120239257812e-01
5.898073911666870117e-01
7.854083180427551270e-01
1.330010294914245605e-01
6.064778566360473633e-01
1.251657247543334961e+00
1.422858715057373047e+00
8.152869343757629395e-01
1.248254537582397461e+00
1.192480087280273438e+00
1.386280894279479980e+00
1.608172416687011719e+00
1.472828745841979980e+00
1.682470560073852539e+00
1.506232380867004395e+00
2.059148311614990234e+00
2.284720897674560547e+00
2.426291704177856445e+00
5.359020709991455078e+00
4.545953273773193359e+00
4.545964241027832031e+00
4.069063186645507812e+00
4.036500930786132812e+00
3.639127016067504883e+00
2.162005901336669922e+00
1.385347485542297363e+00
1.281366586685180664e+00
8.892122507095336914e-01
6.970308423042297363e-01
3.801563084125518799e-01
3.837348520755767822e-01
1.047782659530639648e+00
1.260788202285766602e+00
7.904682755470275879e-01
1.198051452636718750e+00
1.312008380889892578e+00
1.592770099639892578e+00
1.769255042076110840e+00
1.459453344345092773e+00
1.773238301277160645e+00
1.471579790115356445e+00
2.068928003311157227e+00
2.205069065093994141e+00
2.287889480590820312e+00
5.118155956268310547e+00
4.298927307128906250e+00
4.287142276763916016e+00
3.828374624252319336e+00
3.757224798202514648e+00
3.314996480941772461e+00
2.004494905471801758e+00
1.234026432037353516e+00
1.240479111671447754e+00
9.345549941062927246e-01
9.176041483879089355e-01
7.991893291473388672e-01
5.879392623901367188e-01
6.752058863639831543e-01
3.441878259181976318e-01
5.785800814628601074e-01
8.624508976936340332e-01
1.199201941490173340e+00
1.647643804550170898e+00
1.350766897201538086e+00
1.247281789779663086e+00
9.650008678436279297e-01
1.464768767356872559e+00
1.603302955627441406e+00
1.865383148193359375e+00
4.556488513946533203e+00
3.738717794418334961e+00
3.734996318817138672e+00
3.277145624160766602e+00
3.221605777740478516e+00
2.833187103271484375e+00
2.312973022460937500e+00
1.486672163009643555e+00
1.469561219215393066e+00
1.010591506958007812e+00
1.051353573799133301e+00
8.581976294517517090e-01
1.344684958457946777e-01
3.380054533481597900e-01
2.867658436298370361e-01
1.052599668502807617e+00
1.605995416641235352e+00
2.047785758972167969e+00
1.524530291557312012e+00
1.423393368721008301e+00
7.366294860839843750e-01
1.286676049232482910e+00
1.152557373046875000e+00
1.252179026603698730e+00
4.110793113708496094e+00
3.312922239303588867e+00
3.325800657272338867e+00
2.811080217361450195e+00
2.848725795745849609e+00
2.520485639572143555e+00
2.191139221191406250e+00
1.542749762535095215e+00
1.713195800781250000e+00
1.266462087631225586e+00
1.643213748931884766e+00
1.604240655899047852e+00
3.319569528102874756e-01
3.601591289043426514e-01
1.171810746192932129e+00
1.665211200714111328e+00
2.180111885070800781e+00
1.705329418182373047e+00
1.442235827445983887e+00
8.024513125419616699e-01
1.234778285026550293e+00
1.076835155487060547e+00
1.253249526023864746e+00
3.693525552749633789e+00
2.896991491317749023e+00
2.914916753768920898e+00
2.397858381271362305e+00
2.486817836761474609e+00
2.203026294708251953e+00
2.553667545318603516e+00
1.851020216941833496e+00
1.983810067176818848e+00
1.474895715713500977e+00
1.831981539726257324e+00
1.723057270050048828e+00
1.329092979431152344e-01
6.720013022422790527e-01
1.167713284492492676e+00
1.578796863555908203e+00
1.155426621437072754e+00
1.045668482780456543e+00
5.431991219520568848e-01
1.065085530281066895e+00
1.176626920700073242e+00
1.411860108375549316e+00
4.308366298675537109e+00
3.513180255889892578e+00
3.545288324356079102e+00
3.041677474975585938e+00
3.110633373260498047e+00
2.823914766311645508e+00
2.061045169830322266e+00
1.270195126533508301e+00
1.329956054687500000e+00
8.279349803924560547e-01
1.084204316139221191e+00
1.026315093040466309e+00
7.701989412307739258e-01
1.226515412330627441e+00
1.735588431358337402e+00
1.167874217033386230e+00
9.436265826225280762e-01
3.643788099288940430e-01
7.778968811035156250e-01
7.124086618423461914e-01
9.241272807121276855e-01
4.157973289489746094e+00
3.403603792190551758e+00
3.455916643142700195e+00
2.911121606826782227e+00
3.091311931610107422e+00
2.825837373733520508e+00
2.041099548339843750e+00
1.337800264358520508e+00
1.499332785606384277e+00
1.107155203819274902e+00
1.507741212844848633e+00
1.445000648498535156e+00
1.333253830671310425e-01
5.691594481468200684e-01
3.118074834346771240e-01
2.822294831275939941e-01
3.872207999229431152e-01
7.821703553199768066e-01
1.209427833557128906e+00
1.347389578819274902e+00
5.040837764739990234e+00
4.303113937377929688e+00
4.354553222656250000e+00
3.815363168716430664e+00
3.979205369949340820e+00
3.703341007232666016e+00
1.606330275535583496e+00
7.912328839302062988e-01
7.611507177352905273e-01
4.729843139648437500e-01
7.480257749557495117e-01
7.838445901870727539e-01
3.561853468418121338e-01
2.993226051330566406e-01
5.016642212867736816e-01
9.181215167045593262e-01
1.183662772178649902e+00
1.715182662010192871e+00
1.901327610015869141e+00
5.507862567901611328e+00
4.786232471466064453e+00
4.859119892120361328e+00
4.316925525665283203e+00
4.506786346435546875e+00
4.245995998382568359e+00
1.652719378471374512e+00
9.198737740516662598e-01
8.144737482070922852e-01
7.062302827835083008e-01
6.577012538909912109e-01
7.539828419685363770e-01
3.232038617134094238e-01
7.152713537216186523e-01
1.355854749679565430e+00
1.474129676818847656e+00
2.047385454177856445e+00
2.148300647735595703e+00
6.008721828460693359e+00
5.300444126129150391e+00
5.355998516082763672e+00
4.810508728027343750e+00
4.988616943359375000e+00
4.705917358398437500e+00
1.371369957923889160e+00
7.650642991065979004e-01
6.806045770645141602e-01
7.808158397674560547e-01
5.431096553802490234e-01
9.912110567092895508e-01
2.926737070083618164e-01
8.144594430923461914e-01
1.035471200942993164e+00
1.516259193420410156e+00
1.589082002639770508e+00
5.463173389434814453e+00
4.725889682769775391e+00
4.781665802001953125e+00
4.237353324890136719e+00
4.419801235198974609e+00
4.132871627807617188e+00
1.200478434562683105e+00
3.816345036029815674e-01
5.448716282844543457e-01
3.560403585433959961e-01
7.854964733123779297e-01
1.111353874206542969e+00
4.441892802715301514e-01
6.021710634231567383e-01
1.157815933227539062e+00
1.350282549858093262e+00
5.081802845001220703e+00
4.395419597625732422e+00
4.494148731231689453e+00
3.941039085388183594e+00
4.193216323852539062e+00
3.957791328430175781e+00
1.670094251632690430e+00
9.600688815116882324e-01
1.171966671943664551e+00
8.616825938224792480e-01
1.320987343788146973e+00
1.308483242988586426e+00
1.332663893699645996e-01
5.716852545738220215e-01
8.720021843910217285e-01
4.364015579223632812e+00
3.680190801620483398e+00
3.790797710418701172e+00
3.237267017364501953e+00
3.489777088165283203e+00
3.236621856689453125e+00
1.867172718048095703e+00
1.136031985282897949e+00
1.324935436248779297e+00
9.179511666297912598e-01
1.445030212402343750e+00
1.512384772300720215e+00
3.452664911746978760e-01
7.425180077552795410e-01
4.187793254852294922e+00
3.525455236434936523e+00
3.675912857055664062e+00
3.122678995132446289e+00
3.482183456420898438e+00
3.316874265670776367e+00
2.248857259750366211e+00
1.512128114700317383e+00
1.763005971908569336e+00
1.322769641876220703e+00
1.891599774360656738e+00
1.896019339561462402e+00
1.325992345809936523e-01
3.865602254867553711e+00
3.145497560501098633e+00
3.261737346649169922e+00
2.706662178039550781e+00
3.048805952072143555e+00
2.862539052963256836e+00
2.401283502578735352e+00
1.753802537918090820e+00
2.113696575164794922e+00
1.671820282936096191e+00
2.277720928192138672e+00
2.325517892837524414e+00
3.797201156616210938e+00
3.047767162322998047e+00
3.149313688278198242e+00
2.605610370635986328e+00
2.943978071212768555e+00
2.726885557174682617e+00
2.114170312881469727e+00
1.719350576400756836e+00
2.054206848144531250e+00
1.741089224815368652e+00
2.332884788513183594e+00
2.476712703704833984e+00
6.378742456436157227e-01
5.866894721984863281e-01
1.039195775985717773e+00
1.335489988327026367e+00
1.959113121032714844e+00
6.068419456481933594e+00
5.584570884704589844e+00
5.863718032836914062e+00
5.361430168151855469e+00
5.810162544250488281e+00
5.712690830230712891e+00
1.335541456937789917e-01
3.273249864578247070e-01
6.688799262046813965e-01
1.241395831108093262e+00
5.271931171417236328e+00
4.811904907226562500e+00
5.093320846557617188e+00
4.594187259674072266e+00
5.018064975738525391e+00
4.917716026306152344e+00
1.328100115060806274e-01
4.122589826583862305e-01
1.004924893379211426e+00
5.300826072692871094e+00
4.847536087036132812e+00
5.093172550201416016e+00
4.617192745208740234e+00
5.037011623382568359e+00
4.947099685668945312e+00
1.333446949720382690e-01
6.965296268463134766e-01
4.787868499755859375e+00
4.339628696441650391e+00
4.565811634063720703e+00
4.213596343994140625e+00
4.520789623260498047e+00
4.447947502136230469e+00
3.936063349246978760e-01
4.940185070037841797e+00
4.475092411041259766e+00
4.669966697692871094e+00
4.212471008300781250e+00
4.573780059814453125e+00
4.485711097717285156e+00
4.544866561889648438e+00
4.127021789550781250e+00
4.336207866668701172e+00
3.908619880676269531e+00
4.239357948303222656e+00
4.148286819458007812e+00
6.357899904251098633e-01
5.899657607078552246e-01
1.041547298431396484e+00
1.335942864418029785e+00
1.945932984352111816e+00
1.350945383310317993e-01
3.370790779590606689e-01
6.707676649093627930e-01
1.229467034339904785e+00
1.333824396133422852e-01
4.148975908756256104e-01
1.000922560691833496e+00
1.325599551200866699e-01
6.934049129486083984e-01
3.934019505977630615e-01
