5.192718505859375000e-01
7.263675928115844727e-01
1.482860207557678223e+00
3.517101526260375977e+00
2.800271034240722656e+00
2.236564636230468750e+00
1.749498724937438965e+00
1.675361514091491699e+00
2.657265424728393555e+00
2.186765193939208984e+00
2.166026115417480469e+00
1.713281273841857910e+00
1.393503546714782715e+00
1.619252204895019531e+00
4.214929103851318359e+00
3.523159265518188477e+00
3.640670537948608398e+00
4.031941413879394531e+00
2.966012239456176758e+00
3.052986383438110352e+00
2.874799728393554688e+00
2.908658981323242188e+00
2.980386734008789062e+00
2.436286926269531250e+00
2.718228101730346680e+00
3.500676870346069336e+00
3.700906038284301758e+00
3.656690359115600586e+00
4.087756633758544922e+00
4.483941078186035156e+00
4.426438808441162109e+00
4.798432826995849609e+00
4.140547752380371094e+00
5.265220642089843750e+00
5.065893173217773438e+00
4.891590595245361328e+00
4.887241363525390625e+00
4.890172004699707031e+00
4.192331314086914062e+00
3.061986207962036133e+00
3.220571994781494141e+00
3.671050310134887695e+00
3.031536340713500977e+00
3.602574825286865234e+00
4.052851676940917969e+00
3.753996372222900391e+00
4.284576416015625000e+00
4.769310474395751953e+00
4.930834770202636719e+00
4.540983200073242188e+00
4.224052429199218750e+00
3.459494352340698242e+00
3.477718830108642578e+00
3.613287925720214844e+00
4.814149379730224609e+00
4.985665798187255859e+00
4.296861171722412109e+00
4.594562053680419922e+00
4.283209800720214844e+00
4.718446731567382812e+00
5.082903385162353516e+00
5.040882587432861328e+00
3.935658931732177734e+00
3.908721446990966797e+00
3.512080192565917969e+00
3.898070096969604492e+00
2.844210624694824219e+00
2.062829732894897461e+00
2.166888475418090820e+00
2.035724163055419922e+00
2.354748249053955078e+00
4.513507366180419922e+00
3.746622800827026367e+00
1.404938459396362305e+00
1.260505318641662598e+00
1.264688491821289062e+00
3.465489447116851807e-01
2.042564153671264648e+00
4.305066585540771484e+00
3.672904014587402344e+00
2.944947481155395508e+00
1.608532428741455078e+00
1.538087606430053711e+00
2.259127855300903320e+00
1.708902359008789062e+00
1.794252634048461914e+00
1.365224838256835938e+00
1.380753517150878906e+00
1.621281504631042480e+00
5.074600219726562500e+00
4.370357513427734375e+00
4.463850975036621094e+00
4.652417659759521484e+00
2.750626564025878906e+00
2.815780401229858398e+00
2.518872737884521484e+00
2.505440711975097656e+00
2.497954368591308594e+00
1.827735781669616699e+00
2.107750892639160156e+00
2.774957656860351562e+00
2.995168209075927734e+00
3.026583671569824219e+00
3.494302034378051758e+00
3.767798423767089844e+00
3.736209392547607422e+00
4.055055618286132812e+00
3.524660587310791016e+00
4.622130870819091797e+00
4.510059356689453125e+00
4.372727394104003906e+00
4.387867927551269531e+00
4.427581310272216797e+00
3.842591047286987305e+00
2.690578699111938477e+00
2.890001535415649414e+00
3.240826606750488281e+00
2.610836029052734375e+00
3.157265901565551758e+00
3.527733802795410156e+00
3.330953836441040039e+00
3.822253465652465820e+00
4.311497211456298828e+00
4.378583431243896484e+00
4.071599006652832031e+00
3.785693883895874023e+00
2.923108100891113281e+00
2.913009881973266602e+00
3.055088758468627930e+00
4.230127334594726562e+00
4.406947135925292969e+00
3.795041084289550781e+00
3.970739841461181641e+00
3.610625505447387695e+00
4.053748130798339844e+00
4.340961933135986328e+00
4.292397499084472656e+00
3.185333251953125000e+00
3.147293090820312500e+00
2.735697984695434570e+00
3.189616918563842773e+00
2.146800994873046875e+00
1.417103767395019531e+00
1.650709748268127441e+00
1.513224840164184570e+00
1.983286857604980469e+00
5.080183029174804688e+00
4.332364559173583984e+00
1.225040555000305176e+00
1.224105715751647949e+00
1.302607059478759766e+00
1.834944605827331543e+00
4.216479301452636719e+00
3.435951709747314453e+00
2.681318759918212891e+00
1.141861319541931152e+00
1.175949335098266602e+00
1.809909105300903320e+00
1.272853612899780273e+00
1.302410721778869629e+00
8.711833357810974121e-01
9.055868387222290039e-01
1.120534300804138184e+00
4.780162811279296875e+00
4.151928901672363281e+00
4.292589187622070312e+00
4.278944015502929688e+00
2.372897386550903320e+00
2.498248815536499023e+00
2.191571712493896484e+00
2.242864131927490234e+00
2.210540533065795898e+00
1.587574362754821777e+00
1.763939261436462402e+00
2.586004257202148438e+00
2.770187377929687500e+00
2.692807197570800781e+00
3.133601665496826172e+00
3.525891780853271484e+00
3.474189996719360352e+00
3.858944177627563477e+00
3.201789617538452148e+00
4.318746566772460938e+00
4.128047943115234375e+00
3.974629163742065430e+00
3.971233129501342773e+00
4.002565860748291016e+00
3.367643356323242188e+00
2.228550672531127930e+00
2.401340484619140625e+00
2.785935401916503906e+00
2.159196376800537109e+00
2.724855422973632812e+00
3.195491790771484375e+00
2.963395118713378906e+00
3.526567697525024414e+00
4.049821376800537109e+00
4.217119216918945312e+00
3.884782552719116211e+00
3.628261566162109375e+00
2.854700088500976562e+00
2.817673444747924805e+00
2.923430919647216797e+00
3.977046966552734375e+00
4.351790428161621094e+00
3.740131378173828125e+00
3.979989767074584961e+00
3.672647714614868164e+00
4.093142032623291016e+00
4.297480106353759766e+00
4.165560722351074219e+00
3.092361927032470703e+00
3.139476776123046875e+00
2.676916122436523438e+00
3.274793386459350586e+00
2.216453313827514648e+00
1.344677925109863281e+00
1.535093188285827637e+00
1.270328879356384277e+00
1.804779171943664551e+00
4.810731410980224609e+00
4.168031692504882812e+00
1.231797099113464355e+00
1.259791970252990723e+00
1.537101149559020996e+00
2.131945610046386719e+00
1.746234893798828125e+00
8.956285715103149414e-01
1.634844541549682617e+00
1.498089194297790527e+00
2.614344120025634766e+00
2.501016139984130859e+00
2.473300695419311523e+00
1.925938606262207031e+00
1.952506899833679199e+00
1.857223510742187500e+00
3.114044666290283203e+00
2.324872493743896484e+00
2.279352426528930664e+00
2.508219480514526367e+00
2.290428638458251953e+00
2.482660531997680664e+00
2.582585334777832031e+00
2.705883264541625977e+00
2.875716924667358398e+00
2.899413347244262695e+00
3.244169473648071289e+00
3.998088836669921875e+00
4.136087894439697266e+00
4.082511425018310547e+00
4.480115890502929688e+00
4.988966941833496094e+00
4.804008007049560547e+00
5.176041603088378906e+00
4.329935073852539062e+00
5.452153682708740234e+00
5.128170490264892578e+00
4.868411064147949219e+00
4.808535099029541016e+00
4.717000007629394531e+00
4.211600780487060547e+00
3.406336069107055664e+00
3.243704319000244141e+00
3.684898614883422852e+00
3.039866209030151367e+00
3.543055057525634766e+00
3.948103189468383789e+00
3.445715427398681641e+00
3.919556617736816406e+00
4.416704654693603516e+00
4.808241844177246094e+00
4.265443801879882812e+00
3.915431737899780273e+00
3.499187946319580078e+00
3.579341411590576172e+00
3.402530431747436523e+00
4.761878967285156250e+00
5.013809204101562500e+00
4.269512176513671875e+00
4.784433364868164062e+00
4.730123996734619141e+00
5.063537597656250000e+00
5.513988018035888672e+00
5.468448638916015625e+00
4.435955524444580078e+00
4.497858524322509766e+00
4.143824577331542969e+00
4.304366111755371094e+00
3.473609209060668945e+00
2.712712287902832031e+00
2.450349330902099609e+00
2.400911331176757812e+00
2.167519807815551758e+00
2.857810497283935547e+00
2.145844459533691406e+00
1.822790980339050293e+00
1.646128296852111816e+00
1.851989984512329102e+00
1.186678290367126465e+00
1.372023344039916992e+00
3.980047464370727539e+00
4.000320911407470703e+00
4.656420230865478516e+00
4.861169338226318359e+00
4.713687419891357422e+00
4.274208068847656250e+00
4.047312259674072266e+00
3.967282772064208984e+00
1.893289804458618164e+00
1.134533762931823730e+00
5.199425220489501953e-01
2.031894207000732422e+00
4.409830570220947266e+00
4.730867385864257812e+00
4.884721755981445312e+00
5.121469020843505859e+00
5.244502544403076172e+00
5.316301345825195312e+00
5.574746608734130859e+00
6.499974250793457031e+00
6.582097530364990234e+00
6.416317462921142578e+00
6.712508678436279297e+00
7.393008232116699219e+00
7.203643798828125000e+00
7.608855724334716797e+00
6.623516082763671875e+00
7.748462200164794922e+00
7.213121414184570312e+00
6.986074447631835938e+00
6.793099403381347656e+00
6.725018024444580078e+00
6.103816509246826172e+00
5.487456798553466797e+00
5.272560596466064453e+00
5.798667430877685547e+00
5.238514423370361328e+00
5.732356071472167969e+00
6.202592372894287109e+00
5.653157711029052734e+00
5.999162673950195312e+00
6.596441268920898438e+00
7.113499164581298828e+00
6.519920349121093750e+00
6.153492450714111328e+00
5.909438610076904297e+00
6.049050331115722656e+00
5.721880435943603516e+00
7.044261932373046875e+00
7.381308078765869141e+00
6.596869468688964844e+00
7.195673465728759766e+00
7.227051258087158203e+00
7.539837360382080078e+00
8.034252166748046875e+00
7.966147899627685547e+00
6.839468479156494141e+00
7.054044723510742188e+00
6.692744255065917969e+00
6.811322212219238281e+00
6.020205974578857422e+00
5.172667980194091797e+00
5.002120971679687500e+00
4.879513740539550781e+00
4.634295940399169922e+00
1.923551440238952637e+00
1.076391935348510742e+00
4.249583721160888672e+00
3.959376811981201172e+00
3.876374959945678711e+00
6.929277181625366211e-01
3.041800975799560547e+00
3.272148132324218750e+00
3.520690917968750000e+00
3.819763422012329102e+00
3.592192173004150391e+00
3.346344947814941406e+00
2.881744861602783203e+00
2.807601451873779297e+00
9.944643974304199219e-01
2.764417529106140137e-01
7.996312379837036133e-01
1.535722374916076660e+00
3.704827308654785156e+00
4.102073192596435547e+00
4.066105842590332031e+00
4.428610801696777344e+00
4.422779083251953125e+00
4.476806163787841797e+00
4.556811332702636719e+00
5.573918819427490234e+00
5.596625328063964844e+00
5.300192832946777344e+00
5.521909236907958984e+00
6.292547702789306641e+00
6.165036678314208984e+00
6.631591320037841797e+00
5.570343017578125000e+00
6.688166618347167969e+00
6.027493000030517578e+00
5.862512588500976562e+00
5.620447158813476562e+00
5.607665538787841797e+00
4.847816944122314453e+00
4.249975681304931641e+00
4.087344169616699219e+00
4.627511024475097656e+00
4.155409812927246094e+00
4.644575595855712891e+00
5.237693309783935547e+00
4.800135612487792969e+00
5.146613597869873047e+00
5.898346900939941406e+00
6.471323490142822266e+00
5.946226596832275391e+00
5.603225708007812500e+00
5.362682819366455078e+00
5.442258834838867188e+00
5.154136180877685547e+00
6.238881587982177734e+00
6.865985393524169922e+00
6.178161144256591797e+00
6.715085029602050781e+00
6.694084167480468750e+00
6.998329639434814453e+00
7.294239997863769531e+00
7.093319892883300781e+00
5.958934307098388672e+00
6.308108329772949219e+00
5.873433589935302734e+00
6.240302562713623047e+00
5.407275676727294922e+00
4.452096939086914062e+00
4.356503486633300781e+00
4.094174861907958984e+00
4.089989185333251953e+00
2.238641738891601562e+00
1.898243546485900879e+00
3.873854160308837891e+00
3.648481607437133789e+00
3.694630146026611328e+00
2.207254171371459961e+00
2.371161460876464844e+00
2.859269857406616211e+00
3.063838481903076172e+00
2.917293548583984375e+00
2.525082349777221680e+00
2.334355354309082031e+00
2.197554588317871094e+00
2.061734914779663086e+00
1.316515445709228516e+00
1.317194938659667969e+00
1.753048539161682129e+00
2.835579633712768555e+00
3.180761575698852539e+00
3.212853431701660156e+00
3.504953384399414062e+00
3.555141925811767578e+00
3.612620592117309570e+00
3.794803619384765625e+00
4.755808830261230469e+00
4.808203220367431641e+00
4.609426975250244141e+00
4.900456905364990234e+00
5.593632221221923828e+00
5.413660526275634766e+00
5.841893196105957031e+00
4.837100982666015625e+00
5.966378211975097656e+00
5.429985046386718750e+00
5.214437961578369141e+00
5.038475036621093750e+00
4.984419345855712891e+00
4.333072662353515625e+00
3.688123941421508789e+00
3.468544006347656250e+00
3.997624397277832031e+00
3.441362857818603516e+00
3.942509889602661133e+00
4.461087226867675781e+00
3.977521419525146484e+00
4.363958835601806641e+00
5.035534381866455078e+00
5.565801143646240234e+00
5.025808811187744141e+00
4.677358627319335938e+00
4.408329963684082031e+00
4.498596668243408203e+00
4.214877605438232422e+00
5.393308162689208984e+00
5.914469718933105469e+00
5.211132049560546875e+00
5.752962589263916016e+00
5.747489929199218750e+00
6.048277378082275391e+00
6.396192550659179688e+00
6.248437404632568359e+00
5.113410949707031250e+00
5.420311927795410156e+00
5.026225566864013672e+00
5.301862716674804688e+00
4.494542121887207031e+00
3.563800811767578125e+00
3.429652690887451172e+00
3.209149122238159180e+00
3.127498388290405273e+00
2.109706401824951172e+00
1.429262876510620117e+00
2.951608657836914062e+00
2.770392179489135742e+00
2.871070623397827148e+00
1.327382326126098633e-01
7.200229167938232422e-01
6.545695662498474121e-01
8.017383813858032227e-01
2.981803119182586670e-01
1.108384847640991211e+00
8.346267342567443848e-01
4.068701744079589844e+00
3.683810710906982422e+00
3.849073410034179688e+00
3.226310253143310547e+00
1.057412147521972656e+00
1.384027838706970215e+00
1.065723299980163574e+00
1.348666191101074219e+00
1.211081862449645996e+00
1.243501067161560059e+00
1.363581895828247070e+00
2.266033411026000977e+00
2.284094095230102539e+00
2.193251371383666992e+00
2.585382938385009766e+00
3.111535549163818359e+00
2.903208494186401367e+00
3.316332340240478516e+00
2.380965232849121094e+00
3.511423826217651367e+00
3.191754579544067383e+00
2.932576656341552734e+00
2.921418428421020508e+00
2.837860345840454102e+00
2.375981330871582031e+00
1.542186379432678223e+00
1.366073727607727051e+00
1.777001261711120605e+00
1.104782104492187500e+00
1.599652528762817383e+00
2.069062232971191406e+00
1.699792861938476562e+00
2.246310949325561523e+00
2.921469688415527344e+00
3.369345903396606445e+00
2.976335048675537109e+00
2.706812620162963867e+00
2.370044231414794922e+00
2.335771083831787109e+00
2.217430591583251953e+00
3.026016950607299805e+00
3.733872413635253906e+00
3.310271978378295898e+00
3.679723262786865234e+00
3.632647514343261719e+00
3.880275726318359375e+00
3.981970548629760742e+00
3.742578029632568359e+00
2.607734918594360352e+00
3.050629854202270508e+00
2.608897686004638672e+00
3.101907491683959961e+00
2.438052177429199219e+00
1.493740320205688477e+00
1.410068273544311523e+00
1.033208250999450684e+00
1.395688891410827637e+00
3.862799406051635742e+00
3.579224348068237305e+00
1.726375460624694824e+00
1.892155885696411133e+00
2.383942127227783203e+00
7.615094184875488281e-01
7.471281886100769043e-01
1.107147097587585449e+00
4.857425689697265625e-01
1.497192740440368652e+00
1.149125576019287109e+00
4.331933975219726562e+00
3.915632009506225586e+00
3.985557794570922852e+00
3.445140123367309570e+00
7.018924951553344727e-01
9.922196269035339355e-01
6.686038374900817871e-01
9.487347006797790527e-01
8.728044629096984863e-01
1.110231518745422363e+00
1.422226548194885254e+00
2.152702808380126953e+00
2.172300815582275391e+00
2.245135545730590820e+00
2.677531957626342773e+00
3.074325799942016602e+00
2.808929204940795898e+00
3.173580884933471680e+00
2.298566341400146484e+00
3.405618667602539062e+00
3.203035593032836914e+00
2.889583349227905273e+00
2.930885314941406250e+00
2.795616388320922852e+00
2.517039775848388672e+00
1.665701389312744141e+00
1.542879223823547363e+00
1.878304839134216309e+00
1.176072835922241211e+00
1.600047707557678223e+00
1.893943309783935547e+00
1.461137056350708008e+00
2.004294395446777344e+00
2.573561906814575195e+00
3.007566690444946289e+00
2.582882642745971680e+00
2.300950765609741211e+00
1.983856678009033203e+00
1.984161257743835449e+00
1.809042215347290039e+00
2.751268386840820312e+00
3.372896909713745117e+00
2.914205074310302734e+00
3.327080965042114258e+00
3.334382057189941406e+00
3.559824228286743164e+00
3.725401401519775391e+00
3.543695926666259766e+00
2.410973548889160156e+00
2.848167657852172852e+00
2.465338706970214844e+00
2.801394701004028320e+00
2.162251234054565430e+00
1.278053283691406250e+00
1.072609424591064453e+00
8.677742481231689453e-01
8.193712234497070312e-01
3.938640594482421875e+00
3.510834932327270508e+00
1.232398748397827148e+00
1.457384705543518066e+00
2.007580757141113281e+00
2.956224381923675537e-01
6.635532379150390625e-01
7.187073230743408203e-01
1.603718996047973633e+00
8.155612945556640625e-01
4.345704555511474609e+00
4.135288715362548828e+00
4.409379005432128906e+00
3.529385805130004883e+00
1.020371437072753906e+00
1.321560025215148926e+00
8.428243398666381836e-01
1.242368817329406738e+00
7.900211215019226074e-01
1.035546541213989258e+00
8.175958395004272461e-01
1.688635349273681641e+00
1.586254119873046875e+00
1.457614541053771973e+00
1.838808655738830566e+00
2.371148824691772461e+00
2.152692079544067383e+00
2.598598003387451172e+00
1.602532625198364258e+00
2.735814094543457031e+00
2.385689973831176758e+00
2.124927520751953125e+00
2.102448940277099609e+00
2.037462711334228516e+00
1.543433904647827148e+00
8.139070868492126465e-01
6.138125061988830566e-01
9.944721460342407227e-01
3.247414231300354004e-01
7.911827564239501953e-01
1.340739250183105469e+00
1.056436061859130859e+00
1.596081972122192383e+00
2.405611753463745117e+00
2.900172710418701172e+00
2.605360031127929688e+00
2.408215045928955078e+00
2.189212799072265625e+00
2.144236087799072266e+00
1.893566370010375977e+00
2.395534038543701172e+00
3.349987745285034180e+00
3.144329786300659180e+00
3.417028665542602539e+00
3.405673503875732422e+00
3.581295013427734375e+00
3.478202104568481445e+00
3.114996433258056641e+00
2.005801200866699219e+00
2.624964952468872070e+00
2.117875099182128906e+00
2.841066122055053711e+00
2.278396368026733398e+00
1.488532543182373047e+00
1.620743751525878906e+00
1.143648505210876465e+00
1.630424261093139648e+00
4.298765659332275391e+00
4.262922286987304688e+00
2.494294404983520508e+00
2.776316165924072266e+00
3.308472156524658203e+00
3.119572699069976807e-01
3.274501860141754150e-01
1.225331783294677734e+00
8.034517168998718262e-01
4.844749450683593750e+00
4.494097232818603516e+00
4.719407558441162109e+00
4.108984947204589844e+00
1.280013918876647949e+00
1.374932646751403809e+00
9.250109791755676270e-01
9.811070561408996582e-01
7.829563021659851074e-01
2.138628214597702026e-01
6.026317477226257324e-01
1.343378424644470215e+00
1.469793915748596191e+00
1.511600375175476074e+00
1.942478179931640625e+00
2.331185102462768555e+00
2.149279356002807617e+00
2.535043954849243164e+00
1.758721828460693359e+00
2.894169807434082031e+00
2.712659597396850586e+00
2.509781599044799805e+00
2.511769294738769531e+00
2.491258382797241211e+00
1.950006246566772461e+00
9.921033978462219238e-01
9.577246308326721191e-01
1.308801293373107910e+00
6.335354447364807129e-01
1.205872058868408203e+00
1.637910127639770508e+00
1.443293213844299316e+00
2.022608995437622070e+00
2.611947536468505859e+00
2.821340084075927734e+00
2.566299200057983398e+00
2.367681264877319336e+00
1.765345454216003418e+00
1.612966537475585938e+00
1.560758352279663086e+00
2.474355459213256836e+00
3.036827802658081055e+00
2.695109844207763672e+00
2.861290216445922852e+00
2.712636709213256836e+00
2.996599435806274414e+00
3.057697772979736328e+00
2.872308969497680664e+00
1.768058776855468750e+00
2.035048007965087891e+00
1.590402007102966309e+00
2.194364309310913086e+00
1.452970743179321289e+00
6.367161273956298828e-01
8.460847139358520508e-01
3.655663132667541504e-01
1.005167603492736816e+00
4.800828456878662109e+00
4.522238731384277344e+00
1.849676251411437988e+00
2.181863784790039062e+00
2.733742713928222656e+00
1.329609155654907227e-01
8.984901309013366699e-01
3.320459723472595215e-01
4.644757747650146484e+00
4.289383411407470703e+00
4.567941188812255859e+00
4.075241088867187500e+00
1.843473911285400391e+00
2.103291749954223633e+00
1.647573471069335938e+00
1.812808871269226074e+00
1.499771714210510254e+00
1.162793755531311035e+00
7.166870236396789551e-01
1.806746602058410645e+00
1.783408641815185547e+00
1.477132678031921387e+00
1.804389715194702148e+00
2.466583490371704102e+00
2.378166675567626953e+00
2.886253833770751953e+00
2.006625413894653320e+00
3.106575250625610352e+00
2.707121849060058594e+00
2.605833292007446289e+00
2.508570671081542969e+00
2.606668472290039062e+00
1.966174721717834473e+00
7.959191203117370605e-01
9.733967185020446777e-01
1.323586106300354004e+00
8.398026823997497559e-01
1.401448488235473633e+00
2.039558172225952148e+00
1.939021468162536621e+00
2.483297109603881836e+00
3.233393669128417969e+00
3.566982030868530273e+00
3.338257789611816406e+00
3.151577234268188477e+00
2.682337045669555664e+00
2.546947240829467773e+00
2.400600194931030273e+00
3.023661375045776367e+00
3.866602659225463867e+00
3.637897968292236328e+00
3.763597011566162109e+00
3.614942312240600586e+00
3.884602069854736328e+00
3.753363609313964844e+00
3.383354187011718750e+00
2.320441722869873047e+00
2.747471094131469727e+00
2.180629014968872070e+00
3.094499349594116211e+00
2.310105562210083008e+00
1.540868520736694336e+00
1.743588328361511230e+00
1.209310054779052734e+00
1.902561664581298828e+00
4.830651283264160156e+00
4.515005588531494141e+00
2.458814859390258789e+00
2.629423379898071289e+00
3.065702199935913086e+00
6.376836895942687988e-01
3.963944613933563232e-01
4.506048202514648438e+00
4.081769466400146484e+00
4.205665111541748047e+00
3.794441461563110352e+00
1.332688331604003906e+00
1.598145127296447754e+00
1.196139216423034668e+00
1.396281838417053223e+00
1.285099625587463379e+00
1.006517648696899414e+00
9.762521982192993164e-01
2.008704185485839844e+00
2.067519187927246094e+00
1.770797729492187500e+00
2.127313137054443359e+00
2.754686117172241211e+00
2.677344799041748047e+00
3.165913820266723633e+00
2.306923866271972656e+00
3.414216995239257812e+00
3.044276714324951172e+00
2.914651632308959961e+00
2.857209205627441406e+00
2.915267944335937500e+00
2.199194192886352539e+00
1.097392201423645020e+00
1.250474929809570312e+00
1.650683522224426270e+00
1.083628416061401367e+00
1.654703855514526367e+00
2.172357082366943359e+00
1.869853019714355469e+00
2.443327426910400391e+00
3.062478303909301758e+00
3.412292480468750000e+00
3.056310415267944336e+00
2.802225112915039062e+00
2.338734149932861328e+00
2.255517005920410156e+00
2.194999694824218750e+00
3.075774192810058594e+00
3.707075595855712891e+00
3.274542570114135742e+00
3.571863889694213867e+00
3.455346345901489258e+00
3.742305278778076172e+00
3.844300031661987305e+00
3.586149930953979492e+00
2.478928565979003906e+00
2.825230360031127930e+00
2.327714920043945312e+00
2.943957090377807617e+00
2.191149711608886719e+00
1.226820826530456543e+00
1.260137319564819336e+00
7.658753991127014160e-01
1.322783112525939941e+00
4.399160861968994141e+00
3.982475042343139648e+00
1.733870387077331543e+00
1.915159106254577637e+00
2.401502609252929688e+00
1.330388784408569336e-01
4.036718368530273438e+00
3.599655151367187500e+00
3.913560390472412109e+00
3.738359212875366211e+00
2.453610420227050781e+00
2.758288860321044922e+00
2.390321254730224609e+00
2.579172611236572266e+00
2.430338859558105469e+00
1.947445154190063477e+00
1.783780217170715332e+00
2.816900491714477539e+00
2.862347126007080078e+00
2.472103595733642578e+00
2.811325073242187500e+00
3.523360013961791992e+00
3.487620115280151367e+00
3.953361749649047852e+00
3.153316974639892578e+00
4.244576930999755859e+00
3.749958753585815430e+00
3.662329912185668945e+00
3.517928361892700195e+00
3.617561817169189453e+00
2.732064723968505859e+00
1.625492095947265625e+00
1.840809702873229980e+00
2.332599639892578125e+00
1.858432292938232422e+00
2.426778554916381836e+00
3.127935886383056641e+00
2.923694133758544922e+00
3.463330268859863281e+00
4.219072341918945312e+00
4.545902729034423828e+00
4.233273506164550781e+00
3.989584445953369141e+00
3.430193185806274414e+00
3.328694581985473633e+00
3.304637908935546875e+00
4.120760440826416016e+00
4.795071601867675781e+00
4.358693599700927734e+00
4.571653842926025391e+00
4.335638046264648438e+00
4.686243534088134766e+00
4.716269969940185547e+00
4.430462837219238281e+00
3.378353357315063477e+00
3.610577583312988281e+00
3.086426734924316406e+00
3.876346349716186523e+00
2.932215690612792969e+00
1.980399131774902344e+00
2.177722692489624023e+00
1.725324749946594238e+00
2.371378421783447266e+00
4.518129825592041016e+00
4.090639114379882812e+00
2.337005853652954102e+00
2.333787679672241211e+00
2.620042085647583008e+00
3.921203136444091797e+00
3.519498825073242188e+00
3.814608097076416016e+00
3.503793478012084961e+00
1.930638790130615234e+00
2.320408582687377930e+00
1.889002799987792969e+00
2.218995809555053711e+00
1.933524131774902344e+00
1.702997565269470215e+00
1.375108599662780762e+00
2.464931964874267578e+00
2.424800872802734375e+00
2.029938459396362305e+00
2.245658159255981445e+00
3.032292604446411133e+00
2.979692935943603516e+00
3.505825281143188477e+00
2.495614290237426758e+00
3.592061519622802734e+00
3.029707670211791992e+00
2.915129423141479492e+00
2.792082548141479492e+00
2.837455511093139648e+00
1.999205827713012695e+00
9.734839797019958496e-01
1.119884490966796875e+00
1.577000021934509277e+00
1.195227384567260742e+00
1.671934366226196289e+00
2.418955087661743164e+00
2.316205024719238281e+00
2.791106462478637695e+00
3.593049526214599609e+00
4.057371139526367188e+00
3.760705471038818359e+00
3.535379409790039062e+00
3.169867515563964844e+00
3.066858530044555664e+00
2.938055753707885742e+00
3.513725280761718750e+00
4.432729721069335938e+00
4.127549648284912109e+00
4.343811511993408203e+00
4.196423053741455078e+00
4.478898048400878906e+00
4.401366710662841797e+00
4.033268928527832031e+00
2.961146593093872070e+00
3.381403684616088867e+00
2.824980497360229492e+00
3.680477142333984375e+00
2.855273008346557617e+00
1.961717844009399414e+00
2.120857238769531250e+00
1.595554709434509277e+00
2.233519554138183594e+00
4.282844066619873047e+00
3.907428026199340820e+00
2.422392368316650391e+00
2.452191114425659180e+00
2.792730808258056641e+00
1.329427212476730347e-01
1.308175086975097656e+00
1.338307380676269531e+00
4.385998249053955078e+00
4.941167354583740234e+00
4.923126697540283203e+00
5.437135696411132812e+00
5.321575641632080078e+00
5.605197429656982422e+00
5.613406658172607422e+00
6.629161357879638672e+00
6.565200328826904297e+00
6.213486671447753906e+00
6.366466045379638672e+00
7.184728622436523438e+00
7.071681499481201172e+00
7.541704177856445312e+00
6.385130882263183594e+00
7.449890136718750000e+00
6.653542041778564453e+00
6.506330013275146484e+00
6.176956653594970703e+00
6.170851230621337891e+00
5.447178363800048828e+00
5.134185314178466797e+00
4.887763977050781250e+00
5.389745712280273438e+00
5.006400108337402344e+00
5.380107879638671875e+00
6.022370338439941406e+00
5.581940650939941406e+00
5.802831649780273438e+00
6.638534069061279297e+00
7.315514564514160156e+00
6.799971580505371094e+00
6.466636180877685547e+00
6.394585132598876953e+00
6.506844520568847656e+00
6.095017433166503906e+00
7.023233890533447266e+00
7.822155475616455078e+00
7.184208869934082031e+00
7.772206306457519531e+00
7.848460197448730469e+00
8.099045753479003906e+00
8.336440086364746094e+00
8.074828147888183594e+00
6.952262401580810547e+00
7.434705734252929688e+00
6.991416454315185547e+00
7.362099170684814453e+00
6.640238285064697266e+00
5.677747249603271484e+00
5.552853584289550781e+00
5.266579627990722656e+00
5.217141151428222656e+00
2.050843477249145508e+00
2.276060104370117188e+00
5.184913635253906250e+00
5.005451202392578125e+00
5.091960906982421875e+00
5.787146091461181641e-01
1.309225678443908691e+00
4.197709560394287109e+00
4.638546466827392578e+00
4.627634525299072266e+00
5.022088050842285156e+00
5.016579627990722656e+00
5.205451011657714844e+00
5.265859127044677734e+00
6.251008033752441406e+00
6.256579875946044922e+00
5.967351913452148438e+00
6.154368877410888672e+00
6.949160575866699219e+00
6.818296432495117188e+00
7.275708198547363281e+00
6.189285278320312500e+00
7.296845912933349609e+00
6.577065467834472656e+00
6.419746398925781250e+00
6.138478755950927734e+00
6.128698825836181641e+00
5.380521297454833984e+00
4.886662960052490234e+00
4.696278572082519531e+00
5.225515365600585938e+00
4.779749393463134766e+00
5.233592033386230469e+00
5.822243213653564453e+00
5.351595401763916016e+00
5.653378486633300781e+00
6.406532287597656250e+00
7.009996414184570312e+00
6.466887950897216797e+00
6.118374347686767578e+00
5.938604831695556641e+00
6.046108722686767578e+00
5.698850154876708984e+00
6.824340820312500000e+00
7.424479961395263672e+00
6.740618228912353516e+00
7.293967247009277344e+00
7.320508956909179688e+00
7.609795570373535156e+00
7.934694766998291016e+00
7.742185115814208984e+00
6.649107933044433594e+00
6.978225231170654297e+00
6.556951045989990234e+00
6.869075298309326172e+00
6.071283817291259766e+00
5.204303741455078125e+00
5.006246089935302734e+00
4.832115173339843750e+00
4.685836791992187500e+00
1.935703516006469727e+00
1.860869765281677246e+00
4.489066123962402344e+00
4.258006572723388672e+00
4.280448913574218750e+00
1.264575719833374023e+00
4.262930870056152344e+00
4.617590904235839844e+00
4.719878196716308594e+00
5.057038307189941406e+00
5.122191905975341797e+00
5.274366855621337891e+00
5.465930938720703125e+00
6.421000480651855469e+00
6.452867031097412109e+00
6.247265815734863281e+00
6.499804496765136719e+00
7.224819183349609375e+00
7.044409275054931641e+00
7.465944290161132812e+00
6.417510032653808594e+00
7.530641078948974609e+00
6.919955730438232422e+00
6.706366539001464844e+00
6.473022937774658203e+00
6.414914608001708984e+00
5.785560607910156250e+00
5.261146068572998047e+00
5.021212577819824219e+00
5.542809963226318359e+00
5.022318840026855469e+00
5.487983226776123047e+00
5.996584892272949219e+00
5.462938308715820312e+00
5.765918254852294922e+00
6.438260078430175781e+00
7.015865802764892578e+00
6.438888549804687500e+00
6.079034805297851562e+00
5.906479835510253906e+00
6.046004772186279297e+00
5.670361518859863281e+00
6.881777286529541016e+00
7.375467777252197266e+00
6.626235485076904297e+00
7.235168933868408203e+00
7.298368930816650391e+00
7.585099220275878906e+00
8.004511833190917969e+00
7.878868579864501953e+00
6.745339870452880859e+00
7.060353755950927734e+00
6.688667774200439453e+00
6.868555068969726562e+00
6.098951339721679688e+00
5.207504272460937500e+00
5.038547039031982422e+00
4.864743232727050781e+00
4.658700466156005859e+00
1.349219083786010742e+00
9.713866710662841797e-01
4.420886516571044922e+00
4.178745746612548828e+00
4.175617694854736328e+00
3.165339946746826172e+00
3.611856222152709961e+00
3.806856632232666016e+00
4.338384628295898438e+00
4.222668647766113281e+00
4.749665260314941406e+00
4.885026454925537109e+00
5.778379917144775391e+00
5.696092605590820312e+00
5.506288051605224609e+00
5.725451946258544922e+00
6.431777000427246094e+00
6.223185062408447266e+00
6.614219665527343750e+00
5.453197002410888672e+00
6.533603191375732422e+00
5.874608039855957031e+00
5.630671024322509766e+00
5.356936454772949219e+00
5.264047145843505859e+00
4.759023189544677734e+00
4.625215053558349609e+00
4.194858074188232422e+00
4.647758483886718750e+00
4.177666664123535156e+00
4.504045486450195312e+00
4.998461723327636719e+00
4.445574760437011719e+00
4.612346172332763672e+00
5.358159065246582031e+00
6.049312114715576172e+00
5.504481792449951172e+00
5.168256282806396484e+00
5.222877502441406250e+00
5.395350933074951172e+00
4.861614704132080078e+00
5.842004299163818359e+00
6.586923599243164062e+00
5.929566383361816406e+00
6.579351902008056641e+00
6.757963657379150391e+00
6.975117683410644531e+00
7.282945632934570312e+00
7.077480316162109375e+00
5.984970569610595703e+00
6.501681327819824219e+00
6.112348079681396484e+00
6.299394130706787109e+00
5.744679450988769531e+00
4.842428684234619141e+00
4.637114048004150391e+00
4.423566818237304688e+00
4.168920040130615234e+00
7.539404034614562988e-01
1.557520270347595215e+00
4.370718479156494141e+00
4.294995784759521484e+00
4.523521423339843750e+00
4.443611800670623779e-01
3.079871237277984619e-01
8.131039142608642578e-01
6.889870166778564453e-01
1.527176737785339355e+00
1.875280737876892090e+00
2.319520950317382812e+00
2.268457889556884766e+00
2.523808479309082031e+00
2.910385847091674805e+00
3.231313943862915039e+00
2.857173919677734375e+00
3.169955968856811523e+00
2.260333776473999023e+00
3.326539516448974609e+00
3.067155361175537109e+00
2.695727586746215820e+00
2.614790439605712891e+00
2.406442165374755859e+00
2.317882061004638672e+00
1.940677762031555176e+00
1.763025283813476562e+00
1.957122087478637695e+00
1.385733246803283691e+00
1.604838967323303223e+00
1.701795458793640137e+00
1.066000103950500488e+00
1.459208250045776367e+00
2.063053607940673828e+00
2.603749990463256836e+00
2.126115798950195312e+00
1.823558211326599121e+00
1.777416229248046875e+00
1.883867740631103516e+00
1.425238490104675293e+00
2.413765192031860352e+00
3.079549789428710938e+00
2.625317335128784180e+00
3.137957572937011719e+00
3.270512104034423828e+00
3.463834047317504883e+00
3.665847539901733398e+00
3.496564626693725586e+00
2.435127735137939453e+00
2.975216388702392578e+00
2.586586236953735352e+00
2.787561416625976562e+00
2.451662778854370117e+00
1.662706613540649414e+00
1.562137126922607422e+00
1.184345245361328125e+00
1.141516566276550293e+00
3.634715557098388672e+00
3.641479015350341797e+00
2.246829986572265625e+00
2.415563344955444336e+00
3.170128107070922852e+00
1.330172866582870483e-01
4.209636747837066650e-01
5.864591002464294434e-01
1.453103065490722656e+00
1.845788359642028809e+00
2.040603876113891602e+00
2.088843107223510742e+00
2.568023920059204102e+00
2.950461864471435547e+00
3.103407382965087891e+00
2.663091659545898438e+00
2.913748025894165039e+00
2.183058261871337891e+00
3.163336515426635742e+00
3.236479759216308594e+00
2.807305097579956055e+00
2.960877895355224609e+00
2.703418970108032227e+00
2.870079040527343750e+00
2.171941995620727539e+00
2.061052560806274414e+00
2.137918472290039062e+00
1.653817415237426758e+00
1.714461207389831543e+00
1.524250984191894531e+00
9.473918676376342773e-01
1.232412219047546387e+00
1.630458950996398926e+00
2.073068380355834961e+00
1.562689781188964844e+00
1.250560283660888672e+00
1.228834629058837891e+00
1.382603287696838379e+00
8.338787555694580078e-01
2.023034334182739258e+00
2.512727499008178711e+00
2.042943239212036133e+00
2.570563554763793945e+00
2.745359182357788086e+00
2.929961204528808594e+00
3.204218387603759766e+00
3.113100290298461914e+00
2.128521442413330078e+00
2.609796524047851562e+00
2.213396787643432617e+00
2.303313493728637695e+00
2.133458614349365234e+00
1.529179096221923828e+00
1.400677561759948730e+00
9.725793004035949707e-01
8.970758318901062012e-01
3.875104904174804688e+00
3.864600181579589844e+00
2.110394239425659180e+00
2.217663764953613281e+00
3.092746734619140625e+00
3.423307836055755615e-01
3.263005614280700684e-01
1.079982995986938477e+00
1.524525880813598633e+00
1.843921184539794922e+00
1.862016081809997559e+00
2.208691358566284180e+00
2.639481544494628906e+00
2.859368562698364258e+00
2.483376026153564453e+00
2.790107488632202148e+00
1.958715081214904785e+00
3.024317026138305664e+00
2.879984855651855469e+00
2.477316617965698242e+00
2.540159463882446289e+00
2.296768903732299805e+00
2.339636087417602539e+00
1.708688974380493164e+00
1.558574676513671875e+00
1.698713421821594238e+00
1.164532423019409180e+00
1.312014937400817871e+00
1.393212437629699707e+00
7.027320265769958496e-01
1.125096678733825684e+00
1.742149710655212402e+00
2.252939462661743164e+00
1.785027742385864258e+00
1.474965214729309082e+00
1.353328943252563477e+00
1.421024322509765625e+00
1.039068102836608887e+00
2.081252813339233398e+00
2.684553384780883789e+00
2.232306003570556641e+00
2.711258649826049805e+00
2.810107231140136719e+00
3.008795976638793945e+00
3.218431949615478516e+00
3.073318004608154297e+00
1.993782520294189453e+00
2.477302551269531250e+00
2.087283611297607422e+00
2.314749956130981445e+00
1.959132552146911621e+00
1.214150190353393555e+00
1.150418758392333984e+00
7.737799286842346191e-01
8.479062914848327637e-01
4.290020942687988281e+00
4.156898498535156250e+00
2.085554599761962891e+00
2.328961849212646484e+00
3.088481903076171875e+00
1.330239176750183105e-01
7.981922030448913574e-01
1.212870359420776367e+00
1.355337977409362793e+00
1.525044560432434082e+00
2.085417747497558594e+00
2.532408714294433594e+00
2.558098793029785156e+00
2.150331258773803711e+00
2.408050298690795898e+00
1.843570470809936523e+00
2.827858686447143555e+00
3.043305873870849609e+00
2.656687974929809570e+00
2.858667373657226562e+00
2.684217453002929688e+00
2.814212560653686523e+00
1.923362493515014648e+00
1.922012567520141602e+00
1.967403054237365723e+00
1.475219726562500000e+00
1.624652266502380371e+00
1.337194442749023438e+00
9.876649975776672363e-01
1.062851071357727051e+00
1.390688300132751465e+00
1.703079700469970703e+00
1.209273934364318848e+00
9.211362004280090332e-01
6.684010028839111328e-01
8.254432082176208496e-01
3.986143469810485840e-01
1.759590029716491699e+00
2.021843671798706055e+00
1.532873749732971191e+00
2.013086080551147461e+00
2.176806449890136719e+00
2.364704847335815430e+00
2.647746324539184570e+00
2.571048736572265625e+00
1.527796268463134766e+00
1.904184579849243164e+00
1.505080699920654297e+00
1.724431395530700684e+00
1.432113289833068848e+00
9.272924661636352539e-01
8.968653082847595215e-01
5.120114684104919434e-01
6.498257517814636230e-01
4.729439735412597656e+00
4.455494403839111328e+00
1.955679655075073242e+00
2.207102775573730469e+00
2.995394229888916016e+00
5.672629475593566895e-01
9.577927589416503906e-01
1.269155383110046387e+00
1.289618492126464844e+00
1.729561448097229004e+00
2.174042224884033203e+00
2.298722505569458008e+00
1.928608179092407227e+00
2.240252733230590820e+00
1.538712024688720703e+00
2.586311340332031250e+00
2.564941644668579102e+00
2.151926040649414062e+00
2.284278392791748047e+00
2.048820018768310547e+00
2.192200899124145508e+00
1.511661887168884277e+00
1.397220730781555176e+00
1.453248500823974609e+00
9.837884306907653809e-01
1.023936629295349121e+00
9.860908985137939453e-01
4.340417683124542236e-01
9.664775729179382324e-01
1.588213682174682617e+00
2.016640424728393555e+00
1.654317259788513184e+00
1.418891072273254395e+00
1.073200345039367676e+00
1.084077239036560059e+00
8.624550700187683105e-01
1.772297620773315430e+00
2.375936746597290039e+00
2.023697137832641602e+00
2.396291255950927734e+00
2.454196929931640625e+00
2.647041797637939453e+00
2.733991146087646484e+00
2.541156053543090820e+00
1.429280996322631836e+00
1.961538672447204590e+00
1.598979234695434570e+00
1.940769910812377930e+00
1.599403262138366699e+00
9.989132881164550781e-01
1.028489708900451660e+00
6.828211545944213867e-01
8.765941858291625977e-01
4.731379508972167969e+00
4.608337879180908203e+00
2.158687591552734375e+00
2.450893640518188477e+00
3.191299676895141602e+00
3.507202863693237305e-01
5.504502058029174805e-01
7.431881427764892578e-01
1.270399451255798340e+00
1.796058773994445801e+00
1.709213614463806152e+00
1.499964356422424316e+00
1.826537966728210449e+00
1.355498194694519043e+00
2.385803937911987305e+00
2.607107400894165039e+00
2.325368642807006836e+00
2.472114562988281250e+00
2.441428661346435547e+00
2.411282300949096680e+00
1.414721131324768066e+00
1.564568758010864258e+00
1.573726177215576172e+00
1.167148828506469727e+00
1.376262187957763672e+00
1.277966380119323730e+00
1.285383224487304688e+00
1.686403870582580566e+00
2.205724716186523438e+00
2.320586681365966797e+00
2.171446800231933594e+00
2.009998798370361328e+00
1.491445541381835938e+00
1.306497335433959961e+00
1.134126782417297363e+00
1.932097434997558594e+00
2.513821601867675781e+00
2.416283607482910156e+00
2.369861364364624023e+00
2.256876945495605469e+00
2.476566553115844727e+00
2.337799549102783203e+00
2.089097499847412109e+00
1.023510098457336426e+00
1.342018604278564453e+00
8.459573984146118164e-01
1.716480612754821777e+00
1.141942620277404785e+00
4.924364089965820312e-01
7.170885205268859863e-01
3.585777878761291504e-01
9.868978261947631836e-01
5.270113468170166016e+00
4.887271404266357422e+00
1.886827826499938965e+00
2.257606506347656250e+00
2.804368495941162109e+00
3.638789951801300049e-01
4.483872354030609131e-01
8.077922463417053223e-01
1.328647971153259277e+00
1.254142045974731445e+00
1.157470703125000000e+00
1.539159417152404785e+00
1.008208155632019043e+00
2.058070898056030273e+00
2.217372179031372070e+00
2.048202753067016602e+00
2.166962385177612305e+00
2.232248544692993164e+00
1.906092524528503418e+00
8.850600719451904297e-01
1.094364047050476074e+00
1.269000768661499023e+00
9.059608578681945801e-01
1.226435899734497070e+00
1.176989078521728516e+00
1.353453516960144043e+00
1.782531380653381348e+00
2.226580619812011719e+00
2.357025861740112305e+00
2.283969879150390625e+00
2.219063282012939453e+00
1.777896285057067871e+00
1.499561190605163574e+00
1.322583556175231934e+00
1.806582331657409668e+00
2.576509952545166016e+00
2.635186672210693359e+00
2.511339664459228516e+00
2.444366931915283203e+00
2.579746961593627930e+00
2.314470767974853516e+00
1.948356151580810547e+00
8.679412007331848145e-01
1.418009996414184570e+00
7.804709672927856445e-01
1.905180454254150391e+00
1.433229446411132812e+00
1.223102807998657227e+00
1.461816906929016113e+00
1.087207674980163574e+00
1.757135391235351562e+00
5.549367904663085938e+00
5.240548610687255859e+00
2.564654588699340820e+00
2.865814685821533203e+00
3.365266323089599609e+00
1.329741477966308594e-01
1.017568230628967285e+00
1.334635972976684570e+00
8.919469118118286133e-01
7.479240298271179199e-01
1.022717714309692383e+00
9.481298327445983887e-01
1.684041738510131836e+00
2.072140455245971680e+00
2.017574071884155273e+00
2.192570447921752930e+00
2.300630569458007812e+00
2.457663536071777344e+00
1.669317483901977539e+00
1.854630947113037109e+00
1.688731074333190918e+00
1.513128519058227539e+00
1.677425146102905273e+00
1.295696377754211426e+00
1.546935439109802246e+00
1.792782664299011230e+00
2.144814252853393555e+00
1.987608551979064941e+00
2.022102117538452148e+00
1.977978110313415527e+00
1.563533544540405273e+00
1.169370055198669434e+00
1.098792910575866699e+00
1.582324266433715820e+00
2.077140331268310547e+00
2.166030883789062500e+00
1.960920810699462891e+00
1.902175664901733398e+00
1.983672499656677246e+00
1.687365770339965820e+00
1.401692986488342285e+00
3.639020919799804688e-01
7.570674419403076172e-01
2.737475633621215820e-01
1.389542460441589355e+00
1.138198018074035645e+00
1.412776231765747070e+00
1.597807168960571289e+00
1.566979408264160156e+00
1.882508993148803711e+00
6.354826927185058594e+00
6.056169986724853516e+00
2.970782995223999023e+00
3.354872465133666992e+00
3.892322540283203125e+00
6.797905564308166504e-01
9.887063503265380859e-01
7.373414039611816406e-01
4.316967427730560303e-01
8.062099814414978027e-01
5.544684529304504395e-01
1.311200499534606934e+00
1.726136207580566406e+00
1.587519526481628418e+00
1.815915226936340332e+00
1.900020718574523926e+00
2.133551359176635742e+00
1.400545835494995117e+00
1.539802908897399902e+00
1.344837427139282227e+00
1.201437711715698242e+00
1.342859506607055664e+00
8.993358612060546875e-01
1.284983754158020020e+00
1.585064291954040527e+00
1.845919013023376465e+00
1.966153025627136230e+00
1.980443835258483887e+00
2.106386423110961914e+00
1.887599110603332520e+00
1.490188002586364746e+00
1.292795181274414062e+00
1.241687774658203125e+00
2.210713148117065430e+00
2.524308681488037109e+00
2.307935953140258789e+00
2.340667247772216797e+00
2.307439088821411133e+00
1.838588953018188477e+00
1.319649338722229004e+00
2.836716175079345703e-01
1.193425893783569336e+00
6.346563100814819336e-01
1.874507069587707520e+00
1.583019375801086426e+00
1.659726023674011230e+00
1.879136323928833008e+00
1.748499274253845215e+00
2.166697978973388672e+00
6.298331260681152344e+00
6.091960430145263672e+00
3.222507476806640625e+00
3.608524084091186523e+00
4.130829334259033203e+00
3.512246310710906982e-01
8.193175196647644043e-01
9.663779139518737793e-01
1.438043236732482910e+00
8.272278308868408203e-01
1.641232609748840332e+00
1.274599075317382812e+00
1.356768727302551270e+00
1.319675683975219727e+00
1.519720435142517090e+00
1.345239758491516113e+00
7.986304759979248047e-01
9.613826870918273926e-01
8.434157371520996094e-01
8.321001529693603516e-01
1.071816921234130859e+00
1.139464378356933594e+00
1.780088186264038086e+00
2.094810247421264648e+00
2.571866273880004883e+00
3.073261022567749023e+00
3.001930475234985352e+00
3.068124055862426758e+00
2.732766151428222656e+00
2.438349246978759766e+00
2.213907718658447266e+00
2.226575851440429688e+00
3.364417552947998047e+00
3.566103696823120117e+00
3.386430978775024414e+00
3.330191612243652344e+00
3.396576642990112305e+00
2.897415399551391602e+00
2.249353647232055664e+00
1.355036377906799316e+00
2.096616983413696289e+00
1.460268139839172363e+00
2.821948528289794922e+00
2.293887615203857422e+00
2.094919919967651367e+00
2.355582475662231445e+00
2.023807764053344727e+00
2.619489669799804688e+00
6.268366813659667969e+00
6.070854663848876953e+00
3.539885282516479492e+00
3.854872465133666992e+00
4.349315643310546875e+00
7.248185873031616211e-01
9.442163705825805664e-01
1.446137785911560059e+00
8.192973732948303223e-01
1.415974617004394531e+00
9.000018835067749023e-01
1.207819938659667969e+00
1.128516674041748047e+00
1.412904024124145508e+00
1.314365863800048828e+00
9.281343817710876465e-01
1.142067670822143555e+00
1.001096725463867188e+00
1.136749625205993652e+00
1.358893156051635742e+00
1.266310691833496094e+00
2.001188993453979492e+00
2.264581441879272461e+00
2.636878728866577148e+00
3.224757671356201172e+00
3.182144641876220703e+00
3.353351116180419922e+00
3.127961635589599609e+00
2.800712823867797852e+00
2.553236007690429688e+00
2.280800819396972656e+00
3.563993215560913086e+00
3.897682428359985352e+00
3.682088375091552734e+00
3.669079303741455078e+00
3.648957252502441406e+00
2.999417543411254883e+00
2.302796125411987305e+00
1.557911396026611328e+00
2.386960983276367188e+00
1.828573346138000488e+00
3.195297241210937500e+00
2.794751644134521484e+00
2.665830850601196289e+00
2.913877964019775391e+00
2.570281982421875000e+00
3.142418861389160156e+00
6.515255451202392578e+00
6.396259784698486328e+00
4.078919410705566406e+00
4.376159191131591797e+00
4.860360622406005859e+00
1.329297870397567749e-01
5.400494933128356934e-01
9.000436067581176758e-01
9.102267622947692871e-01
1.220867037773132324e+00
1.409628987312316895e+00
1.584327816963195801e+00
1.786912679672241211e+00
1.924037694931030273e+00
1.773286104202270508e+00
1.921065092086791992e+00
1.687445044517517090e+00
1.702125072479248047e+00
1.872763395309448242e+00
1.433214187622070312e+00
2.130073547363281250e+00
2.452960252761840820e+00
2.455439090728759766e+00
2.834824323654174805e+00
2.905790805816650391e+00
3.116817474365234375e+00
2.914700508117675781e+00
2.500431776046752930e+00
2.332060575485229492e+00
1.962507009506225586e+00
3.032783508300781250e+00
3.410899639129638672e+00
3.114922523498535156e+00
3.012499570846557617e+00
2.988723278045654297e+00
2.203869342803955078e+00
1.472938060760498047e+00
1.056647419929504395e+00
1.709767103195190430e+00
1.302865147590637207e+00
2.667466402053833008e+00
2.416782855987548828e+00
2.604499101638793945e+00
2.856476068496704102e+00
2.694114685058593750e+00
3.163050889968872070e+00
7.148706912994384766e+00
6.983594894409179688e+00
4.180481433868408203e+00
4.541576385498046875e+00
5.037833690643310547e+00
2.818299829959869385e-01
6.467288732528686523e-01
9.333185553550720215e-01
1.370872497558593750e+00
1.349228262901306152e+00
1.614165663719177246e+00
1.757370114326477051e+00
2.012512445449829102e+00
1.751824855804443359e+00
1.847032785415649414e+00
1.559181332588195801e+00
1.549808502197265625e+00
1.639170169830322266e+00
1.095478653907775879e+00
1.680661082267761230e+00
1.967983603477478027e+00
2.059160470962524414e+00
2.288334131240844727e+00
2.353502988815307617e+00
2.576472997665405273e+00
2.429826498031616211e+00
2.010212659835815430e+00
1.825206518173217773e+00
1.430046677589416504e+00
2.520252466201782227e+00
2.941193103790283203e+00
2.663791656494140625e+00
2.641389608383178711e+00
2.571670293807983398e+00
1.864717960357666016e+00
1.164018869400024414e+00
6.007688045501708984e-01
1.463851451873779297e+00
1.168514013290405273e+00
2.296185255050659180e+00
2.240266084671020508e+00
2.419385671615600586e+00
2.611696243286132812e+00
2.475643634796142578e+00
2.864032506942749023e+00
6.865960121154785156e+00
6.715482234954833984e+00
3.962319374084472656e+00
4.360266208648681641e+00
4.894018173217773438e+00
1.017583370208740234e+00
7.543072104454040527e-01
1.656032562255859375e+00
1.573236227035522461e+00
1.988715887069702148e+00
2.027567863464355469e+00
2.447513341903686523e+00
2.296618461608886719e+00
2.348361968994140625e+00
2.045924425125122070e+00
2.053183555603027344e+00
2.047187805175781250e+00
1.386978983879089355e+00
1.928044080734252930e+00
2.100016117095947266e+00
1.925356984138488770e+00
2.114129781723022461e+00
2.324151277542114258e+00
2.606705427169799805e+00
2.536910057067871094e+00
2.088117361068725586e+00
1.944500446319580078e+00
1.380326032638549805e+00
2.334294319152832031e+00
2.833658933639526367e+00
2.494135379791259766e+00
2.412250518798828125e+00
2.295659780502319336e+00
1.397355675697326660e+00
6.626574397087097168e-01
7.685428261756896973e-01
1.378350019454956055e+00
1.288155198097229004e+00
2.263686180114746094e+00
2.393820285797119141e+00
2.706418275833129883e+00
2.877759218215942383e+00
2.799101829528808594e+00
2.988828659057617188e+00
7.201608180999755859e+00
7.065539836883544922e+00
4.246429443359375000e+00
4.629004478454589844e+00
5.194739818572998047e+00
8.966360092163085938e-01
9.692528843879699707e-01
5.658488869667053223e-01
8.380675315856933594e-01
7.906604409217834473e-01
1.246615648269653320e+00
1.203856825828552246e+00
1.146013140678405762e+00
8.193921446800231934e-01
9.037252068519592285e-01
8.135042190551757812e-01
2.434985637664794922e-01
1.023271560668945312e+00
1.168046832084655762e+00
1.502987623214721680e+00
2.246405601501464844e+00
2.170151233673095703e+00
2.418156147003173828e+00
2.329331398010253906e+00
1.996010303497314453e+00
1.719644665718078613e+00
1.283694386482238770e+00
2.712404012680053711e+00
3.087816238403320312e+00
2.914466619491577148e+00
2.973725795745849609e+00
2.924669027328491211e+00
2.385595798492431641e+00
1.784671545028686523e+00
9.100338816642761230e-01
1.876690268516540527e+00
1.447965741157531738e+00
2.503139972686767578e+00
2.359644412994384766e+00
2.244168043136596680e+00
2.433279275894165039e+00
2.174179553985595703e+00
2.578948020935058594e+00
6.079928874969482422e+00
6.084479808807373047e+00
3.714661598205566406e+00
4.098109245300292969e+00
4.650811195373535156e+00
9.726125001907348633e-01
7.640064954757690430e-01
1.333416223526000977e+00
1.317469596862792969e+00
1.830750346183776855e+00
2.263333082199096680e+00
2.202483654022216797e+00
1.848153829574584961e+00
2.004799842834472656e+00
1.902041435241699219e+00
1.305213451385498047e+00
1.991008758544921875e+00
2.079253435134887695e+00
1.870868921279907227e+00
2.304821491241455078e+00
2.520538806915283203e+00
2.935075283050537109e+00
3.028697490692138672e+00
2.620848655700683594e+00
2.404871463775634766e+00
1.448830485343933105e+00
2.753315210342407227e+00
3.383936643600463867e+00
3.126553297042846680e+00
3.155863285064697266e+00
2.975262165069580078e+00
2.105475187301635742e+00
1.193031787872314453e+00
1.448721766471862793e+00
2.221893072128295898e+00
2.085921525955200195e+00
2.963472604751586914e+00
3.141123533248901367e+00
3.296830892562866211e+00
3.460022926330566406e+00
3.266498327255249023e+00
3.560389995574951172e+00
7.154901027679443359e+00
7.185091495513916016e+00
4.792267322540283203e+00
5.194414615631103516e+00
5.749558925628662109e+00
3.220536410808563232e-01
2.861433625221252441e-01
4.813407063484191895e-01
6.634330749511718750e-01
1.619042515754699707e+00
1.590436100959777832e+00
1.053111433982849121e+00
1.591315746307373047e+00
1.517643690109252930e+00
1.394776344299316406e+00
2.107592821121215820e+00
2.077014684677124023e+00
2.411390542984008789e+00
3.256771802902221680e+00
3.243778944015502930e+00
3.541358709335327148e+00
3.587720155715942383e+00
3.254179000854492188e+00
2.965517282485961914e+00
2.228173017501831055e+00
3.729645729064941406e+00
4.253153324127197266e+00
4.054707527160644531e+00
4.101935863494873047e+00
3.982611417770385742e+00
3.205748319625854492e+00
2.328060150146484375e+00
2.051085948944091797e+00
2.968897104263305664e+00
2.574974536895751953e+00
3.733594179153442383e+00
3.609395265579223633e+00
3.488216638565063477e+00
3.696101665496826172e+00
3.342771530151367188e+00
3.764177322387695312e+00
6.597354412078857422e+00
6.739662170410156250e+00
4.871725082397460938e+00
5.213076114654541016e+00
5.754024028778076172e+00
3.420537710189819336e-01
3.369177877902984619e-01
8.456769585609436035e-01
1.595647335052490234e+00
1.423122644424438477e+00
1.052182316780090332e+00
1.380369186401367188e+00
1.186203002929687500e+00
9.701240658760070801e-01
1.651157259941101074e+00
1.589898228645324707e+00
1.810534954071044922e+00
2.642059564590454102e+00
2.649044275283813477e+00
3.017966270446777344e+00
3.168201684951782227e+00
2.888442039489746094e+00
2.562377691268920898e+00
1.676825881004333496e+00
3.265259027481079102e+00
3.834564447402954102e+00
3.720551252365112305e+00
3.841114282608032227e+00
3.688005208969116211e+00
2.963792800903320312e+00
2.165932655334472656e+00
1.876910686492919922e+00
2.832530736923217773e+00
2.503159284591674805e+00
3.468587636947631836e+00
3.441178560256958008e+00
3.196080684661865234e+00
3.377000331878662109e+00
3.040918111801147461e+00
3.410010337829589844e+00
6.307906627655029297e+00
6.442799091339111328e+00
4.571095943450927734e+00
4.933828830718994141e+00
5.495425224304199219e+00
1.328238993883132935e-01
3.487344980239868164e-01
1.401599049568176270e+00
1.361388325691223145e+00
7.971612811088562012e-01
1.390645742416381836e+00
1.221455335617065430e+00
1.242581844329833984e+00
1.887784600257873535e+00
1.762964129447937012e+00
2.265524387359619141e+00
3.180549621582031250e+00
3.106744527816772461e+00
3.350545883178710938e+00
3.436033964157104492e+00
3.164808750152587891e+00
2.838925361633300781e+00
2.187648773193359375e+00
3.747793912887573242e+00
4.188943862915039062e+00
4.101949214935302734e+00
4.206845283508300781e+00
4.100059509277343750e+00
3.450837612152099609e+00
2.712764739990234375e+00
2.165000677108764648e+00
3.134185791015625000e+00
2.699050903320312500e+00
3.762663364410400391e+00
3.620645761489868164e+00
3.334979772567749023e+00
3.527663469314575195e+00
3.164940595626831055e+00
3.571542978286743164e+00
6.062152862548828125e+00
6.280871868133544922e+00
4.682552814483642578e+00
5.021410465240478516e+00
5.567567825317382812e+00
5.966486334800720215e-01
1.608724474906921387e+00
1.353104352951049805e+00
9.852795004844665527e-01
1.391520380973815918e+00
1.130590796470642090e+00
1.047307610511779785e+00
1.587607979774475098e+00
1.373060226440429688e+00
1.687469959259033203e+00
2.638202428817749023e+00
2.615826606750488281e+00
2.926021575927734375e+00
3.205259799957275391e+00
2.964066028594970703e+00
2.622375011444091797e+00
1.779555082321166992e+00
3.375338315963745117e+00
3.848333358764648438e+00
3.871525049209594727e+00
4.033087253570556641e+00
3.893858432769775391e+00
3.312245368957519531e+00
2.665714263916015625e+00
2.195615053176879883e+00
3.163289308547973633e+00
2.804013252258300781e+00
3.638933897018432617e+00
3.620985746383666992e+00
3.284389734268188477e+00
3.441127777099609375e+00
3.087697029113769531e+00
3.418349266052246094e+00
5.928740978240966797e+00
6.147366523742675781e+00
4.579853534698486328e+00
4.932084560394287109e+00
5.500570297241210938e+00
8.489090204238891602e-01
8.285334110260009766e-01
3.230922818183898926e-01
1.125137448310852051e+00
9.882590770721435547e-01
1.587620019912719727e+00
1.930996775627136230e+00
1.972322702407836914e+00
2.631945133209228516e+00
3.543740034103393555e+00
3.427402734756469727e+00
3.575534105300903320e+00
3.592430830001831055e+00
3.424057006835937500e+00
3.085524797439575195e+00
2.621752262115478516e+00
4.175431728363037109e+00
4.458637237548828125e+00
4.505863666534423828e+00
4.591048717498779297e+00
4.530510902404785156e+00
3.919216632843017578e+00
3.198907136917114258e+00
2.554698228836059570e+00
3.514195919036865234e+00
3.020077705383300781e+00
4.066660881042480469e+00
3.681515455245971680e+00
3.148967504501342773e+00
3.331231832504272461e+00
2.883833646774291992e+00
3.359554767608642578e+00
5.532279491424560547e+00
5.717972755432128906e+00
4.290979385375976562e+00
4.553094863891601562e+00
5.056021213531494141e+00
1.329918652772903442e-01
3.502472043037414551e-01
3.556394577026367188e-01
5.594522953033447266e-01
1.277319073677062988e+00
1.462111711502075195e+00
1.858817934989929199e+00
2.648433208465576172e+00
3.211076736450195312e+00
3.033700466156005859e+00
2.995780467987060547e+00
2.752244472503662109e+00
2.589098215103149414e+00
2.305491685867309570e+00
2.443326473236083984e+00
3.644403219223022461e+00
3.692618608474731445e+00
3.738216638565063477e+00
3.739945411682128906e+00
3.833103895187377930e+00
3.509810686111450195e+00
2.967143535614013672e+00
1.939009904861450195e+00
2.722057342529296875e+00
2.109277486801147461e+00
3.180302858352661133e+00
2.677117109298706055e+00
2.106238842010498047e+00
2.307399034500122070e+00
1.846786379814147949e+00
2.387038707733154297e+00
5.424833774566650391e+00
5.293353557586669922e+00
3.294528961181640625e+00
3.575899124145507812e+00
4.038403987884521484e+00
1.329448968172073364e-01
3.415220081806182861e-01
3.043797910213470459e-01
1.147045254707336426e+00
1.243355035781860352e+00
1.571522116661071777e+00
2.435856580734252930e+00
3.088265419006347656e+00
2.893446445465087891e+00
2.867208242416381836e+00
2.748861074447631836e+00
2.608603954315185547e+00
2.289794921875000000e+00
2.312579154968261719e+00
3.601258039474487305e+00
3.666012287139892578e+00
3.779063224792480469e+00
3.821125745773315430e+00
3.889698982238769531e+00
3.579950571060180664e+00
3.039639949798583984e+00
2.034980773925781250e+00
2.881575107574462891e+00
2.320057392120361328e+00
3.278353452682495117e+00
2.866816997528076172e+00
2.278062343597412109e+00
2.443258047103881836e+00
1.976598143577575684e+00
2.459904432296752930e+00
4.992763996124267578e+00
4.924999237060546875e+00
3.296507835388183594e+00
3.540047645568847656e+00
4.040033340454101562e+00
3.185971677303314209e-01
3.195685148239135742e-01
8.575935363769531250e-01
1.197664856910705566e+00
1.441280722618103027e+00
2.205241918563842773e+00
2.902458667755126953e+00
2.740025520324707031e+00
2.795600891113281250e+00
2.709883928298950195e+00
2.520346879959106445e+00
2.193699359893798828e+00
2.057417631149291992e+00
3.421756744384765625e+00
3.590895414352416992e+00
3.639129400253295898e+00
3.697177886962890625e+00
3.725815296173095703e+00
3.332967042922973633e+00
2.768074035644531250e+00
1.812114834785461426e+00
2.714440345764160156e+00
2.182157039642333984e+00
3.175298690795898438e+00
2.850552558898925781e+00
2.370275020599365234e+00
2.549296855926513672e+00
2.151785612106323242e+00
2.582670927047729492e+00
5.418233394622802734e+00
5.398431301116943359e+00
3.609373331069946289e+00
3.897671222686767578e+00
4.419580459594726562e+00
1.328421384096145630e-01
7.497754693031311035e-01
8.174207806587219238e-01
1.228638291358947754e+00
2.045980453491210938e+00
2.617027282714843750e+00
2.418540477752685547e+00
2.388075828552246094e+00
2.260878324508666992e+00
2.117804288864135742e+00
1.792846322059631348e+00
1.897266983985900879e+00
3.115621566772460938e+00
3.169466733932495117e+00
3.295386075973510742e+00
3.348478794097900391e+00
3.419090747833251953e+00
3.172353506088256836e+00
2.692559719085693359e+00
1.669771671295166016e+00
2.496491432189941406e+00
1.968316674232482910e+00
2.814363718032836914e+00
2.469538927078247070e+00
1.795461654663085938e+00
1.956091523170471191e+00
1.501034498214721680e+00
1.987451314926147461e+00
4.909278869628906250e+00
4.793110847473144531e+00
2.904179573059082031e+00
3.192243099212646484e+00
3.721349716186523438e+00
5.543466806411743164e-01
7.116535305976867676e-01
9.690253734588623047e-01
1.818972945213317871e+00
2.505084514617919922e+00
2.309855222702026367e+00
2.337532520294189453e+00
2.342238426208496094e+00
2.192471504211425781e+00
1.843938589096069336e+00
1.741039752960205078e+00
3.075357437133789062e+00
3.199634075164794922e+00
3.343715429306030273e+00
3.433592557907104492e+00
3.464961290359497070e+00
3.175505876541137695e+00
2.692106008529663086e+00
1.738294601440429688e+00
2.622289180755615234e+00
2.143569707870483398e+00
2.930799484252929688e+00
2.676513671875000000e+00
2.130164861679077148e+00
2.287460565567016602e+00
1.886406064033508301e+00
2.294345855712890625e+00
5.211471557617187500e+00
5.227996349334716797e+00
3.352253198623657227e+00
3.678139925003051758e+00
4.230287075042724609e+00
3.519660532474517822e-01
6.938503980636596680e-01
1.073546767234802246e+00
1.636131525039672852e+00
1.489215493202209473e+00
1.665848255157470703e+00
1.733170628547668457e+00
1.502104401588439941e+00
1.150586724281311035e+00
8.839086294174194336e-01
2.199239969253540039e+00
2.466287851333618164e+00
2.543184518814086914e+00
2.681924343109130859e+00
2.656347990036010742e+00
2.394818067550659180e+00
2.002743482589721680e+00
1.162645339965820312e+00
2.039589166641235352e+00
1.758192420005798340e+00
2.248526334762573242e+00
2.290360927581787109e+00
2.052954912185668945e+00
2.168734550476074219e+00
1.914806008338928223e+00
2.149528026580810547e+00
5.569004058837890625e+00
5.571732997894287109e+00
3.400423765182495117e+00
3.733186244964599609e+00
4.406692504882812500e+00
2.949822247028350830e-01
8.732193112373352051e-01
1.506638169288635254e+00
1.256561994552612305e+00
1.339256405830383301e+00
1.645178675651550293e+00
1.517381191253662109e+00
1.151310920715332031e+00
9.774261116981506348e-01
2.186769962310791016e+00
2.321028709411621094e+00
2.611021041870117188e+00
2.789026021957397461e+00
2.784041404724121094e+00
2.687351942062377930e+00
2.341455698013305664e+00
1.431569337844848633e+00
2.268810510635375977e+00
2.006156206130981445e+00
2.340178966522216797e+00
2.316141605377197266e+00
1.945613741874694824e+00
1.994266390800476074e+00
1.649208307266235352e+00
1.806924343109130859e+00
4.928376674652099609e+00
4.932378768920898438e+00
3.075140476226806641e+00
3.325202941894531250e+00
4.079079151153564453e+00
3.217149078845977783e-01
1.049265265464782715e+00
8.340083360671997070e-01
1.081625580787658691e+00
1.487404465675354004e+00
1.402942657470703125e+00
1.070332050323486328e+00
6.955499053001403809e-01
1.883847117424011230e+00
2.075331449508666992e+00
2.397230625152587891e+00
2.603083848953247070e+00
2.585011959075927734e+00
2.523963451385498047e+00
2.316987276077270508e+00
1.619830369949340820e+00
2.369076013565063477e+00
2.125684738159179688e+00
2.251400947570800781e+00
2.455705165863037109e+00
2.230504989624023438e+00
2.242643594741821289e+00
1.909338116645812988e+00
2.045382261276245117e+00
5.051094055175781250e+00
5.211962699890136719e+00
3.391546726226806641e+00
3.591612577438354492e+00
4.440142631530761719e+00
6.124602556228637695e-01
5.241115093231201172e-01
8.884908556938171387e-01
1.625497341156005859e+00
1.568745970726013184e+00
1.290667414665222168e+00
4.989881515502929688e-01
1.600641250610351562e+00
1.914854884147644043e+00
2.251384735107421875e+00
2.563410997390747070e+00
2.458760023117065430e+00
2.291353940963745117e+00
2.046358346939086914e+00
1.858571529388427734e+00
2.497371196746826172e+00
2.385634422302246094e+00
2.340301513671875000e+00
2.758652925491333008e+00
2.666431427001953125e+00
2.644273281097412109e+00
2.305829524993896484e+00
2.323008060455322266e+00
5.647271633148193359e+00
5.723670482635498047e+00
3.746651649475097656e+00
3.868996858596801758e+00
4.806941986083984375e+00
3.754531443119049072e-01
8.519955277442932129e-01
1.370844244956970215e+00
1.237993121147155762e+00
1.211266994476318359e+00
7.102139592170715332e-01
7.188573479652404785e-01
1.317123174667358398e+00
1.431055665016174316e+00
1.763361215591430664e+00
1.597076416015625000e+00
1.482493877410888672e+00
1.569988369941711426e+00
1.763599395751953125e+00
2.088445663452148438e+00
1.958142518997192383e+00
1.704815030097961426e+00
2.417537689208984375e+00
2.665587425231933594e+00
2.585883378982543945e+00
2.422283411026000977e+00
2.239403486251831055e+00
6.304675579071044922e+00
6.260189056396484375e+00
3.778171777725219727e+00
3.900260210037231445e+00
4.797309875488281250e+00
2.933503389358520508e-01
1.036728858947753906e+00
1.129305839538574219e+00
7.391139268875122070e-01
8.834785819053649902e-01
1.091958761215209961e+00
1.126109838485717773e+00
1.560804247856140137e+00
1.951798558235168457e+00
1.926707506179809570e+00
2.119895458221435547e+00
2.129360198974609375e+00
1.830095291137695312e+00
2.278375864028930664e+00
2.062781095504760742e+00
1.803158879280090332e+00
2.344851255416870117e+00
2.393505573272705078e+00
2.260001897811889648e+00
2.015246391296386719e+00
1.853241086006164551e+00
5.722033500671386719e+00
5.640510559082031250e+00
3.337522506713867188e+00
3.397766351699829102e+00
4.365265846252441406e+00
6.343363523483276367e-01
9.088876843452453613e-01
4.094255268573760986e-01
1.399320840835571289e+00
1.168069481849670410e+00
6.813994050025939941e-01
1.312468886375427246e+00
1.718326210975646973e+00
1.819031715393066406e+00
2.286504983901977539e+00
2.391830682754516602e+00
1.911341786384582520e+00
2.170281887054443359e+00
1.884505987167358398e+00
1.573544144630432129e+00
2.084528923034667969e+00
2.139047622680664062e+00
1.878015041351318359e+00
1.743997812271118164e+00
1.471810340881347656e+00
5.380107879638671875e+00
5.272675991058349609e+00
2.905764579772949219e+00
2.902906179428100586e+00
3.890920162200927734e+00
2.852316200733184814e-01
3.158084750175476074e-01
1.771646380424499512e+00
1.299117922782897949e+00
7.125964164733886719e-01
1.074904799461364746e+00
1.205291986465454102e+00
1.426133513450622559e+00
2.131865978240966797e+00
2.383982658386230469e+00
1.660294055938720703e+00
1.572959184646606445e+00
1.253311872482299805e+00
8.969945311546325684e-01
1.128787875175476074e+00
1.315145492553710938e+00
9.854096770286560059e-01
1.096751570701599121e+00
7.520334720611572266e-01
5.474413871765136719e+00
5.167631149291992188e+00
2.198844671249389648e+00
2.315932035446166992e+00
3.210967302322387695e+00
1.329625695943832397e-01
1.475201249122619629e+00
1.128665328025817871e+00
7.018067836761474609e-01
7.454352974891662598e-01
7.406336665153503418e-01
9.924921989440917969e-01
1.699254274368286133e+00
1.915727019309997559e+00
1.224378705024719238e+00
1.146654009819030762e+00
8.965433835983276367e-01
3.637861907482147217e-01
9.465006589889526367e-01
1.237251877784729004e+00
1.068587779998779297e+00
1.078876852989196777e+00
7.807474732398986816e-01
5.700862884521484375e+00
5.370813369750976562e+00
2.295314311981201172e+00
2.496321678161621094e+00
3.311968803405761719e+00
1.248556494712829590e+00
1.453570842742919922e+00
1.065353751182556152e+00
1.417803406715393066e+00
1.499751329421997070e+00
1.678034186363220215e+00
1.938395142555236816e+00
1.916952610015869141e+00
1.102724671363830566e+00
1.486247420310974121e+00
1.132437705993652344e+00
1.055911302566528320e+00
1.259530067443847656e+00
1.350215315818786621e+00
1.250202298164367676e+00
1.135554313659667969e+00
9.597304463386535645e-01
5.123995304107666016e+00
4.913263797760009766e+00
2.483932971954345703e+00
2.570731163024902344e+00
3.516595125198364258e+00
1.315802454948425293e+00
1.979384541511535645e+00
1.940006971359252930e+00
2.200811862945556641e+00
1.967670202255249023e+00
1.655892491340637207e+00
1.483449935913085938e+00
1.233238101005554199e+00
1.929774165153503418e+00
1.894792199134826660e+00
2.016968250274658203e+00
2.502188205718994141e+00
2.593895912170410156e+00
2.645946502685546875e+00
2.463382482528686523e+00
2.477136373519897461e+00
6.233321666717529297e+00
6.264768123626708984e+00
3.945663690567016602e+00
4.186460018157958984e+00
4.994504451751708984e+00
5.448850393295288086e-01
4.564965367317199707e-01
1.063869953155517578e+00
8.107754588127136230e-01
1.320207834243774414e+00
1.665533304214477539e+00
1.910912156105041504e+00
1.890572667121887207e+00
1.818231582641601562e+00
1.296263456344604492e+00
2.240478277206420898e+00
2.757024765014648438e+00
2.495917558670043945e+00
2.593215465545654297e+00
2.219144344329833984e+00
6.788677215576171875e+00
6.557414531707763672e+00
3.637789964675903320e+00
3.728097677230834961e+00
4.609944343566894531e+00
1.328930109739303589e-01
5.523560643196105957e-01
6.657940745353698730e-01
1.672905206680297852e+00
2.191162109375000000e+00
1.974688172340393066e+00
1.703260779380798340e+00
1.640523076057434082e+00
7.889341711997985840e-01
1.719851613044738770e+00
2.248121023178100586e+00
1.817285060882568359e+00
1.996301174163818359e+00
1.534455776214599609e+00
6.057345390319824219e+00
5.765835285186767578e+00
2.841730833053588867e+00
2.872997999191284180e+00
3.790184736251831055e+00
3.575971126556396484e-01
2.134447395801544189e-01
1.161277174949645996e+00
1.800506830215454102e+00
1.697916269302368164e+00
1.446121096611022949e+00
1.445890545845031738e+00
7.033808827400207520e-01
1.742633342742919922e+00
2.427438735961914062e+00
2.125848531723022461e+00
2.387498378753662109e+00
1.937691211700439453e+00
6.762062549591064453e+00
6.435346126556396484e+00
3.230454206466674805e+00
3.333898782730102539e+00
4.169364452362060547e+00
1.329765468835830688e-01
9.617762565612792969e-01
1.685066461563110352e+00
1.579502463340759277e+00
1.154825925827026367e+00
1.235811948776245117e+00
3.689053654670715332e-01
1.293379068374633789e+00
2.205672979354858398e+00
1.946340203285217285e+00
2.277658462524414062e+00
1.924050450325012207e+00
6.995705127716064453e+00
6.604870319366455078e+00
2.993201971054077148e+00
3.198996067047119141e+00
3.876320600509643555e+00
7.848445177078247070e-01
1.493155717849731445e+00
1.642471790313720703e+00
1.372122406959533691e+00
1.462767124176025391e+00
6.693644523620605469e-01
1.762508630752563477e+00
2.562283277511596680e+00
2.309655666351318359e+00
2.589338779449462891e+00
2.203063249588012695e+00
7.214781761169433594e+00
6.853604793548583984e+00
3.413590431213378906e+00
3.589120864868164062e+00
4.326539516448974609e+00
4.710848629474639893e-01
1.234171271324157715e+00
1.053765296936035156e+00
1.274244427680969238e+00
1.278513669967651367e+00
2.077401876449584961e+00
2.813589572906494141e+00
2.846454381942749023e+00
2.970432281494140625e+00
2.772325754165649414e+00
7.679689407348632812e+00
7.403822898864746094e+00
4.073962211608886719e+00
4.354258060455322266e+00
5.016502380371093750e+00
9.332541823387145996e-01
1.072443366050720215e+00
1.322390794754028320e+00
1.788813233375549316e+00
2.234173297882080078e+00
2.803889751434326172e+00
2.933017253875732422e+00
3.006317853927612305e+00
2.933057069778442383e+00
7.570940017700195312e+00
7.366239070892333984e+00
4.266927242279052734e+00
4.589937210083007812e+00
5.219837665557861328e+00
3.171250820159912109e-01
3.187957406044006348e-01
1.157591819763183594e+00
1.137847900390625000e+00
1.690789103507995605e+00
1.844302296638488770e+00
1.918990492820739746e+00
1.989019274711608887e+00
6.512212276458740234e+00
6.282082080841064453e+00
3.170747518539428711e+00
3.538944959640502930e+00
4.102442741394042969e+00
1.329846680164337158e-01
6.683835983276367188e-01
8.920326232910156250e-01
1.687832236289978027e+00
1.806730747222900391e+00
1.986133575439453125e+00
1.921680331230163574e+00
6.931628227233886719e+00
6.545677185058593750e+00
3.011842727661132812e+00
3.366756439208984375e+00
3.916749954223632812e+00
7.694594264030456543e-01
7.347751259803771973e-01
1.340383410453796387e+00
1.472044587135314941e+00
1.616892457008361816e+00
1.564485311508178711e+00
6.534942626953125000e+00
6.163776397705078125e+00
2.735753536224365234e+00
3.082880735397338867e+00
3.676927804946899414e+00
9.166406393051147461e-01
1.760975837707519531e+00
1.524937868118286133e+00
1.811868190765380859e+00
1.491109371185302734e+00
6.599210262298583984e+00
6.197618484497070312e+00
2.636956930160522461e+00
2.851132631301879883e+00
3.550933599472045898e+00
8.584856986999511719e-01
8.487896919250488281e-01
1.137846469879150391e+00
1.120435714721679688e+00
6.087756633758544922e+00
5.569580078125000000e+00
1.793770313262939453e+00
2.168388605117797852e+00
2.681853294372558594e+00
1.329403519630432129e-01
3.729213774204254150e-01
7.027950882911682129e-01
5.270343780517578125e+00
4.791774749755859375e+00
1.380521178245544434e+00
1.749716758728027344e+00
2.269428730010986328e+00
1.329396218061447144e-01
3.583430647850036621e-01
5.010411262512207031e+00
4.526484012603759766e+00
1.095155835151672363e+00
1.379065275192260742e+00
2.088165283203125000e+00
1.329987049102783203e-01
4.800817489624023438e+00
4.385131359100341797e+00
1.340646028518676758e+00
1.716999530792236328e+00
2.372081518173217773e+00
4.456574916839599609e+00
4.019271373748779297e+00
1.195565938949584961e+00
1.407679796218872070e+00
2.238592386245727539e+00
8.304759263992309570e-01
4.579303741455078125e+00
4.342656612396240234e+00
4.660961151123046875e+00
3.880153894424438477e+00
3.616963624954223633e+00
3.777225017547607422e+00
3.310767114162445068e-01
7.769689559936523438e-01
3.025992214679718018e-01
