1.323399692773818970e-01
7.499769330024719238e-01
1.024990558624267578e+00
1.212862253189086914e+00
1.053857922554016113e+00
1.191837191581726074e+00
1.536702513694763184e+00
1.494148612022399902e+00
1.301347494125366211e+00
1.138902902603149414e+00
1.314599156379699707e+00
9.360862970352172852e-01
1.134601235389709473e+00
3.132062554359436035e-01
7.863025069236755371e-01
6.173802018165588379e-01
1.122749805450439453e+00
1.555640459060668945e+00
2.457051515579223633e+00
2.124078750610351562e+00
2.835947990417480469e+00
2.524307966232299805e+00
1.875237107276916504e+00
1.792615294456481934e+00
1.327046155929565430e+00
1.093389272689819336e+00
8.337990045547485352e-01
8.987976312637329102e-01
1.513699173927307129e+00
1.430870056152343750e+00
1.720431447029113770e+00
1.960965514183044434e+00
2.239453077316284180e+00
1.853732824325561523e+00
2.147081375122070312e+00
1.690008878707885742e+00
2.002771139144897461e+00
1.653249382972717285e+00
1.836416244506835938e+00
1.787302017211914062e+00
1.669354200363159180e+00
1.227727890014648438e+00
1.515197277069091797e+00
1.526923060417175293e+00
3.708489239215850830e-01
6.082471013069152832e-01
7.331059575080871582e-01
4.283823370933532715e-01
6.855590343475341797e-01
1.075633168220520020e+00
1.077695131301879883e+00
1.011834621429443359e+00
8.514905571937561035e-01
1.150112986564636230e+00
8.015990257263183594e-01
1.051666855812072754e+00
2.742045819759368896e-01
9.936656951904296875e-01
4.178239405155181885e-01
9.165632724761962891e-01
1.257541060447692871e+00
2.202201604843139648e+00
1.842879056930541992e+00
2.804803848266601562e+00
2.160613775253295898e+00
1.551843047142028809e+00
1.585303902626037598e+00
1.063644289970397949e+00
8.790194392204284668e-01
8.298776745796203613e-01
3.606961071491241455e-01
1.025267124176025391e+00
9.120392799377441406e-01
1.301960587501525879e+00
1.635360121726989746e+00
1.857613325119018555e+00
1.580561637878417969e+00
1.973099589347839355e+00
1.462921380996704102e+00
1.957181930541992188e+00
1.605884909629821777e+00
1.674772858619689941e+00
1.480558514595031738e+00
1.339592814445495605e+00
9.845960140228271484e-01
1.193292140960693359e+00
1.094412446022033691e+00
1.324002444744110107e-01
3.193268477916717529e-01
3.166764974594116211e-01
2.892253696918487549e-01
7.081619501113891602e-01
5.351643562316894531e-01
5.446915030479431152e-01
4.747076034545898438e-01
7.534213066101074219e-01
5.254272818565368652e-01
8.608796000480651855e-01
3.439400196075439453e-01
1.201417803764343262e+00
4.390246272087097168e-01
6.985000967979431152e-01
1.173592329025268555e+00
2.123762130737304688e+00
1.760766983032226562e+00
2.840073823928833008e+00
2.096834421157836914e+00
1.661471962928771973e+00
1.734474539756774902e+00
1.278825998306274414e+00
1.020593643188476562e+00
1.145968317985534668e+00
4.204421341419219971e-01
1.103415012359619141e+00
7.220357656478881836e-01
1.059983611106872559e+00
1.451555967330932617e+00
1.530945301055908203e+00
1.181760430335998535e+00
1.636217594146728516e+00
1.173820018768310547e+00
1.592793464660644531e+00
1.363641142845153809e+00
1.222296476364135742e+00
1.136335849761962891e+00
1.212244510650634766e+00
8.062165975570678711e-01
7.174842357635498047e-01
6.581264734268188477e-01
1.324007958173751831e-01
3.231300413608551025e-01
3.245133757591247559e-01
6.983034014701843262e-01
3.746348917484283447e-01
7.353060245513916016e-01
3.824240863323211670e-01
1.053194046020507812e+00
8.199356794357299805e-01
1.246826529502868652e+00
6.973052620887756348e-01
1.620778799057006836e+00
8.811410665512084961e-01
1.070768237113952637e+00
1.588662505149841309e+00
2.499876260757446289e+00
2.145780801773071289e+00
3.286026954650878906e+00
2.363418579101562500e+00
2.058772087097167969e+00
2.186910629272460938e+00
1.723077893257141113e+00
1.492430686950683594e+00
1.598045468330383301e+00
7.214507460594177246e-01
1.412660956382751465e+00
8.853963613510131836e-01
1.291678309440612793e+00
1.766667127609252930e+00
1.533719658851623535e+00
1.283914208412170410e+00
1.960133790969848633e+00
1.495803713798522949e+00
1.960965752601623535e+00
1.673930764198303223e+00
1.389898777008056641e+00
9.152110219001770020e-01
9.252565503120422363e-01
5.417437553405761719e-01
3.811302781105041504e-01
3.922714889049530029e-01
1.322489827871322632e-01
3.474142551422119141e-01
8.064376115798950195e-01
5.260249972343444824e-01
9.353704452514648438e-01
6.205331683158874512e-01
1.288567662239074707e+00
1.071290016174316406e+00
1.510935306549072266e+00
9.665254354476928711e-01
1.863351464271545410e+00
1.112841367721557617e+00
1.252163648605346680e+00
1.702578544616699219e+00
2.606762886047363281e+00
2.247717857360839844e+00
3.433787584304809570e+00
2.404690742492675781e+00
2.045469522476196289e+00
2.215367317199707031e+00
1.732843399047851562e+00
1.605091929435729980e+00
1.712711095809936523e+00
7.153427600860595703e-01
1.367801904678344727e+00
9.289600253105163574e-01
1.427096843719482422e+00
1.904711961746215820e+00
1.692172050476074219e+00
1.489365220069885254e+00
2.160697460174560547e+00
1.678946137428283691e+00
2.180365562438964844e+00
1.918152570724487305e+00
1.618741512298583984e+00
1.187308788299560547e+00
1.206532239913940430e+00
8.192703723907470703e-01
6.387667059898376465e-01
3.628410398960113525e-01
1.320766806602478027e-01
6.488831043243408203e-01
6.885443925857543945e-01
8.949171900749206543e-01
7.852005958557128906e-01
1.354302048683166504e+00
1.064483165740966797e+00
1.556633949279785156e+00
1.013280987739562988e+00
1.600655436515808105e+00
9.145022034645080566e-01
1.005410075187683105e+00
1.390315771102905273e+00
2.262999057769775391e+00
1.908513784408569336e+00
3.114145517349243164e+00
2.038471698760986328e+00
1.665591955184936523e+00
1.867066264152526855e+00
1.382201194763183594e+00
1.261631846427917480e+00
1.350157380104064941e+00
4.335272908210754395e-01
9.871750473976135254e-01
5.732802152633666992e-01
1.119328141212463379e+00
1.593798875808715820e+00
1.455988526344299316e+00
1.408828854560852051e+00
1.960431814193725586e+00
1.442952990531921387e+00
2.092456817626953125e+00
1.908237218856811523e+00
1.647824883460998535e+00
1.416813731193542480e+00
1.471946120262145996e+00
1.078040122985839844e+00
8.970333933830261230e-01
5.994420051574707031e-01
2.744900286197662354e-01
4.289323985576629639e-01
2.928044497966766357e-01
4.337886273860931396e-01
7.568958401679992676e-01
5.263482332229614258e-01
1.069930672645568848e+00
7.093225121498107910e-01
1.405431985855102539e+00
6.586753129959106445e-01
5.480014085769653320e-01
1.085984349250793457e+00
1.892797708511352539e+00
1.537860393524169922e+00
2.757508516311645508e+00
1.840248346328735352e+00
1.644290089607238770e+00
1.782097220420837402e+00
1.388905882835388184e+00
1.175855517387390137e+00
1.387303709983825684e+00
3.938255012035369873e-01
1.055882573127746582e+00
5.044826865196228027e-01
8.387175202369689941e-01
1.174601674079895020e+00
1.003916740417480469e+00
7.973529696464538574e-01
1.356745481491088867e+00
8.531230688095092773e-01
1.438045620918273926e+00
1.312336921691894531e+00
9.992079734802246094e-01
1.077929139137268066e+00
1.270874023437500000e+00
9.302948713302612305e-01
8.147137165069580078e-01
7.392792105674743652e-01
4.912137687206268311e-01
2.886739075183868408e-01
7.114257812500000000e-01
8.862449526786804199e-01
8.284320831298828125e-01
1.362531423568725586e+00
1.106702327728271484e+00
1.603318691253662109e+00
7.939453721046447754e-01
5.244270563125610352e-01
9.971526861190795898e-01
1.740930676460266113e+00
1.356512784957885742e+00
2.718523263931274414e+00
1.560167670249938965e+00
1.523156046867370605e+00
1.708987832069396973e+00
1.399415135383605957e+00
1.184850811958312988e+00
1.433288455009460449e+00
5.983207225799560547e-01
9.496384859085083008e-01
3.935033082962036133e-01
5.691092610359191895e-01
9.259678721427917480e-01
6.315603852272033691e-01
7.615015506744384766e-01
1.313114166259765625e+00
7.966623306274414062e-01
1.531737208366394043e+00
1.457231640815734863e+00
1.104495048522949219e+00
1.056545615196228027e+00
1.427460432052612305e+00
1.229532957077026367e+00
9.914125204086303711e-01
1.016522645950317383e+00
3.017984926700592041e-01
3.236746788024902344e-01
6.957604289054870605e-01
7.878434062004089355e-01
1.138677835464477539e+00
8.836718797683715820e-01
1.788374423980712891e+00
1.104721069335937500e+00
9.071593880653381348e-01
1.518666267395019531e+00
2.291017770767211914e+00
1.910976171493530273e+00
3.173244237899780273e+00
2.268329143524169922e+00
2.137301921844482422e+00
2.292283296585083008e+00
1.906855463981628418e+00
1.677646517753601074e+00
1.891421198844909668e+00
9.952422976493835449e-01
1.543864369392395020e+00
1.023722171783447266e+00
1.129971981048583984e+00
1.489277958869934082e+00
1.129511475563049316e+00
7.551944255828857422e-01
1.495711207389831543e+00
1.110363245010375977e+00
1.545864939689636230e+00
1.297231793403625488e+00
8.622366786003112793e-01
6.065054535865783691e-01
8.506847620010375977e-01
6.289989352226257324e-01
4.258475601673126221e-01
3.564280867576599121e-01
1.322218179702758789e-01
3.634758293628692627e-01
3.200122714042663574e-01
7.458935379981994629e-01
6.050874590873718262e-01
1.305869698524475098e+00
6.551730632781982422e-01
4.441722333431243896e-01
8.933907747268676758e-01
1.552226305007934570e+00
1.150824308395385742e+00
2.498204946517944336e+00
1.513512015342712402e+00
1.534132003784179688e+00
1.738877415657043457e+00
1.551984310150146484e+00
1.216946244239807129e+00
1.515109896659851074e+00
8.728155493736267090e-01
1.071637392044067383e+00
6.575145721435546875e-01
4.381716847419738770e-01
7.246618270874023438e-01
4.265780150890350342e-01
3.991761505603790283e-01
8.730021119117736816e-01
4.097803235054016113e-01
1.113556623458862305e+00
9.483622908592224121e-01
5.766159296035766602e-01
6.220178008079528809e-01
9.973844885826110840e-01
6.929014325141906738e-01
7.724509835243225098e-01
1.014449000358581543e+00
3.395057916641235352e-01
3.385434150695800781e-01
5.218316912651062012e-01
3.309972286224365234e-01
1.261105895042419434e+00
7.160256505012512207e-01
6.703670620918273926e-01
1.336943984031677246e+00
2.134690761566162109e+00
1.766695499420166016e+00
2.908925056457519531e+00
2.195561885833740234e+00
2.005628108978271484e+00
2.124577760696411133e+00
1.785539388656616211e+00
1.431184887886047363e+00
1.597985386848449707e+00
9.462177753448486328e-01
1.497722744941711426e+00
1.001262187957763672e+00
1.048513770103454590e+00
1.395509362220764160e+00
1.152933597564697266e+00
6.917446255683898926e-01
1.369456648826599121e+00
1.000714182853698730e+00
1.243927836418151855e+00
9.415124654769897461e-01
7.469879388809204102e-01
6.292250752449035645e-01
7.229564785957336426e-01
3.930955827236175537e-01
4.212907254695892334e-01
6.937564611434936523e-01
1.322201043367385864e-01
3.650540709495544434e-01
6.457541584968566895e-01
1.019658446311950684e+00
5.137937664985656738e-01
4.618217647075653076e-01
9.656653404235839844e-01
1.681856989860534668e+00
1.364845633506774902e+00
2.470054626464843750e+00
1.901297569274902344e+00
1.804322957992553711e+00
1.897801637649536133e+00
1.684780359268188477e+00
1.290606141090393066e+00
1.376541495323181152e+00
1.172996997833251953e+00
1.445154070854187012e+00
1.142023921012878418e+00
9.914984703063964844e-01
1.028766632080078125e+00
9.986354708671569824e-01
5.312327146530151367e-01
8.690776824951171875e-01
5.262579321861267090e-01
7.879049181938171387e-01
4.625163078308105469e-01
4.090623855590820312e-01
6.887827515602111816e-01
1.055935263633728027e+00
6.308296918869018555e-01
1.006609439849853516e+00
1.345517635345458984e+00
3.474121391773223877e-01
3.588468432426452637e-01
7.782350182533264160e-01
3.562674820423126221e-01
4.009357094764709473e-01
9.748758077621459961e-01
1.815205097198486328e+00
1.485643982887268066e+00
2.524626493453979492e+00
2.022253274917602539e+00
1.717836618423461914e+00
1.786709547042846680e+00
1.464120745658874512e+00
1.098252534866333008e+00
1.179684519767761230e+00
8.903146386146545410e-01
1.291604042053222656e+00
1.027688503265380859e+00
9.859369397163391113e-01
1.208483695983886719e+00
1.179101705551147461e+00
6.722560524940490723e-01
1.091790676116943359e+00
7.104322910308837891e-01
9.828557968139648438e-01
6.815516352653503418e-01
6.709526777267456055e-01
9.533168077468872070e-01
1.217046260833740234e+00
7.868630290031433105e-01
1.039973139762878418e+00
1.312061548233032227e+00
5.907998085021972656e-01
9.140853285789489746e-01
6.781149506568908691e-01
8.205339908599853516e-01
1.098385334014892578e+00
1.788764238357543945e+00
1.602550983428955078e+00
2.415931463241577148e+00
2.230767488479614258e+00
1.987508535385131836e+00
2.026768445968627930e+00
1.834634304046630859e+00
1.420972466468811035e+00
1.397976398468017578e+00
1.399135112762451172e+00
1.765086531639099121e+00
1.518167138099670410e+00
1.402364373207092285e+00
1.460717082023620605e+00
1.566877841949462891e+00
1.032323241233825684e+00
1.134239315986633301e+00
8.427395820617675781e-01
7.542379498481750488e-01
4.143090844154357910e-01
5.990795493125915527e-01
8.448009490966796875e-01
9.749358296394348145e-01
3.634649217128753662e-01
1.131855130195617676e+00
1.646399617195129395e+00
6.984465718269348145e-01
3.184218108654022217e-01
7.628148198127746582e-01
1.214845895767211914e+00
2.156532526016235352e+00
1.826633572578430176e+00
2.665342569351196289e+00
2.304530143737792969e+00
1.792907714843750000e+00
1.738741993904113770e+00
1.310991525650024414e+00
9.865447282791137695e-01
9.057577252388000488e-01
7.727429866790771484e-01
1.414778709411621094e+00
1.203087091445922852e+00
1.343794941902160645e+00
1.611366629600524902e+00
1.646454572677612305e+00
1.156552076339721680e+00
1.625936150550842285e+00
1.207471251487731934e+00
1.458263516426086426e+00
1.095376849174499512e+00
1.137287139892578125e+00
9.617191553115844727e-01
9.209946393966674805e-01
4.862638115882873535e-01
8.428506851196289062e-01
1.162139534950256348e+00
5.546392798423767090e-01
7.152394652366638184e-01
7.267234921455383301e-01
1.482784032821655273e+00
1.278560280799865723e+00
1.774099230766296387e+00
1.751090884208679199e+00
1.227988243103027344e+00
1.115075469017028809e+00
9.567403793334960938e-01
6.640421748161315918e-01
3.520269095897674561e-01
1.075501203536987305e+00
1.260703563690185547e+00
1.302432417869567871e+00
1.363302469253540039e+00
1.295528650283813477e+00
1.776870012283325195e+00
1.657698750495910645e+00
1.447619318962097168e+00
1.132790684700012207e+00
1.320372700691223145e+00
1.295862317085266113e+00
1.424874663352966309e+00
2.005491256713867188e+00
2.115115880966186523e+00
1.567480444908142090e+00
1.994760990142822266e+00
2.187450885772705078e+00
1.323556452989578247e-01
6.280580759048461914e-01
1.540890932083129883e+00
1.204681634902954102e+00
2.089812755584716797e+00
1.658816099166870117e+00
1.165802121162414551e+00
1.152713775634765625e+00
8.556452393531799316e-01
4.444876909255981445e-01
5.789022445678710938e-01
5.157539844512939453e-01
8.256952762603759766e-01
6.483790278434753418e-01
7.446759939193725586e-01
9.919075965881347656e-01
1.294980883598327637e+00
9.758007526397705078e-01
1.146214246749877930e+00
6.860626339912414551e-01
1.108938574790954590e+00
8.547846674919128418e-01
9.933767318725585938e-01
1.434000372886657715e+00
1.583640336990356445e+00
1.166808962821960449e+00
1.307734131813049316e+00
1.447245478630065918e+00
3.408824503421783447e-01
1.169928789138793945e+00
8.236034512519836426e-01
1.901497960090637207e+00
1.407633304595947266e+00
1.155037045478820801e+00
1.252659320831298828e+00
1.015200614929199219e+00
6.270685195922851562e-01
7.934980988502502441e-01
6.787245869636535645e-01
8.010539412498474121e-01
5.235728025436401367e-01
4.624584317207336426e-01
6.378000378608703613e-01
8.792716264724731445e-01
6.515830755233764648e-01
7.188492417335510254e-01
2.730118036270141602e-01
8.021477460861206055e-01
7.677547931671142578e-01
7.985802888870239258e-01
1.244387507438659668e+00
1.558919787406921387e+00
1.186591863632202148e+00
1.293113827705383301e+00
1.519294023513793945e+00
6.329376101493835449e-01
3.032106161117553711e-01
1.316879630088806152e+00
8.461937904357910156e-01
6.819670796394348145e-01
8.549698591232299805e-01
7.854599356651306152e-01
3.446609377861022949e-01
7.578949928283691406e-01
7.348247766494750977e-01
5.187258720397949219e-01
5.688031315803527832e-01
4.751390218734741211e-01
3.621354401111602783e-01
8.718314170837402344e-01
1.086985230445861816e+00
7.962129116058349609e-01
5.179518461227416992e-01
9.850799441337585449e-01
1.027791142463684082e+00
1.156478643417358398e+00
1.850617051124572754e+00
2.235813140869140625e+00
1.810870409011840820e+00
1.922096490859985352e+00
2.045145034790039062e+00
1.323580294847488403e-01
8.633404970169067383e-01
2.801635265350341797e-01
7.816593647003173828e-01
1.008882403373718262e+00
1.305820703506469727e+00
8.840844035148620605e-01
1.449094414710998535e+00
1.607133269309997559e+00
1.169113397598266602e+00
1.318998217582702637e+00
1.054201841354370117e+00
7.219864726066589355e-01
1.075395584106445312e+00
1.354438781738281250e+00
8.618159294128417969e-01
1.080868124961853027e+00
1.181449770927429199e+00
1.425077319145202637e+00
1.576672673225402832e+00
2.376308202743530273e+00
2.953454494476318359e+00
2.513549327850341797e+00
2.765835762023925781e+00
2.929653882980346680e+00
1.106081247329711914e+00
3.727099001407623291e-01
4.371798336505889893e-01
6.590157151222229004e-01
9.065836668014526367e-01
5.683071017265319824e-01
1.135314226150512695e+00
1.250634908676147461e+00
7.901144027709960938e-01
9.638122320175170898e-01
7.074800729751586914e-01
3.359610736370086670e-01
6.100479364395141602e-01
1.055634975433349609e+00
6.410163640975952148e-01
7.403128147125244141e-01
1.060718297958374023e+00
1.295132160186767578e+00
1.323615670204162598e+00
2.077126026153564453e+00
2.625870227813720703e+00
2.225564002990722656e+00
2.387464523315429688e+00
2.578267335891723633e+00
1.134543776512145996e+00
1.260734677314758301e+00
1.316128611564636230e+00
1.669402837753295898e+00
1.515454292297363281e+00
1.712971687316894531e+00
2.388895511627197266e+00
2.003584146499633789e+00
2.265548706054687500e+00
2.027273654937744141e+00
1.728441596031188965e+00
2.118991374969482422e+00
2.372839212417602539e+00
1.848909735679626465e+00
1.966257333755493164e+00
1.956428408622741699e+00
2.253848075866699219e+00
2.461019039154052734e+00
3.318004369735717773e+00
3.795454025268554688e+00
3.303772211074829102e+00
3.593952178955078125e+00
3.777260780334472656e+00
5.952243804931640625e-01
9.001022577285766602e-01
1.186413764953613281e+00
9.642385244369506836e-01
1.485715508460998535e+00
1.444252252578735352e+00
9.515790343284606934e-01
1.084431409835815430e+00
9.220458865165710449e-01
7.433580756187438965e-01
1.021687030792236328e+00
1.569353580474853516e+00
1.210449814796447754e+00
1.221435904502868652e+00
1.710589170455932617e+00
1.947081208229064941e+00
1.907916784286499023e+00
2.586985588073730469e+00
3.100327730178833008e+00
2.743614912033081055e+00
2.727689504623413086e+00
2.785504102706909180e+00
1.322080492973327637e-01
3.382489383220672607e-01
4.096351861953735352e-01
7.891437411308288574e-01
9.462946653366088867e-01
4.590713083744049072e-01
9.235873818397521973e-01
8.976099491119384766e-01
9.100153446197509766e-01
1.378525018692016602e+00
1.809560418128967285e+00
1.553689599037170410e+00
1.249541997909545898e+00
1.847134709358215332e+00
1.945676803588867188e+00
1.978427529335021973e+00
2.592974662780761719e+00
2.921534299850463867e+00
2.555764675140380859e+00
2.517303466796875000e+00
2.487605333328247070e+00
3.005707263946533203e-01
4.221215546131134033e-01
6.457889080047607422e-01
1.120785593986511230e+00
6.837845444679260254e-01
1.120511174201965332e+00
1.149535655975341797e+00
1.159562230110168457e+00
1.658355951309204102e+00
2.002216815948486328e+00
1.755055665969848633e+00
1.455803513526916504e+00
1.974012494087219238e+00
2.041968822479248047e+00
2.139980316162109375e+00
2.745339155197143555e+00
3.012988805770874023e+00
2.623591661453247070e+00
2.638609170913696289e+00
2.648159503936767578e+00
1.323826462030410767e-01
3.061748147010803223e-01
6.669346690177917480e-01
4.059015214443206787e-01
8.410821557044982910e-01
1.084567308425903320e+00
1.201166629791259766e+00
1.674595355987548828e+00
1.845595002174377441e+00
1.789586067199707031e+00
1.387108087539672852e+00
1.968729734420776367e+00
1.928285479545593262e+00
2.023067474365234375e+00
2.480665683746337891e+00
2.639187574386596680e+00
2.263401031494140625e+00
2.231149196624755859e+00
2.183718681335449219e+00
1.324058920145034790e-01
6.117305755615234375e-01
3.797413110733032227e-01
6.161870360374450684e-01
6.736648678779602051e-01
6.945327520370483398e-01
1.220663905143737793e+00
1.483007550239562988e+00
1.254115462303161621e+00
9.246002435684204102e-01
1.480343937873840332e+00
1.527042627334594727e+00
1.605110764503479004e+00
2.155293464660644531e+00
2.310979127883911133e+00
1.905176401138305664e+00
1.966353297233581543e+00
2.004298686981201172e+00
7.454737424850463867e-01
6.681828498840332031e-01
9.362308979034423828e-01
1.145285487174987793e+00
1.209501028060913086e+00
1.695485830307006836e+00
1.761921882629394531e+00
1.591220378875732422e+00
1.228021264076232910e+00
1.599041342735290527e+00
1.682335019111633301e+00
1.753041863441467285e+00
2.335691690444946289e+00
2.443096637725830078e+00
2.007219314575195312e+00
2.131216764450073242e+00
2.120306253433227539e+00
3.302025794982910156e-01
2.921048104763031006e-01
7.136667966842651367e-01
1.053597688674926758e+00
1.284126520156860352e+00
1.353962659835815430e+00
1.595575571060180664e+00
1.060534477233886719e+00
1.799361944198608398e+00
1.663739442825317383e+00
1.545420050621032715e+00
1.585961818695068359e+00
1.729016542434692383e+00
1.354168534278869629e+00
1.225963115692138672e+00
1.139933705329895020e+00
3.479335308074951172e-01
4.857222139835357666e-01
7.615445256233215332e-01
1.096247792243957520e+00
1.420025467872619629e+00
1.407730579376220703e+00
9.613909125328063965e-01
1.728793144226074219e+00
1.766315460205078125e+00
1.688396811485290527e+00
2.159206867218017578e+00
2.402816534042358398e+00
2.047583341598510742e+00
1.926747441291809082e+00
1.829073548316955566e+00
2.836931943893432617e-01
6.681593060493469238e-01
7.144264578819274902e-01
1.054142832756042480e+00
1.177132844924926758e+00
7.192220091819763184e-01
1.557593584060668945e+00
1.579860687255859375e+00
1.402975082397460938e+00
1.647781848907470703e+00
1.867216944694519043e+00
1.531049847602844238e+00
1.356320738792419434e+00
1.317277669906616211e+00
3.375424146652221680e-01
3.112471401691436768e-01
7.350451350212097168e-01
7.446866035461425781e-01
3.579095602035522461e-01
1.207552433013916016e+00
1.358753442764282227e+00
1.088396668434143066e+00
1.577353000640869141e+00
1.975670695304870605e+00
1.620283603668212891e+00
1.583857178688049316e+00
1.713670611381530762e+00
1.323389112949371338e-01
6.603841781616210938e-01
3.715253174304962158e-01
3.644354939460754395e-01
9.167308211326599121e-01
1.137480735778808594e+00
9.879582524299621582e-01
1.661654710769653320e+00
2.213812351226806641e+00
1.856544613838195801e+00
1.987989068031311035e+00
2.183518648147583008e+00
3.817278444766998291e-01
5.644896626472473145e-01
4.197079241275787354e-01
1.108815312385559082e+00
1.244267582893371582e+00
8.206444382667541504e-01
1.308904290199279785e+00
1.842555046081542969e+00
1.584361433982849121e+00
1.640124559402465820e+00
1.821542263031005859e+00
2.885349988937377930e-01
3.122210800647735596e-01
5.199693441390991211e-01
6.435311436653137207e-01
2.905645966529846191e-01
8.168828487396240234e-01
1.365000844001770020e+00
1.055394887924194336e+00
1.246047973632812500e+00
1.494264245033264160e+00
1.323329955339431763e-01
3.819956779479980469e-01
6.409057974815368652e-01
5.646734833717346191e-01
1.371008634567260742e+00
2.007494926452636719e+00
1.635243415832519531e+00
1.973500728607177734e+00
2.246106386184692383e+00
1.324326545000076294e-01
2.990047335624694824e-01
2.705335617065429688e-01
1.117694854736328125e+00
1.728405475616455078e+00
1.269280433654785156e+00
1.607471227645874023e+00
1.837004899978637695e+00
1.323249489068984985e-01
3.362350165843963623e-01
1.189847111701965332e+00
1.766636133193969727e+00
1.286123514175415039e+00
1.870825648307800293e+00
2.255694866180419922e+00
1.323920190334320068e-01
9.110228419303894043e-01
1.421546339988708496e+00
9.257868528366088867e-01
1.529327273368835449e+00
1.956531882286071777e+00
5.043128728866577148e-01
1.150578618049621582e+00
8.315357565879821777e-01
1.245986700057983398e+00
1.565711975097656250e+00
3.020483553409576416e-01
3.008922338485717773e-01
4.365392029285430908e-01
9.199585318565368652e-01
1.323145180940628052e-01
3.408109247684478760e-01
9.262181520462036133e-01
1.323851794004440308e-01
6.854572296142578125e-01
3.683005571365356445e-01
