4.369967460632324219e+00
4.485457420349121094e+00
4.625949859619140625e+00
3.971433877944946289e+00
2.427821636199951172e+00
1.006281137466430664e+00
1.000158071517944336e+00
2.115721225738525391e+00
2.060858249664306641e+00
4.261447429656982422e+00
4.282319545745849609e+00
5.199053287506103516e+00
5.325293540954589844e+00
4.810569286346435547e+00
1.672026157379150391e+00
1.408726811408996582e+00
1.043941259384155273e+00
1.070155382156372070e+00
2.491103887557983398e+00
2.166662454605102539e+00
2.074332237243652344e+00
4.898908615112304688e+00
5.154978275299072266e+00
4.698013782501220703e+00
5.458824634552001953e+00
5.579474925994873047e+00
6.540565013885498047e+00
6.698347568511962891e+00
6.357157707214355469e+00
6.437591075897216797e+00
7.287360191345214844e+00
7.510488510131835938e+00
7.930449485778808594e+00
6.832314968109130859e+00
7.909181118011474609e+00
7.060738086700439453e+00
7.079888343811035156e+00
6.691761493682861328e+00
6.789294719696044922e+00
5.893039226531982422e+00
5.389659881591796875e+00
5.198788642883300781e+00
5.744975566864013672e+00
5.521829605102539062e+00
5.919084072113037109e+00
6.619545459747314453e+00
6.473142623901367188e+00
6.789626121520996094e+00
7.604548454284667969e+00
7.943329811096191406e+00
7.470318794250488281e+00
7.040064811706542969e+00
6.388425350189208984e+00
6.556149482727050781e+00
6.623039245605468750e+00
7.579859733581542969e+00
7.939100265502929688e+00
7.127577304840087891e+00
7.560194492340087891e+00
7.324987411499023438e+00
7.726941108703613281e+00
8.144711494445800781e+00
8.206339836120605469e+00
7.062960147857666016e+00
7.053786754608154297e+00
6.663640499114990234e+00
6.885639190673828125e+00
5.966194629669189453e+00
4.633460521697998047e+00
4.611719131469726562e+00
4.407487392425537109e+00
4.189134597778320312e+00
3.787228822708129883e+00
1.950252532958984375e+00
1.507252454757690430e+00
1.040467023849487305e+00
1.414302229881286621e+00
2.052370309829711914e+00
4.115378856658935547e+00
4.192983150482177734e+00
3.855985164642333984e+00
4.230506420135498047e+00
1.333936899900436401e-01
3.552936911582946777e-01
3.057575523853302002e-01
1.770002722740173340e+00
3.518167257308959961e+00
4.096481800079345703e+00
3.273597240447998047e+00
2.575734138488769531e+00
1.067299604415893555e+00
7.948479652404785156e-01
1.567032933235168457e+00
1.571643233299255371e+00
9.517372250556945801e-01
3.998728036880493164e+00
4.728727817535400391e+00
4.741468906402587891e+00
5.081381797790527344e+00
4.557350158691406250e+00
3.423460483551025391e+00
2.964025020599365234e+00
2.647531032562255859e+00
2.529900789260864258e+00
1.987736821174621582e+00
1.783770918846130371e+00
1.464394807815551758e+00
2.447292327880859375e+00
2.386817693710327148e+00
1.786688923835754395e+00
1.834164381027221680e+00
2.699817657470703125e+00
2.944629430770874023e+00
3.408241748809814453e+00
2.376356840133666992e+00
3.348415136337280273e+00
2.487631320953369141e+00
2.621285200119018555e+00
2.175856113433837891e+00
2.490247011184692383e+00
1.403206348419189453e+00
1.019340872764587402e+00
9.353120326995849609e-01
1.304869532585144043e+00
1.407969117164611816e+00
1.660613775253295898e+00
2.404906272888183594e+00
2.689683198928833008e+00
3.050604581832885742e+00
3.891797065734863281e+00
4.301359176635742188e+00
4.060689926147460938e+00
3.886088371276855469e+00
3.323001384735107422e+00
3.245260238647460938e+00
3.147495985031127930e+00
3.647598266601562500e+00
4.541479587554931641e+00
4.348293781280517578e+00
4.441939353942871094e+00
4.348290920257568359e+00
4.558175086975097656e+00
4.431136608123779297e+00
4.136199951171875000e+00
2.920141935348510742e+00
3.428688049316406250e+00
2.828966140747070312e+00
3.714672565460205078e+00
2.933119773864746094e+00
8.584208488464355469e-01
1.260784506797790527e+00
1.472443461418151855e+00
1.324802279472351074e+00
1.564970970153808594e+00
4.682591438293457031e+00
5.052778720855712891e+00
4.143649101257324219e+00
3.112303256988525391e+00
2.113878250122070312e+00
1.066074013710021973e+00
5.793631672859191895e-01
1.081099510192871094e+00
6.716048121452331543e-01
3.402005732059478760e-01
5.628442764282226562e-01
1.902243614196777344e+00
3.575863599777221680e+00
4.123171329498291016e+00
3.198813676834106445e+00
2.607821464538574219e+00
1.483172297477722168e+00
1.388291478157043457e+00
2.299992322921752930e+00
1.798300743103027344e+00
1.292068719863891602e+00
3.969354391098022461e+00
4.718446731567382812e+00
4.786262989044189453e+00
5.124754428863525391e+00
4.603139400482177734e+00
3.470903396606445312e+00
3.100327253341674805e+00
3.344086170196533203e+00
3.258584260940551758e+00
2.738193988800048828e+00
2.427478075027465820e+00
2.178614854812622070e+00
3.115829944610595703e+00
2.988228082656860352e+00
2.172054052352905273e+00
2.048733949661254883e+00
2.885782718658447266e+00
3.193377256393432617e+00
3.702673435211181641e+00
2.718518972396850586e+00
3.488757371902465820e+00
2.317207098007202148e+00
2.675422430038452148e+00
2.040395975112915039e+00
2.455324172973632812e+00
1.383832812309265137e+00
1.597492456436157227e+00
1.483396053314208984e+00
1.595637798309326172e+00
2.072380065917968750e+00
2.080103635787963867e+00
2.855318546295166016e+00
3.077999591827392578e+00
3.414944887161254883e+00
4.401651859283447266e+00
4.916235923767089844e+00
4.675104141235351562e+00
4.493854999542236328e+00
4.038345336914062500e+00
3.981691360473632812e+00
3.848832845687866211e+00
4.066271781921386719e+00
5.241346359252929688e+00
5.085625171661376953e+00
5.182342052459716797e+00
5.090700149536132812e+00
5.291742801666259766e+00
5.113858699798583984e+00
4.760293006896972656e+00
3.548643589019775391e+00
4.131852626800537109e+00
3.497596979141235352e+00
4.455116748809814453e+00
3.677906990051269531e+00
1.518705844879150391e+00
1.993740677833557129e+00
2.191462278366088867e+00
1.948006272315979004e+00
2.166674852371215820e+00
4.858310222625732422e+00
5.253441333770751953e+00
4.313514709472656250e+00
3.283486127853393555e+00
2.337088108062744141e+00
1.521828293800354004e+00
1.165443062782287598e+00
1.434780240058898926e+00
1.137928605079650879e+00
3.452229499816894531e-01
1.943130612373352051e+00
3.744889736175537109e+00
4.260255336761474609e+00
3.257632970809936523e+00
2.586560010910034180e+00
1.067203402519226074e+00
9.945570230484008789e-01
1.748804330825805664e+00
1.178854465484619141e+00
6.512994170188903809e-01
4.013453960418701172e+00
4.800371170043945312e+00
4.824186801910400391e+00
5.197770595550537109e+00
4.532830238342285156e+00
3.422513723373413086e+00
3.062329769134521484e+00
2.890613555908203125e+00
2.941313982009887695e+00
2.338081359863281250e+00
1.999058604240417480e+00
1.817802309989929199e+00
2.718029975891113281e+00
2.569885969161987305e+00
1.812161564826965332e+00
1.802518129348754883e+00
2.669757366180419922e+00
2.941712856292724609e+00
3.442896127700805664e+00
2.217227458953857422e+00
3.172229290008544922e+00
2.213536500930786133e+00
2.281595945358276367e+00
1.843793034553527832e+00
2.045576810836791992e+00
1.049574732780456543e+00
1.129648089408874512e+00
8.687442541122436523e-01
1.087514400482177734e+00
1.485328555107116699e+00
1.444827675819396973e+00
2.256271839141845703e+00
2.425995826721191406e+00
2.767369270324707031e+00
3.755085468292236328e+00
4.282624721527099609e+00
4.028656482696533203e+00
3.843263626098632812e+00
3.445675373077392578e+00
3.424181461334228516e+00
3.246997356414794922e+00
3.443955898284912109e+00
4.642475128173828125e+00
4.507887840270996094e+00
4.666572093963623047e+00
4.619948387145996094e+00
4.807419776916503906e+00
4.684593200683593750e+00
4.334369659423828125e+00
3.069613933563232422e+00
3.758267879486083984e+00
3.163758754730224609e+00
3.988271236419677734e+00
3.312782049179077148e+00
1.362540364265441895e+00
1.682712197303771973e+00
1.939759850502014160e+00
1.839228868484497070e+00
2.014445304870605469e+00
4.788870811462402344e+00
5.239253044128417969e+00
4.321814060211181641e+00
3.322209358215332031e+00
2.363427639007568359e+00
1.694888472557067871e+00
1.138567447662353516e+00
1.678250551223754883e+00
1.270395278930664062e+00
1.271191954612731934e+00
3.139034032821655273e+00
3.661171674728393555e+00
2.676418066024780273e+00
1.928412914276123047e+00
6.824611425399780273e-01
7.095865607261657715e-01
1.729614138603210449e+00
1.430290579795837402e+00
8.132864236831665039e-01
3.394166469573974609e+00
4.179505348205566406e+00
4.162681579589843750e+00
4.547223567962646484e+00
3.890243053436279297e+00
2.766235351562500000e+00
2.377434730529785156e+00
2.565129756927490234e+00
2.632864952087402344e+00
2.142145395278930664e+00
1.890087366104125977e+00
1.750754237174987793e+00
2.755716085433959961e+00
2.677783966064453125e+00
2.016961097717285156e+00
2.057331800460815430e+00
2.930231571197509766e+00
3.182314395904541016e+00
3.662032842636108398e+00
2.549683809280395508e+00
3.509155750274658203e+00
2.617828369140625000e+00
2.695891618728637695e+00
2.265714168548583984e+00
2.502604246139526367e+00
1.450136542320251465e+00
1.274949789047241211e+00
1.075021505355834961e+00
1.434699296951293945e+00
1.599002361297607422e+00
1.791774153709411621e+00
2.558252096176147461e+00
2.681982040405273438e+00
3.044326305389404297e+00
3.993238687515258789e+00
4.470567226409912109e+00
4.154636859893798828e+00
3.931132078170776367e+00
3.418237686157226562e+00
3.402467489242553711e+00
3.316166877746582031e+00
3.746359825134277344e+00
4.749119281768798828e+00
4.462319374084472656e+00
4.645522594451904297e+00
4.562802791595458984e+00
4.784388065338134766e+00
4.721492767333984375e+00
4.437176704406738281e+00
3.205682754516601562e+00
3.708261013031005859e+00
3.138630151748657227e+00
3.935625076293945312e+00
3.139379024505615234e+00
1.177801370620727539e+00
1.422713518142700195e+00
1.589419722557067871e+00
1.360518455505371094e+00
1.542224287986755371e+00
4.112688064575195312e+00
4.542690277099609375e+00
3.625357151031494141e+00
2.630326271057128906e+00
1.685092926025390625e+00
1.239052414894104004e+00
8.187742233276367188e-01
1.249071478843688965e+00
9.787790775299072266e-01
1.597399950027465820e+00
2.149982452392578125e+00
1.561523914337158203e+00
9.330450296401977539e-01
1.698364377021789551e+00
1.714181184768676758e+00
2.711429119110107422e+00
2.667407751083374023e+00
2.113651990890502930e+00
2.131763458251953125e+00
2.765016078948974609e+00
2.762698173522949219e+00
3.068935632705688477e+00
2.915914297103881836e+00
1.768763542175292969e+00
1.226039290428161621e+00
2.988841533660888672e+00
3.096928119659423828e+00
2.707906007766723633e+00
2.969325304031372070e+00
3.008819341659545898e+00
4.018465042114257812e+00
4.113885879516601562e+00
3.688212156295776367e+00
3.778032541275024414e+00
4.632324218750000000e+00
4.856143951416015625e+00
5.293292522430419922e+00
4.138634681701660156e+00
5.199132919311523438e+00
4.350001811981201172e+00
4.355772018432617188e+00
3.978401899337768555e+00
4.076363086700439453e+00
3.189146995544433594e+00
2.753352642059326172e+00
2.491748332977294922e+00
3.030900478363037109e+00
2.878741741180419922e+00
3.219341278076171875e+00
3.971204757690429688e+00
3.902994632720947266e+00
4.247811317443847656e+00
5.153562068939208984e+00
5.582111358642578125e+00
5.172264575958251953e+00
4.874263763427734375e+00
4.269970417022705078e+00
4.313652038574218750e+00
4.353936672210693359e+00
5.019849777221679688e+00
5.764137268066406250e+00
5.204878330230712891e+00
5.484177112579345703e+00
5.341444969177246094e+00
5.641189098358154297e+00
5.826611995697021484e+00
5.731499195098876953e+00
4.533437252044677734e+00
4.750171184539794922e+00
4.255900382995605469e+00
4.796311378479003906e+00
3.880288362503051758e+00
2.130795478820800781e+00
2.155703067779541016e+00
2.067059993743896484e+00
1.790054321289062500e+00
1.558651566505432129e+00
2.971894979476928711e+00
3.254968881607055664e+00
2.274725914001464844e+00
1.280572533607482910e+00
4.541058838367462158e-01
1.755100488662719727e+00
1.729326367378234863e+00
1.657771348953247070e+00
1.909112453460693359e+00
4.241660833358764648e-01
1.432476162910461426e+00
1.654570579528808594e+00
3.715440750122070312e+00
3.721375942230224609e+00
4.721698760986328125e+00
4.625792503356933594e+00
4.123569965362548828e+00
1.422734022140502930e+00
1.491905570030212402e+00
1.421463251113891602e+00
1.525926947593688965e+00
2.796410799026489258e+00
2.111842870712280273e+00
1.898904442787170410e+00
4.821531772613525391e+00
4.945508480072021484e+00
4.502378940582275391e+00
4.948482036590576172e+00
4.994820594787597656e+00
6.001841068267822266e+00
6.095220565795898438e+00
5.617966175079345703e+00
5.656957149505615234e+00
6.526813507080078125e+00
6.777254581451416016e+00
7.230097293853759766e+00
6.126170158386230469e+00
7.140323638916015625e+00
6.202482223510742188e+00
6.269082069396972656e+00
5.810057640075683594e+00
5.972221851348876953e+00
5.036865234375000000e+00
4.708294391632080078e+00
4.484013557434082031e+00
4.999709129333496094e+00
4.897474288940429688e+00
5.211677074432373047e+00
5.989094257354736328e+00
5.907611370086669922e+00
6.239260196685791016e+00
7.158964633941650391e+00
7.582951068878173828e+00
7.152581691741943359e+00
6.811805248260498047e+00
6.180039882659912109e+00
6.265672683715820312e+00
6.324912071228027344e+00
7.044089794158935547e+00
7.710431098937988281e+00
7.053081512451171875e+00
7.385349750518798828e+00
7.201000690460205078e+00
7.542289733886718750e+00
7.784126281738281250e+00
7.712369441986083984e+00
6.523735046386718750e+00
6.695234775543212891e+00
6.214529037475585938e+00
6.691884994506835938e+00
5.746942996978759766e+00
4.100217342376708984e+00
4.128875732421875000e+00
3.987601280212402344e+00
3.714020013809204102e+00
3.405885696411132812e+00
2.744049072265625000e+00
2.625680446624755859e+00
1.805062294006347656e+00
1.420262217521667480e+00
1.642930626869201660e+00
3.558839082717895508e+00
3.518497705459594727e+00
3.304647684097290039e+00
3.560742378234863281e+00
1.305677890777587891e+00
1.818826675415039062e+00
4.212294101715087891e+00
4.285870552062988281e+00
5.238550662994384766e+00
5.054271221160888672e+00
4.630880355834960938e+00
1.076453447341918945e+00
7.423328161239624023e-01
7.179188132286071777e-01
7.497622966766357422e-01
2.524059295654296875e+00
2.120141744613647461e+00
2.133497953414916992e+00
5.229315757751464844e+00
5.522288799285888672e+00
5.065043449401855469e+00
5.539544105529785156e+00
5.604447841644287109e+00
6.617321968078613281e+00
6.697688579559326172e+00
6.188096046447753906e+00
6.233454704284667969e+00
7.108057022094726562e+00
7.359202861785888672e+00
7.823276042938232422e+00
6.646116256713867188e+00
7.660544872283935547e+00
6.683471679687500000e+00
6.740047931671142578e+00
6.280674457550048828e+00
6.405413150787353516e+00
5.534150600433349609e+00
5.297619819641113281e+00
5.010428428649902344e+00
5.521930694580078125e+00
5.441077232360839844e+00
5.699258327484130859e+00
6.483798503875732422e+00
6.355971336364746094e+00
6.663729190826416016e+00
7.603709220886230469e+00
8.072412490844726562e+00
7.606837272644042969e+00
7.255611896514892578e+00
6.688705921173095703e+00
6.793968200683593750e+00
6.775277614593505859e+00
7.535992622375488281e+00
8.217069625854492188e+00
7.521896839141845703e+00
7.923295021057128906e+00
7.760040760040283203e+00
8.107501029968261719e+00
8.399078369140625000e+00
8.329926490783691406e+00
7.111562728881835938e+00
7.322222232818603516e+00
6.845862865447998047e+00
7.263007164001464844e+00
6.346042156219482422e+00
4.726888179779052734e+00
4.732323169708251953e+00
4.609124183654785156e+00
4.354628562927246094e+00
4.027798652648925781e+00
2.600166082382202148e+00
2.459025621414184570e+00
1.764905333518981934e+00
1.651223778724670410e+00
2.253067731857299805e+00
4.244901180267333984e+00
4.189493656158447266e+00
4.018096446990966797e+00
4.253632068634033203e+00
7.650187015533447266e-01
3.096574306488037109e+00
3.277905225753784180e+00
4.154528617858886719e+00
3.737016916275024414e+00
3.453389644622802734e+00
3.806665539741516113e-01
1.277807116508483887e+00
1.460279226303100586e+00
1.832299113273620605e+00
1.543530225753784180e+00
1.230376720428466797e+00
1.345261573791503906e+00
4.248242855072021484e+00
4.762505531311035156e+00
4.318607330322265625e+00
4.595896720886230469e+00
4.693616390228271484e+00
5.692094802856445312e+00
5.724627494812011719e+00
5.163596630096435547e+00
5.253890514373779297e+00
6.111394882202148438e+00
6.342798233032226562e+00
6.817996978759765625e+00
5.461441516876220703e+00
6.491054534912109375e+00
5.501117706298828125e+00
5.499794006347656250e+00
5.051994800567626953e+00
5.103430271148681641e+00
4.410303115844726562e+00
4.341951370239257812e+00
3.903802633285522461e+00
4.392587661743164062e+00
4.354408740997314453e+00
4.480319499969482422e+00
5.255283355712890625e+00
5.059013843536376953e+00
5.328945159912109375e+00
6.322696685791015625e+00
6.891283988952636719e+00
6.363691806793212891e+00
6.088449954986572266e+00
5.657402038574218750e+00
5.781811714172363281e+00
5.611722946166992188e+00
6.292284011840820312e+00
7.162251472473144531e+00
6.543486595153808594e+00
6.958959579467773438e+00
6.922196865081787109e+00
7.218330860137939453e+00
7.490067005157470703e+00
7.376884937286376953e+00
6.091501712799072266e+00
6.471421718597412109e+00
5.988794803619384766e+00
6.390962123870849609e+00
5.585704326629638672e+00
3.932969570159912109e+00
3.887200117111206055e+00
3.872637033462524414e+00
3.662774085998535156e+00
3.396306276321411133e+00
2.378463268280029297e+00
2.827948808670043945e+00
1.985857367515563965e+00
1.345893621444702148e+00
2.026282310485839844e+00
3.718822240829467773e+00
3.614052057266235352e+00
3.579707860946655273e+00
3.801035404205322266e+00
2.097383022308349609e+00
2.265798091888427734e+00
3.146118402481079102e+00
2.932217359542846680e+00
2.593764781951904297e+00
9.837594628334045410e-01
1.832852840423583984e+00
1.694494366645812988e+00
2.154561996459960938e+00
1.520703792572021484e+00
4.981110692024230957e-01
4.387632906436920166e-01
3.213263750076293945e+00
3.692303419113159180e+00
3.247289896011352539e+00
3.587458610534667969e+00
3.730944633483886719e+00
4.712718009948730469e+00
4.787387371063232422e+00
4.326628208160400391e+00
4.463016510009765625e+00
5.305655479431152344e+00
5.511178493499755859e+00
5.932765483856201172e+00
4.638503551483154297e+00
5.706626892089843750e+00
4.822643756866455078e+00
4.774399280548095703e+00
4.390908241271972656e+00
4.409324169158935547e+00
3.713775157928466797e+00
3.443368673324584961e+00
3.030010700225830078e+00
3.559111833572387695e+00
3.411633014678955078e+00
3.634667873382568359e+00
4.364560604095458984e+00
4.172185420989990234e+00
4.463881492614746094e+00
5.404272556304931641e+00
5.918865203857421875e+00
5.422793388366699219e+00
5.114264965057373047e+00
4.624525547027587891e+00
4.740484237670898438e+00
4.617506504058837891e+00
5.375997066497802734e+00
6.133083820343017578e+00
5.499346733093261719e+00
5.906561851501464844e+00
5.852460861206054688e+00
6.156589984893798828e+00
6.458136081695556641e+00
6.387308597564697266e+00
5.119071960449218750e+00
5.434692859649658203e+00
4.973015308380126953e+00
5.326655387878417969e+00
4.519301414489746094e+00
2.945012092590332031e+00
2.863000631332397461e+00
2.841548442840576172e+00
2.665921211242675781e+00
2.376662969589233398e+00
1.873372554779052734e+00
2.352485895156860352e+00
1.471055984497070312e+00
5.939279198646545410e-01
1.149399995803833008e+00
2.829418420791625977e+00
2.795342445373535156e+00
2.793645858764648438e+00
3.032022237777709961e+00
1.326857507228851318e-01
7.691908478736877441e-01
8.891237378120422363e-01
3.081163465976715088e-01
3.649121999740600586e+00
4.507968425750732422e+00
4.283038139343261719e+00
4.786547660827636719e+00
3.575127363204956055e+00
2.582544565200805664e+00
2.045428037643432617e+00
1.525462865829467773e+00
1.745214819908142090e+00
1.315749764442443848e+00
1.242233157157897949e+00
1.454872131347656250e+00
2.348295450210571289e+00
2.405092716217041016e+00
2.123002767562866211e+00
2.358038902282714844e+00
3.117892503738403320e+00
3.237947702407836914e+00
3.591341257095336914e+00
2.363516092300415039e+00
3.482005357742309570e+00
2.808981418609619141e+00
2.677242994308471680e+00
2.452116012573242188e+00
2.415949821472167969e+00
1.812625408172607422e+00
1.294239521026611328e+00
8.151581287384033203e-01
1.357317209243774414e+00
1.046933293342590332e+00
1.400351881980895996e+00
2.078362703323364258e+00
1.996116042137145996e+00
2.358450174331665039e+00
3.198138236999511719e+00
3.625693082809448242e+00
3.233724594116210938e+00
2.980227470397949219e+00
2.422908544540405273e+00
2.464671611785888672e+00
2.429225206375122070e+00
3.068098068237304688e+00
3.866289854049682617e+00
3.460866451263427734e+00
3.717447042465209961e+00
3.679912090301513672e+00
3.925517082214355469e+00
4.095038890838623047e+00
3.984571695327758789e+00
2.707795619964599609e+00
3.117669582366943359e+00
2.646520376205444336e+00
3.090444564819335938e+00
2.379894971847534180e+00
1.040566444396972656e+00
8.609492182731628418e-01
1.073647737503051758e+00
1.130295872688293457e+00
1.058529973030090332e+00
3.601114273071289062e+00
4.304603099822998047e+00
3.556845903396606445e+00
2.732194900512695312e+00
1.739246726036071777e+00
1.586567163467407227e+00
1.208986997604370117e+00
1.781452536582946777e+00
1.647137999534606934e+00
7.091623544692993164e-01
1.073789119720458984e+00
4.372083544731140137e-01
3.829136371612548828e+00
4.665548801422119141e+00
4.443356037139892578e+00
4.929362297058105469e+00
3.788276910781860352e+00
2.786731481552124023e+00
2.229956388473510742e+00
1.267971277236938477e+00
1.414319515228271484e+00
9.827543497085571289e-01
1.042164087295532227e+00
1.225018262863159180e+00
2.197007894515991211e+00
2.265795469284057617e+00
1.869942784309387207e+00
2.057891130447387695e+00
2.855239868164062500e+00
3.030230283737182617e+00
3.458637952804565430e+00
2.278909921646118164e+00
3.381837129592895508e+00
2.721676588058471680e+00
2.661433458328247070e+00
2.460736751556396484e+00
2.488694667816162109e+00
1.675607442855834961e+00
9.830068945884704590e-01
7.360780239105224609e-01
1.247979998588562012e+00
9.577208757400512695e-01
1.373030662536621094e+00
2.090170860290527344e+00
2.108292579650878906e+00
2.488501787185668945e+00
3.227638006210327148e+00
3.556995391845703125e+00
3.180293560028076172e+00
2.906220912933349609e+00
2.270263671875000000e+00
2.281002521514892578e+00
2.310027360916137695e+00
3.093850374221801758e+00
3.729264020919799805e+00
3.273038625717163086e+00
3.498404741287231445e+00
3.434176206588745117e+00
3.686687231063842773e+00
3.892691135406494141e+00
3.836382627487182617e+00
2.604584217071533203e+00
2.881072759628295898e+00
2.424057722091674805e+00
2.850600242614746094e+00
2.079730749130249023e+00
6.198842525482177734e-01
5.295768976211547852e-01
7.378778457641601562e-01
7.181088924407958984e-01
7.021211385726928711e-01
3.760137319564819336e+00
4.392617225646972656e+00
3.639893054962158203e+00
2.762420415878295898e+00
1.687662720680236816e+00
1.142392754554748535e+00
7.973958849906921387e-01
1.483023524284362793e+00
1.217976212501525879e+00
8.405377268791198730e-01
6.083119511604309082e-01
4.690424442291259766e+00
5.546895503997802734e+00
5.287853240966796875e+00
5.799983978271484375e+00
4.481005668640136719e+00
3.526533603668212891e+00
2.976080656051635742e+00
1.096919059753417969e+00
1.176597476005554199e+00
5.645419955253601074e-01
3.461333811283111572e-01
6.610376834869384766e-01
1.359368801116943359e+00
1.445364594459533691e+00
1.451256275177001953e+00
1.852056741714477539e+00
2.412587881088256836e+00
2.354188680648803711e+00
2.680149555206298828e+00
1.626872420310974121e+00
2.746658086776733398e+00
2.494395971298217773e+00
2.274528503417968750e+00
2.280975103378295898e+00
2.120679140090942383e+00
1.832748651504516602e+00
8.695605397224426270e-01
8.407858610153198242e-01
1.098004817962646484e+00
2.817172706127166748e-01
8.821048736572265625e-01
1.248083949089050293e+00
1.126554369926452637e+00
1.490422725677490234e+00
2.240031480789184570e+00
2.673475027084350586e+00
2.296516895294189453e+00
2.063921451568603516e+00
1.590811491012573242e+00
1.539703965187072754e+00
1.491480588912963867e+00
2.126968145370483398e+00
2.921423196792602539e+00
2.618274688720703125e+00
2.788919925689697266e+00
2.744195938110351562e+00
2.972821474075317383e+00
3.073556661605834961e+00
2.967347383499145508e+00
1.722470283508300781e+00
2.103942155838012695e+00
1.636362791061401367e+00
2.132261991500854492e+00
1.490381836891174316e+00
9.483360052108764648e-01
3.183218836784362793e-01
8.796947598457336426e-01
1.153385162353515625e+00
1.393297314643859863e+00
4.380490779876708984e+00
5.142821788787841797e+00
4.473109722137451172e+00
3.677635669708251953e+00
2.643225669860839844e+00
1.543368697166442871e+00
1.322468638420104980e+00
2.176306247711181641e+00
1.746838092803955078e+00
3.443116545677185059e-01
4.401889801025390625e+00
5.311376094818115234e+00
5.191106796264648438e+00
5.694813251495361328e+00
4.431744098663330078e+00
3.498620986938476562e+00
3.063224792480468750e+00
2.030356407165527344e+00
2.282539844512939453e+00
1.773092389106750488e+00
1.509709119796752930e+00
1.590907931327819824e+00
2.258294105529785156e+00
2.045861482620239258e+00
1.728544235229492188e+00
2.015126466751098633e+00
2.591524839401245117e+00
2.680461168289184570e+00
2.949913978576660156e+00
1.524240970611572266e+00
2.607136011123657227e+00
2.024045228958129883e+00
1.743126273155212402e+00
1.592481017112731934e+00
1.416877150535583496e+00
1.331930637359619141e+00
1.064308404922485352e+00
7.222719788551330566e-01
9.056367874145507812e-01
8.021457791328430176e-01
5.901947617530822754e-01
1.141126155853271484e+00
1.015766620635986328e+00
1.320746541023254395e+00
2.269387960433959961e+00
2.924835443496704102e+00
2.520247697830200195e+00
2.370958566665649414e+00
2.281409740447998047e+00
2.377237796783447266e+00
2.038514614105224609e+00
2.219034910202026367e+00
3.426074266433715820e+00
3.317787647247314453e+00
3.582945346832275391e+00
3.687299728393554688e+00
3.845536947250366211e+00
3.901194572448730469e+00
3.635556697845458984e+00
2.346518039703369141e+00
3.159029006958007812e+00
2.701818227767944336e+00
3.125097274780273438e+00
2.688388824462890625e+00
1.721694111824035645e+00
1.309945344924926758e+00
1.809504151344299316e+00
1.998255610466003418e+00
2.051255464553833008e+00
4.654399394989013672e+00
5.434908390045166016e+00
4.660315036773681641e+00
3.826639652252197266e+00
2.861057996749877930e+00
2.273023605346679688e+00
1.727478027343750000e+00
2.662927389144897461e+00
2.133419036865234375e+00
4.123917579650878906e+00
5.004406929016113281e+00
4.866856575012207031e+00
5.337431907653808594e+00
4.179627895355224609e+00
3.193534374237060547e+00
2.677242994308471680e+00
1.728148579597473145e+00
1.871474504470825195e+00
1.307048678398132324e+00
1.152655243873596191e+00
1.167110681533813477e+00
2.006934881210327148e+00
1.973797440528869629e+00
1.671338319778442383e+00
1.906553268432617188e+00
2.655410766601562500e+00
2.751278400421142578e+00
3.190867900848388672e+00
1.853790879249572754e+00
2.981897354125976562e+00
2.151416063308715820e+00
2.071449995040893555e+00
1.761707425117492676e+00
1.778112769126892090e+00
1.130941629409790039e+00
9.054830670356750488e-01
3.987002670764923096e-01
8.805571794509887695e-01
5.786895751953125000e-01
8.995828628540039062e-01
1.588719725608825684e+00
1.648654460906982422e+00
2.009622573852539062e+00
2.844287157058715820e+00
3.308887243270874023e+00
2.978313922882080078e+00
2.758534669876098633e+00
2.292650222778320312e+00
2.302608013153076172e+00
2.174643039703369141e+00
2.751788616180419922e+00
3.609970569610595703e+00
3.353003025054931641e+00
3.573042392730712891e+00
3.548320531845092773e+00
3.770933866500854492e+00
3.817903280258178711e+00
3.620450735092163086e+00
2.377854347229003906e+00
2.890125513076782227e+00
2.397238254547119141e+00
2.937160491943359375e+00
2.310949563980102539e+00
1.149076461791992188e+00
7.949215173721313477e-01
1.219385027885437012e+00
1.377447962760925293e+00
1.409112215042114258e+00
4.244577884674072266e+00
4.948564529418945312e+00
4.182576179504394531e+00
3.309650182723999023e+00
2.269365072250366211e+00
1.670309543609619141e+00
1.128268122673034668e+00
1.973691821098327637e+00
1.537205934524536133e+00
7.300093173980712891e-01
8.709897994995117188e-01
1.219283580780029297e+00
1.073092699050903320e+00
1.191538572311401367e+00
1.506953597068786621e+00
4.543482303619384766e+00
5.157490730285644531e+00
4.695376396179199219e+00
5.150988578796386719e+00
5.298381805419921875e+00
6.281592369079589844e+00
6.354795932769775391e+00
5.863041400909423828e+00
5.976903915405273438e+00
6.829543113708496094e+00
7.047264575958251953e+00
7.487279891967773438e+00
6.150953292846679688e+00
7.204376220703125000e+00
6.255786895751953125e+00
6.225424289703369141e+00
5.797624111175537109e+00
5.823959350585937500e+00
5.164974689483642578e+00
4.999759197235107422e+00
4.574512481689453125e+00
5.085749149322509766e+00
4.973439216613769531e+00
5.147799491882324219e+00
5.880103111267089844e+00
5.644865989685058594e+00
5.903738975524902344e+00
6.850782871246337891e+00
7.393280506134033203e+00
6.817028522491455078e+00
6.528778076171875000e+00
6.090693950653076172e+00
6.237621307373046875e+00
6.060267925262451172e+00
6.873423099517822266e+00
7.593862056732177734e+00
6.882670402526855469e+00
7.355594635009765625e+00
7.302429199218750000e+00
7.633732318878173828e+00
7.999632835388183594e+00
7.952069759368896484e+00
6.683910846710205078e+00
6.971824169158935547e+00
6.528428077697753906e+00
6.809234619140625000e+00
6.000532150268554688e+00
4.488903045654296875e+00
4.409120082855224609e+00
4.352293491363525391e+00
4.170347690582275391e+00
3.829886198043823242e+00
2.042257070541381836e+00
2.359129905700683594e+00
1.464351654052734375e+00
1.310590386390686035e+00
2.301245689392089844e+00
4.267131328582763672e+00
4.228201389312744141e+00
4.164560317993164062e+00
4.405392646789550781e+00
1.329981386661529541e-01
4.141524732112884521e-01
1.827680587768554688e+00
1.982499718666076660e+00
2.267646551132202148e+00
5.352772712707519531e+00
5.899706840515136719e+00
5.431369304656982422e+00
5.961185932159423828e+00
6.096210956573486328e+00
7.089395046234130859e+00
7.179431438446044922e+00
6.691350460052490234e+00
6.784671783447265625e+00
7.648755550384521484e+00
7.877256393432617188e+00
8.337203025817871094e+00
7.031597614288330078e+00
8.079346656799316406e+00
7.115841865539550781e+00
7.110985755920410156e+00
6.676854133605957031e+00
6.722436428070068359e+00
6.003552436828613281e+00
5.806267738342285156e+00
5.426415443420410156e+00
5.944182872772216797e+00
5.827791690826416016e+00
6.036834716796875000e+00
6.779469013214111328e+00
6.562561511993408203e+00
6.830832958221435547e+00
7.767127513885498047e+00
8.282753944396972656e+00
7.722147941589355469e+00
7.398926734924316406e+00
6.935869216918945312e+00
7.072970867156982422e+00
6.940708637237548828e+00
7.780757427215576172e+00
8.441132545471191406e+00
7.693460941314697266e+00
8.170072555541992188e+00
8.071921348571777344e+00
8.425073623657226562e+00
8.804089546203613281e+00
8.773934364318847656e+00
7.525039196014404297e+00
7.752550125122070312e+00
7.312672138214111328e+00
7.594637870788574219e+00
6.744618892669677734e+00
5.241801261901855469e+00
5.181033611297607422e+00
5.084455013275146484e+00
4.883912563323974609e+00
4.520173549652099609e+00
2.218224287033081055e+00
2.210783481597900391e+00
1.496326923370361328e+00
1.841553926467895508e+00
2.835224151611328125e+00
4.913730144500732422e+00
4.887185096740722656e+00
4.773858070373535156e+00
5.014965534210205078e+00
1.332248747348785400e-01
1.353524565696716309e+00
1.591069459915161133e+00
1.967177033424377441e+00
4.979868412017822266e+00
5.528129100799560547e+00
5.074523448944091797e+00
5.754007339477539062e+00
5.907191753387451172e+00
6.867794990539550781e+00
6.988693714141845703e+00
6.600724220275878906e+00
6.732244968414306641e+00
7.580015659332275391e+00
7.784688949584960938e+00
8.222862243652343750e+00
6.923101425170898438e+00
7.998747825622558594e+00
7.111509799957275391e+00
7.062259674072265625e+00
6.668181419372558594e+00
6.679501533508300781e+00
6.000277996063232422e+00
5.713868618011474609e+00
5.355196952819824219e+00
5.848602294921875000e+00
5.646157264709472656e+00
5.956221103668212891e+00
6.597384929656982422e+00
6.422195434570312500e+00
6.689847469329833984e+00
7.490087032318115234e+00
7.957791805267333984e+00
7.416457176208496094e+00
7.016277313232421875e+00
6.566256523132324219e+00
6.719426155090332031e+00
6.591516971588134766e+00
7.614673614501953125e+00
8.054793357849121094e+00
7.303721427917480469e+00
7.756744384765625000e+00
7.649593353271484375e+00
8.025451660156250000e+00
8.484405517578125000e+00
8.518326759338378906e+00
7.341081142425537109e+00
7.436317443847656250e+00
7.042577743530273438e+00
7.206905364990234375e+00
6.374579429626464844e+00
5.034312248229980469e+00
4.933681488037109375e+00
4.814010620117187500e+00
4.654908180236816406e+00
4.240387439727783203e+00
1.600645780563354492e+00
1.607701420783996582e+00
8.987198472023010254e-01
1.462775349617004395e+00
2.595406055450439453e+00
4.744817733764648438e+00
4.792531013488769531e+00
4.594779491424560547e+00
4.926976203918457031e+00
1.963070750236511230e+00
2.191906452178955078e+00
2.477183341979980469e+00
5.481421470642089844e+00
5.991332054138183594e+00
5.536516666412353516e+00
6.189533710479736328e+00
6.349215984344482422e+00
7.325862884521484375e+00
7.450385570526123047e+00
7.031471729278564453e+00
7.137536525726318359e+00
7.997277736663818359e+00
8.216295242309570312e+00
8.649428367614746094e+00
7.399055480957031250e+00
8.462548255920410156e+00
7.545271873474121094e+00
7.527239322662353516e+00
7.119004726409912109e+00
7.154785633087158203e+00
6.416294097900390625e+00
6.106929779052734375e+00
5.766803264617919922e+00
6.303616523742675781e+00
6.126179218292236328e+00
6.398878097534179688e+00
7.112292766571044922e+00
6.894226551055908203e+00
7.169293880462646484e+00
8.058211326599121094e+00
8.518406867980957031e+00
7.971385955810546875e+00
7.593422412872314453e+00
7.087354660034179688e+00
7.252250671386718750e+00
7.161236286163330078e+00
8.086845397949218750e+00
8.609800338745117188e+00
7.805397510528564453e+00
8.299135208129882812e+00
8.143568038940429688e+00
8.531945228576660156e+00
8.973860740661621094e+00
8.995919227600097656e+00
7.779855728149414062e+00
7.903979778289794922e+00
7.501630783081054688e+00
7.706911563873291016e+00
6.829587459564208984e+00
5.456614971160888672e+00
5.383924484252929688e+00
5.244886875152587891e+00
5.060717582702636719e+00
4.646493434906005859e+00
2.077612161636352539e+00
1.805331707000732422e+00
1.372353196144104004e+00
1.904927492141723633e+00
2.934828281402587891e+00
5.093939304351806641e+00
5.128542423248291016e+00
4.908234596252441406e+00
5.239252567291259766e+00
7.346323728561401367e-01
1.288666844367980957e+00
3.844075918197631836e+00
4.751070976257324219e+00
4.337080478668212891e+00
5.039640426635742188e+00
5.323833942413330078e+00
6.192525386810302734e+00
6.293009281158447266e+00
6.039806365966796875e+00
6.249114513397216797e+00
7.033944606781005859e+00
7.147761821746826172e+00
7.472033977508544922e+00
6.201586246490478516e+00
7.292769908905029297e+00
6.524094581604003906e+00
6.372843265533447266e+00
6.035394668579101562e+00
5.962946414947509766e+00
5.510331630706787109e+00
5.160638809204101562e+00
4.714664936065673828e+00
5.236062049865722656e+00
4.907080650329589844e+00
5.178949356079101562e+00
5.743618011474609375e+00
5.398022174835205078e+00
5.606847763061523438e+00
6.405105113983154297e+00
6.885501861572265625e+00
6.205077648162841797e+00
5.878438949584960938e+00
5.530144691467285156e+00
5.762928009033203125e+00
5.501840114593505859e+00
6.570198059082031250e+00
6.982120037078857422e+00
6.133112907409667969e+00
6.722040176391601562e+00
6.713220596313476562e+00
7.078838348388671875e+00
7.645477771759033203e+00
7.727830886840820312e+00
6.521996021270751953e+00
6.670221328735351562e+00
6.300339221954345703e+00
6.301270484924316406e+00
5.614275932312011719e+00
4.553740978240966797e+00
4.361094951629638672e+00
4.292998790740966797e+00
4.239175796508789062e+00
3.822318792343139648e+00
1.090636610984802246e+00
1.845769882202148438e+00
1.293257713317871094e+00
1.649900197982788086e+00
2.687007665634155273e+00
4.563020229339599609e+00
4.646672248840332031e+00
4.541136264801025391e+00
4.895212173461914062e+00
2.980220317840576172e-01
3.072353124618530273e+00
3.871210098266601562e+00
3.434481620788574219e+00
4.059521675109863281e+00
4.321904182434082031e+00
5.215817928314208984e+00
5.318409442901611328e+00
5.040915966033935547e+00
5.217649459838867188e+00
6.034853458404541016e+00
6.162635803222656250e+00
6.504100799560546875e+00
5.241015911102294922e+00
6.343451023101806641e+00
5.547790050506591797e+00
5.440651893615722656e+00
5.087761878967285156e+00
5.055305004119873047e+00
4.478726863861083984e+00
4.147548675537109375e+00
3.718777656555175781e+00
4.251419067382812500e+00
3.937406778335571289e+00
4.224985122680664062e+00
4.821917057037353516e+00
4.522292137145996094e+00
4.766098976135253906e+00
5.598750591278076172e+00
6.073636054992675781e+00
5.464838504791259766e+00
5.120090007781982422e+00
4.718763828277587891e+00
4.903665065765380859e+00
4.699421405792236328e+00
5.701109409332275391e+00
6.197062015533447266e+00
5.411778926849365234e+00
5.940144062042236328e+00
5.912370204925537109e+00
6.260987758636474609e+00
6.749130249023437500e+00
6.797668933868408203e+00
5.569568157196044922e+00
5.752768039703369141e+00
5.378625392913818359e+00
5.461697578430175781e+00
4.728133678436279297e+00
3.546048164367675781e+00
3.366022825241088867e+00
3.310434341430664062e+00
3.242190361022949219e+00
2.848891735076904297e+00
1.371926307678222656e+00
2.053798198699951172e+00
1.270025491714477539e+00
7.883316278457641602e-01
1.668523311614990234e+00
3.518782377243041992e+00
3.559865713119506836e+00
3.511481761932373047e+00
3.797726392745971680e+00
2.569970130920410156e+00
3.286304950714111328e+00
2.838062763214111328e+00
3.479411840438842773e+00
3.748457193374633789e+00
4.638217449188232422e+00
4.757190227508544922e+00
4.519895553588867188e+00
4.731700897216796875e+00
5.515825271606445312e+00
5.621980667114257812e+00
5.966666221618652344e+00
4.736992359161376953e+00
5.860974311828613281e+00
5.138654232025146484e+00
4.999888896942138672e+00
4.701936721801757812e+00
4.645703315734863281e+00
4.091816902160644531e+00
3.603461742401123047e+00
3.213166713714599609e+00
3.757566452026367188e+00
3.401103019714355469e+00
3.746996164321899414e+00
4.331309318542480469e+00
4.062173843383789062e+00
4.329234600067138672e+00
5.141861438751220703e+00
5.577568531036376953e+00
5.025638103485107422e+00
4.641040325164794922e+00
4.188126564025878906e+00
4.356334686279296875e+00
4.210757732391357422e+00
5.214756965637207031e+00
5.682436466217041016e+00
4.913129329681396484e+00
5.410682678222656250e+00
5.357577800750732422e+00
5.706031799316406250e+00
6.174321651458740234e+00
6.226849079132080078e+00
5.009833812713623047e+00
5.164834022521972656e+00
4.794226646423339844e+00
4.895881652832031250e+00
4.137582778930664062e+00
2.960159301757812500e+00
2.772851943969726562e+00
2.708810329437255859e+00
2.646395444869995117e+00
2.241384267807006836e+00
1.560065269470214844e+00
2.185714006423950195e+00
1.332235693931579590e+00
5.714021921157836914e-01
9.388814568519592285e-01
2.858875513076782227e+00
2.945881605148315430e+00
2.806082963943481445e+00
3.158449888229370117e+00
6.196117997169494629e-01
5.798886418342590332e-01
1.315982699394226074e+00
1.796699523925781250e+00
2.049612045288085938e+00
2.349089622497558594e+00
2.745110511779785156e+00
3.210346698760986328e+00
3.635950803756713867e+00
3.377404689788818359e+00
3.553056240081787109e+00
2.749114036560058594e+00
3.647433757781982422e+00
3.783358097076416016e+00
3.470343112945556641e+00
3.540674686431884766e+00
3.357344627380371094e+00
3.173670768737792969e+00
2.221870660781860352e+00
2.156677246093750000e+00
2.445957660675048828e+00
1.578214645385742188e+00
2.146788597106933594e+00
2.175250768661499023e+00
1.953238368034362793e+00
2.210047483444213867e+00
2.585882902145385742e+00
2.675445556640625000e+00
2.226824283599853516e+00
1.767674207687377930e+00
1.088081359863281250e+00
1.302665710449218750e+00
1.420034646987915039e+00
2.670876026153564453e+00
2.619047164916992188e+00
1.931741237640380859e+00
2.320232868194580078e+00
2.317548751831054688e+00
2.621740102767944336e+00
3.175727128982543945e+00
3.355776786804199219e+00
2.346748590469360352e+00
2.287710666656494141e+00
1.930786013603210449e+00
1.842239379882812500e+00
1.399447917938232422e+00
1.732147693634033203e+00
1.341774225234985352e+00
1.220404982566833496e+00
1.595179796218872070e+00
1.498569011688232422e+00
3.486816167831420898e+00
4.414774417877197266e+00
3.998928785324096680e+00
3.483520030975341797e+00
2.652919292449951172e+00
2.295147418975830078e+00
2.390836000442504883e+00
2.647438764572143555e+00
2.782653093338012695e+00
3.340595364570617676e-01
1.126816868782043457e+00
1.421721220016479492e+00
1.791975378990173340e+00
2.108253002166748047e+00
2.542797088623046875e+00
3.025223255157470703e+00
3.446446418762207031e+00
3.201575756072998047e+00
3.423284530639648438e+00
2.708362817764282227e+00
3.656624317169189453e+00
3.811689376831054688e+00
3.553695440292358398e+00
3.614795207977294922e+00
3.510977745056152344e+00
3.209014654159545898e+00
2.047735929489135742e+00
2.157065868377685547e+00
2.482291460037231445e+00
1.645207643508911133e+00
2.234568119049072266e+00
2.310302734375000000e+00
2.172213792800903320e+00
2.481520652770996094e+00
2.873683691024780273e+00
2.836001157760620117e+00
2.501000881195068359e+00
2.088224649429321289e+00
1.167930006980895996e+00
1.319587111473083496e+00
1.532359838485717773e+00
2.838058710098266602e+00
2.691140413284301758e+00
2.076829910278320312e+00
2.279261350631713867e+00
2.065096616744995117e+00
2.434103727340698242e+00
2.938621520996093750e+00
3.149566888809204102e+00
2.032587289810180664e+00
1.911588668823242188e+00
1.600259304046630859e+00
1.604197621345520020e+00
8.061778545379638672e-01
1.353583574295043945e+00
1.148643374443054199e+00
6.129460930824279785e-01
1.208827853202819824e+00
9.173461794853210449e-01
4.306406021118164062e+00
4.969514846801757812e+00
4.452406883239746094e+00
3.760315418243408203e+00
2.762653350830078125e+00
1.808767199516296387e+00
2.101597070693969727e+00
2.175263643264770508e+00
2.364485740661621094e+00
4.707889258861541748e-01
8.090862035751342773e-01
1.419416069984436035e+00
1.611690759658813477e+00
1.899026632308959961e+00
2.360949277877807617e+00
2.838064908981323242e+00
2.669212102890014648e+00
2.956031322479248047e+00
2.135356903076171875e+00
3.179990291595458984e+00
3.161229848861694336e+00
2.952200651168823242e+00
2.973740100860595703e+00
2.929088592529296875e+00
2.519457817077636719e+00
1.376137495040893555e+00
1.482711315155029297e+00
1.808988213539123535e+00
1.043495059013366699e+00
1.623366832733154297e+00
1.885862350463867188e+00
1.827155232429504395e+00
2.263593196868896484e+00
2.759535789489746094e+00
2.818264961242675781e+00
2.538729667663574219e+00
2.249694824218750000e+00
1.374494910240173340e+00
1.377992153167724609e+00
1.532542705535888672e+00
2.580439329147338867e+00
2.830180883407592773e+00
2.345288276672363281e+00
2.452470302581787109e+00
2.306806802749633789e+00
2.593722343444824219e+00
2.873868942260742188e+00
2.935900688171386719e+00
1.799650192260742188e+00
1.834255576133728027e+00
1.464059710502624512e+00
1.748349428176879883e+00
9.160136580467224121e-01
9.352859854698181152e-01
4.914371371269226074e-01
3.569999635219573975e-01
8.407468199729919434e-01
7.268843650817871094e-01
3.900086164474487305e+00
4.520837783813476562e+00
3.986230134963989258e+00
3.296159744262695312e+00
2.373145818710327148e+00
1.465903520584106445e+00
1.612083792686462402e+00
1.896463513374328613e+00
1.935836195945739746e+00
3.390032052993774414e-01
5.214037299156188965e-01
7.132016420364379883e-01
1.180208206176757812e+00
1.724589824676513672e+00
2.012217998504638672e+00
1.784120917320251465e+00
2.081643581390380859e+00
1.411132574081420898e+00
2.413396596908569336e+00
2.545627832412719727e+00
2.327678918838500977e+00
2.380235433578491211e+00
2.376046895980834961e+00
2.071835756301879883e+00
9.680216908454895020e-01
1.078936338424682617e+00
1.351041436195373535e+00
7.185035943984985352e-01
1.158528685569763184e+00
1.292925834655761719e+00
1.347863435745239258e+00
1.816176652908325195e+00
2.338107109069824219e+00
2.449500083923339844e+00
2.301476240158081055e+00
2.116948604583740234e+00
1.492584586143493652e+00
1.326140165328979492e+00
1.260550379753112793e+00
2.001162767410278320e+00
2.524713516235351562e+00
2.414819717407226562e+00
2.386003732681274414e+00
2.289939641952514648e+00
2.464419364929199219e+00
2.340796947479248047e+00
2.180702447891235352e+00
1.023916006088256836e+00
1.350344657897949219e+00
8.173103332519531250e-01
1.651817679405212402e+00
1.051509141921997070e+00
8.232405781745910645e-01
3.343932330608367920e-01
7.869304418563842773e-01
1.050113439559936523e+00
1.256986141204833984e+00
4.855819702148437500e+00
5.501930713653564453e+00
4.818716049194335938e+00
3.965310335159301758e+00
2.896458625793457031e+00
1.446718454360961914e+00
1.372753262519836426e+00
2.102414846420288086e+00
1.663735508918762207e+00
3.528081476688385010e-01
4.416538774967193604e-01
7.602731585502624512e-01
1.270542860031127930e+00
1.530493855476379395e+00
1.361054182052612305e+00
1.730776309967041016e+00
1.072406530380249023e+00
2.089050531387329102e+00
2.195735454559326172e+00
2.075319051742553711e+00
2.103389263153076172e+00
2.205101251602172852e+00
1.761027812957763672e+00
5.845171213150024414e-01
9.127519726753234863e-01
1.150474071502685547e+00
7.435709834098815918e-01
1.131355285644531250e+00
1.131587028503417969e+00
1.372236251831054688e+00
1.806163191795349121e+00
2.299098253250122070e+00
2.397212028503417969e+00
2.310739994049072266e+00
2.205989122390747070e+00
1.686980843544006348e+00
1.470347404479980469e+00
1.321181178092956543e+00
1.792686343193054199e+00
2.529888629913330078e+00
2.557738542556762695e+00
2.499814510345458984e+00
2.437479496002197266e+00
2.545400619506835938e+00
2.340027093887329102e+00
2.052783012390136719e+00
8.348168730735778809e-01
1.436995506286621094e+00
8.109751343727111816e-01
1.811422109603881836e+00
1.381516814231872559e+00
5.641163587570190430e-01
5.074265003204345703e-01
9.269654750823974609e-01
1.125509500503540039e+00
1.318612813949584961e+00
5.173220157623291016e+00
5.753263950347900391e+00
5.039535045623779297e+00
4.127448081970214844e+00
3.005905389785766602e+00
1.230463266372680664e+00
1.085298299789428711e+00
1.935606956481933594e+00
1.346051692962646484e+00
1.328284293413162231e-01
7.156596779823303223e-01
1.463457942008972168e+00
1.350863099098205566e+00
1.030798077583312988e+00
1.286267757415771484e+00
1.069231033325195312e+00
1.809400677680969238e+00
2.240862369537353516e+00
2.193645477294921875e+00
2.296279430389404297e+00
2.410005092620849609e+00
2.291846990585327148e+00
1.453595280647277832e+00
1.684273481369018555e+00
1.660418033599853516e+00
1.385023951530456543e+00
1.607794880867004395e+00
1.314195990562438965e+00
1.581274509429931641e+00
1.837539911270141602e+00
2.183512210845947266e+00
2.023041486740112305e+00
2.036061763763427734e+00
1.950070977210998535e+00
1.464617848396301270e+00
1.106762051582336426e+00
1.088133811950683594e+00
1.555745720863342285e+00
2.014061927795410156e+00
2.076061725616455078e+00
1.924459099769592285e+00
1.841971158981323242e+00
1.917713642120361328e+00
1.687021374702453613e+00
1.489350557327270508e+00
3.610055744647979736e-01
7.934589385986328125e-01
3.030307292938232422e-01
1.263926863670349121e+00
1.068012237548828125e+00
1.493088960647583008e+00
1.402316927909851074e+00
1.750953674316406250e+00
2.035356044769287109e+00
2.152601718902587891e+00
5.989753723144531250e+00
6.627633094787597656e+00
5.954406261444091797e+00
5.084287166595458984e+00
3.966592550277709961e+00
2.088192701339721680e+00
2.074010848999023438e+00
2.768594026565551758e+00
2.204425096511840820e+00
4.152975082397460938e-01
1.056092858314514160e+00
1.062238693237304688e+00
7.040301561355590820e-01
1.019964337348937988e+00
6.008278131484985352e-01
1.268180251121520996e+00
1.829115986824035645e+00
1.733571290969848633e+00
1.872334957122802734e+00
1.967410683631896973e+00
1.933221340179443359e+00
1.302238583564758301e+00
1.515130162239074707e+00
1.344506859779357910e+00
1.180955767631530762e+00
1.360302329063415527e+00
9.170125722885131836e-01
1.354254245758056641e+00
1.612756967544555664e+00
1.979024767875671387e+00
2.010703086853027344e+00
1.995356202125549316e+00
2.093093395233154297e+00
1.826154232025146484e+00
1.458724617958068848e+00
1.287731289863586426e+00
1.193186640739440918e+00
2.192873954772949219e+00
2.498007297515869141e+00
2.368358612060546875e+00
2.341501235961914062e+00
2.322059392929077148e+00
1.959336996078491211e+00
1.502569556236267090e+00
2.967154979705810547e-01
1.221380472183227539e+00
7.025170326232910156e-01
1.799983978271484375e+00
1.521232008934020996e+00
1.522106051445007324e+00
1.513008475303649902e+00
1.984812498092651367e+00
2.224564313888549805e+00
2.374200582504272461e+00
6.145370006561279297e+00
6.803903579711914062e+00
6.113751888275146484e+00
5.232989311218261719e+00
4.115837097167968750e+00
2.242594957351684570e+00
2.091394424438476562e+00
2.942582845687866211e+00
2.223406791687011719e+00
3.500861525535583496e-01
6.948822736740112305e-01
6.797725558280944824e-01
1.060879945755004883e+00
6.637923717498779297e-01
1.448454022407531738e+00
1.244840025901794434e+00
1.295110106468200684e+00
1.224393367767333984e+00
1.427900314331054688e+00
1.025717854499816895e+00
7.219516634941101074e-01
8.944524526596069336e-01
7.522877454757690430e-01
8.135500550270080566e-01
1.029536366462707520e+00
1.101372718811035156e+00
1.726884603500366211e+00
2.054923057556152344e+00
2.668199300765991211e+00
2.840286493301391602e+00
2.831583976745605469e+00
2.900089025497436523e+00
2.513702869415283203e+00
2.242923736572265625e+00
2.065957784652709961e+00
1.942090511322021484e+00
2.996128559112548828e+00
3.271564006805419922e+00
3.091337442398071289e+00
2.971593856811523438e+00
2.984876871109008789e+00
2.478282928466796875e+00
1.907451510429382324e+00
9.115979075431823730e-01
1.744040846824645996e+00
1.197773218154907227e+00
2.500519037246704102e+00
2.155633449554443359e+00
1.225363254547119141e+00
1.449777126312255859e+00
2.020477771759033203e+00
2.175604104995727539e+00
2.447909116744995117e+00
6.083106517791748047e+00
6.694974899291992188e+00
5.891876220703125000e+00
4.934492111206054688e+00
3.846019506454467773e+00
2.043989896774291992e+00
1.678652286529541016e+00
2.638887643814086914e+00
1.822513580322265625e+00
6.121541857719421387e-01
8.916798233985900879e-01
1.398381114006042480e+00
8.850815892219543457e-01
1.441004395484924316e+00
7.595314383506774902e-01
1.216227293014526367e+00
1.116561055183410645e+00
1.390103220939636230e+00
9.428176879882812500e-01
8.853089809417724609e-01
1.127921819686889648e+00
9.527415633201599121e-01
1.172492861747741699e+00
1.376008868217468262e+00
1.389910101890563965e+00
2.096603393554687500e+00
2.348247528076171875e+00
2.984980583190917969e+00
3.295338869094848633e+00
3.231287240982055664e+00
3.340055227279663086e+00
3.033679485321044922e+00
2.780947208404541016e+00
2.547952890396118164e+00
2.342632293701171875e+00
3.605361700057983398e+00
3.886142253875732422e+00
3.782976627349853516e+00
3.722510337829589844e+00
3.730348110198974609e+00
3.259640932083129883e+00
2.669499158859252930e+00
1.619058132171630859e+00
2.542703628540039062e+00
1.962869405746459961e+00
3.183933734893798828e+00
2.776368856430053711e+00
1.423335194587707520e+00
1.813157677650451660e+00
2.349070549011230469e+00
2.418809890747070312e+00
2.767282009124755859e+00
6.319721698760986328e+00
6.880578517913818359e+00
6.048615455627441406e+00
5.063930511474609375e+00
3.986138105392456055e+00
2.212474584579467773e+00
1.771377801895141602e+00
2.650070667266845703e+00
1.846624970436096191e+00
1.330909132957458496e-01
5.912694931030273438e-01
9.165639281272888184e-01
8.848801851272583008e-01
1.066149711608886719e+00
1.311651945114135742e+00
1.454863190650939941e+00
1.687811255455017090e+00
1.651310920715332031e+00
1.695135235786437988e+00
1.886286139488220215e+00
1.647709369659423828e+00
1.739924073219299316e+00
1.900776028633117676e+00
1.540766596794128418e+00
2.284494400024414062e+00
2.483920097351074219e+00
2.876327991485595703e+00
3.054015159606933594e+00
3.077472925186157227e+00
3.303920507431030273e+00
3.118222951889038086e+00
2.763072490692138672e+00
2.565176248550415039e+00
2.042267084121704102e+00
3.327941656112670898e+00
3.760148763656616211e+00
3.575538873672485352e+00
3.467010259628295898e+00
3.419312715530395508e+00
2.759476184844970703e+00
2.102877855300903320e+00
1.397973895072937012e+00
2.271412134170532227e+00
1.847928404808044434e+00
3.079147577285766602e+00
2.858036518096923828e+00
2.136083841323852539e+00
2.430989742279052734e+00
2.990021228790283203e+00
3.080489397048950195e+00
3.387289762496948242e+00
7.070033550262451172e+00
7.672384738922119141e+00
6.868432521820068359e+00
5.898428916931152344e+00
4.804133415222167969e+00
2.911832571029663086e+00
2.579678773880004883e+00
3.422657251358032227e+00
2.619039297103881836e+00
3.063392937183380127e-01
8.604182600975036621e-01
8.490346670150756836e-01
1.231343150138854980e+00
1.359529376029968262e+00
1.615881443023681641e+00
1.819292306900024414e+00
1.917785406112670898e+00
1.907482504844665527e+00
2.066615819931030273e+00
1.779264211654663086e+00
1.825255870819091797e+00
1.955065250396728516e+00
1.346484541893005371e+00
2.013255596160888672e+00
2.175565481185913086e+00
2.444029331207275391e+00
2.490453958511352539e+00
2.559501171112060547e+00
2.833972215652465820e+00
2.720692873001098633e+00
2.332091331481933594e+00
2.157511472702026367e+00
1.495829701423645020e+00
2.769952535629272461e+00
3.261358737945556641e+00
3.093403577804565430e+00
3.011531352996826172e+00
2.937572717666625977e+00
2.286092519760131836e+00
1.638902068138122559e+00
9.693350791931152344e-01
1.875300168991088867e+00
1.550493478775024414e+00
2.646617889404296875e+00
2.555723190307617188e+00
2.287975549697875977e+00
2.421060085296630859e+00
2.978270769119262695e+00
3.138286352157592773e+00
3.360082149505615234e+00
7.099242210388183594e+00
7.755395889282226562e+00
7.009698390960693359e+00
6.081646919250488281e+00
4.968556880950927734e+00
3.044236421585083008e+00
2.794895410537719727e+00
3.666232585906982422e+00
2.851723194122314453e+00
1.176398515701293945e+00
7.799679636955261230e-01
1.588228225708007812e+00
1.649533271789550781e+00
2.034081220626831055e+00
2.206013679504394531e+00
2.436129570007324219e+00
2.336675643920898438e+00
2.473297595977783203e+00
2.176823139190673828e+00
2.182002544403076172e+00
2.234457731246948242e+00
1.576060056686401367e+00
2.116100311279296875e+00
2.187680721282958984e+00
2.344980239868164062e+00
2.275896549224853516e+00
2.440608978271484375e+00
2.762106895446777344e+00
2.728690147399902344e+00
2.305447816848754883e+00
2.150309324264526367e+00
1.362276554107666016e+00
2.578218460083007812e+00
3.130752325057983398e+00
2.945250272750854492e+00
2.881565809249877930e+00
2.754891157150268555e+00
2.042667388916015625e+00
1.372631669044494629e+00
1.079989790916442871e+00
1.879765748977661133e+00
1.747999191284179688e+00
2.617673158645629883e+00
2.724796056747436523e+00
2.693168640136718750e+00
2.787228345870971680e+00
3.351740360260009766e+00
3.536087989807128906e+00
3.733398675918579102e+00
7.409377098083496094e+00
8.113667488098144531e+00
7.395878791809082031e+00
6.493173122406005859e+00
5.396282196044921875e+00
3.433743238449096680e+00
3.212699174880981445e+00
4.059114933013916016e+00
3.247137546539306641e+00
9.196719527244567871e-01
9.964981079101562500e-01
6.130120158195495605e-01
8.525252342224121094e-01
8.177791237831115723e-01
1.244284629821777344e+00
1.144090175628662109e+00
1.151622891426086426e+00
7.971051335334777832e-01
9.180145263671875000e-01
8.557544946670532227e-01
3.239408135414123535e-01
1.015675067901611328e+00
1.158697843551635742e+00
1.825529575347900391e+00
2.335834741592407227e+00
2.218839406967163086e+00
2.372033119201660156e+00
2.230696201324462891e+00
1.969844102859497070e+00
1.695915341377258301e+00
1.330639004707336426e+00
2.732652902603149414e+00
3.059948682785034180e+00
3.023738861083984375e+00
3.057558059692382812e+00
3.023388385772705078e+00
2.668337821960449219e+00
2.150145292282104492e+00
1.041984438896179199e+00
2.061589956283569336e+00
1.651323914527893066e+00
2.514849901199340820e+00
2.385290861129760742e+00
1.866005063056945801e+00
1.808136940002441406e+00
2.457387447357177734e+00
2.681479692459106445e+00
2.930449008941650391e+00
6.257047653198242188e+00
6.993716716766357422e+00
6.239667415618896484e+00
5.342346668243408203e+00
4.269370079040527344e+00
2.688731431961059570e+00
2.305869102478027344e+00
3.354283094406127930e+00
2.563686132431030273e+00
9.888153672218322754e-01
7.963550090789794922e-01
1.328410983085632324e+00
1.375211238861083984e+00
1.827273011207580566e+00
2.229788780212402344e+00
2.239788770675659180e+00
1.867988109588623047e+00
2.057997465133666992e+00
1.960584402084350586e+00
1.211070299148559570e+00
1.825844645500183105e+00
1.772948622703552246e+00
1.888262033462524414e+00
2.096289396286010742e+00
2.211776971817016602e+00
2.637109041213989258e+00
2.797394037246704102e+00
2.452605962753295898e+00
2.214141845703125000e+00
1.171821475028991699e+00
2.648638010025024414e+00
3.255115985870361328e+00
3.215411901473999023e+00
3.283707141876220703e+00
3.115186214447021484e+00
2.553392887115478516e+00
1.803302049636840820e+00
1.577265262603759766e+00
2.484323740005493164e+00
2.344589948654174805e+00
2.977087020874023438e+00
3.196144104003906250e+00
2.895716667175292969e+00
2.937341451644897461e+00
3.580940008163452148e+00
3.810240268707275391e+00
4.039258003234863281e+00
7.374968528747558594e+00
8.143444061279296875e+00
7.368030071258544922e+00
6.450048923492431641e+00
5.379362106323242188e+00
3.728877305984497070e+00
3.315050363540649414e+00
4.300223827362060547e+00
3.481751918792724609e+00
3.319451808929443359e-01
2.492178827524185181e-01
4.813139736652374268e-01
6.580305099487304688e-01
1.621048212051391602e+00
1.631390213966369629e+00
1.139290452003479004e+00
1.651917219161987305e+00
1.555856347084045410e+00
1.458659052848815918e+00
2.033387422561645508e+00
2.145781517028808594e+00
2.847941160202026367e+00
3.440726518630981445e+00
3.367627382278442383e+00
3.520059823989868164e+00
3.469529151916503906e+00
3.276199102401733398e+00
2.974519014358520508e+00
2.421881675720214844e+00
3.937521219253540039e+00
4.342931270599365234e+00
4.316264152526855469e+00
4.339574337005615234e+00
4.279292106628417969e+00
3.777574300765991211e+00
3.162843704223632812e+00
2.249670982360839844e+00
3.273340225219726562e+00
2.809586763381958008e+00
3.830799579620361328e+00
3.631836891174316406e+00
2.404776334762573242e+00
2.615144491195678711e+00
3.245199441909790039e+00
3.401766300201416016e+00
3.690700054168701172e+00
6.769520759582519531e+00
7.448993206024169922e+00
6.606815814971923828e+00
5.661744117736816406e+00
4.633941650390625000e+00
3.168928861618041992e+00
2.640490293502807617e+00
3.441844463348388672e+00
2.671510934829711914e+00
3.522059917449951172e-01
3.595426380634307861e-01
8.497893214225769043e-01
1.627398967742919922e+00
1.497301697731018066e+00
1.139473199844360352e+00
1.464883923530578613e+00
1.256114363670349121e+00
1.071854472160339355e+00
1.577240467071533203e+00
1.655289411544799805e+00
2.355851888656616211e+00
2.989264726638793945e+00
2.907507181167602539e+00
3.053058862686157227e+00
3.081242799758911133e+00
2.917168140411376953e+00
2.589459657669067383e+00
1.976581811904907227e+00
3.578046321868896484e+00
3.971165418624877930e+00
4.028560161590576172e+00
4.111826419830322266e+00
4.028563499450683594e+00
3.595323085784912109e+00
2.981758594512939453e+00
2.126811265945434570e+00
3.161119937896728516e+00
2.773824214935302734e+00
3.574653863906860352e+00
3.428060293197631836e+00
2.465343952178955078e+00
2.468822002410888672e+00
3.132621526718139648e+00
3.333413362503051758e+00
3.594160556793212891e+00
6.593224048614501953e+00
7.340062141418457031e+00
6.535722255706787109e+00
5.627972126007080078e+00
4.597310066223144531e+00
3.294825792312622070e+00
2.734284400939941406e+00
3.749737501144409180e+00
2.946329116821289062e+00
1.329338699579238892e-01
2.729450762271881104e-01
1.431876301765441895e+00
1.406700372695922852e+00
8.850703239440917969e-01
1.448370099067687988e+00
1.258347272872924805e+00
1.280354499816894531e+00
1.793611764907836914e+00
1.905326128005981445e+00
2.700202703475952148e+00
3.353784084320068359e+00
3.224735021591186523e+00
3.332903146743774414e+00
3.286056995391845703e+00
3.134908437728881836e+00
2.813845396041870117e+00
2.310173273086547852e+00
3.897316694259643555e+00
4.226293563842773438e+00
4.267145633697509766e+00
4.325970649719238281e+00
4.300699710845947266e+00
3.931388378143310547e+00
3.371484518051147461e+00
2.330109119415283203e+00
3.349615097045898438e+00
2.867274045944213867e+00
3.763095378875732422e+00
3.524744987487792969e+00
2.304700136184692383e+00
2.426593542098999023e+00
3.063868761062622070e+00
3.236362218856811523e+00
3.478846788406372070e+00
6.332396030426025391e+00
7.051274776458740234e+00
6.216770172119140625e+00
5.303397178649902344e+00
4.307160377502441406e+00
3.076327085494995117e+00
2.447081565856933594e+00
3.363656997680664062e+00
2.575672388076782227e+00
5.573647022247314453e-01
1.597835302352905273e+00
1.374540925025939941e+00
1.025710582733154297e+00
1.411143898963928223e+00
1.138753533363342285e+00
1.164168119430541992e+00
1.492096543312072754e+00
1.570294618606567383e+00
2.380606174468994141e+00
3.095193624496459961e+00
2.989104747772216797e+00
3.029690504074096680e+00
3.098980665206909180e+00
3.015811443328857422e+00
2.673131465911865234e+00
2.118589162826538086e+00
3.766368389129638672e+00
4.055377006530761719e+00
4.178400516510009766e+00
4.260449409484863281e+00
4.258033752441406250e+00
3.975687026977539062e+00
3.442624092102050781e+00
2.394767045974731445e+00
3.421133756637573242e+00
2.985576868057250977e+00
3.711949348449707031e+00
3.518103599548339844e+00
2.477738857269287109e+00
2.424738645553588867e+00
3.073807477951049805e+00
3.272696495056152344e+00
3.469833850860595703e+00
6.243161678314208984e+00
7.017742633819580078e+00
6.214734077453613281e+00
5.333955287933349609e+00
4.339567661285400391e+00
3.278733491897583008e+00
2.672316789627075195e+00
3.671592950820922852e+00
2.887499809265136719e+00
7.925857901573181152e-01
8.702621459960937500e-01
3.073934912681579590e-01
1.142422080039978027e+00
1.065197944641113281e+00
1.526815295219421387e+00
1.903675079345703125e+00
2.063838005065917969e+00
2.946037530899047852e+00
3.661124229431152344e+00
3.479446887969970703e+00
3.467800855636596680e+00
3.293984174728393555e+00
3.222916603088378906e+00
2.933280229568481445e+00
2.639244318008422852e+00
4.212623119354248047e+00
4.331229209899902344e+00
4.405738830566406250e+00
4.395587921142578125e+00
4.482567787170410156e+00
4.174651622772216797e+00
3.647250890731811523e+00
2.476258039474487305e+00
3.396737813949584961e+00
2.791344642639160156e+00
3.776153326034545898e+00
3.287948131561279297e+00
1.645609617233276367e+00
1.859987854957580566e+00
2.387559890747070312e+00
2.484944820404052734e+00
2.717576503753662109e+00
5.749412059783935547e+00
6.349824428558349609e+00
5.481402397155761719e+00
4.515555381774902344e+00
3.497936725616455078e+00
2.350215911865234375e+00
1.677287578582763672e+00
2.586724519729614258e+00
1.832797765731811523e+00
1.328920423984527588e-01
3.307760357856750488e-01
3.343989253044128418e-01
5.437308549880981445e-01
1.160861372947692871e+00
1.538175821304321289e+00
1.917776226997375488e+00
2.714883327484130859e+00
3.114744186401367188e+00
2.934815883636474609e+00
2.840258598327636719e+00
2.387577772140502930e+00
2.317210674285888672e+00
2.076798439025878906e+00
2.311407089233398438e+00
3.423980712890625000e+00
3.421877145767211914e+00
3.488328456878662109e+00
3.446894645690917969e+00
3.580644130706787109e+00
3.401790857315063477e+00
3.043202877044677734e+00
1.770152091979980469e+00
2.508133649826049805e+00
1.895660281181335449e+00
2.815815448760986328e+00
2.171251058578491211e+00
5.459074974060058594e-01
7.139550447463989258e-01
1.195806741714477539e+00
1.332661867141723633e+00
1.652990937232971191e+00
5.147258758544921875e+00
5.709386825561523438e+00
4.910969734191894531e+00
3.955813169479370117e+00
2.863371133804321289e+00
1.362008929252624512e+00
8.796746134757995605e-01
1.821370959281921387e+00
1.124891400337219238e+00
1.330215334892272949e-01
3.351381123065948486e-01
3.013549745082855225e-01
1.064620733261108398e+00
1.329488635063171387e+00
1.694267868995666504e+00
2.576900005340576172e+00
3.067386627197265625e+00
2.845002889633178711e+00
2.725052595138549805e+00
2.380237340927124023e+00
2.354436159133911133e+00
2.085464477539062500e+00
2.227633714675903320e+00
3.450552701950073242e+00
3.435848474502563477e+00
3.574510097503662109e+00
3.562239885330200195e+00
3.698029279708862305e+00
3.574624300003051758e+00
3.224330186843872070e+00
1.927403330802917480e+00
2.749189376831054688e+00
2.159086704254150391e+00
2.943125009536743164e+00
2.382065057754516602e+00
8.760957717895507812e-01
8.106670379638671875e-01
1.332976698875427246e+00
1.488451719284057617e+00
1.696920156478881836e+00
4.813405036926269531e+00
5.455508232116699219e+00
4.647121906280517578e+00
3.721864223480224609e+00
2.661546468734741211e+00
1.534010410308837891e+00
9.506640434265136719e-01
1.991169810295104980e+00
1.328469753265380859e+00
3.410126864910125732e-01
3.620831370353698730e-01
7.949783205986022949e-01
1.245590806007385254e+00
1.551876544952392578e+00
2.425079584121704102e+00
2.932216644287109375e+00
2.748158693313598633e+00
2.698095798492431641e+00
2.431254625320434570e+00
2.356614112854003906e+00
2.056939840316772461e+00
2.021049022674560547e+00
3.357239484786987305e+00
3.459986925125122070e+00
3.556576490402221680e+00
3.566378593444824219e+00
3.654173374176025391e+00
3.462950706481933594e+00
3.043943881988525391e+00
1.784601926803588867e+00
2.705717563629150391e+00
2.163033485412597656e+00
2.959494590759277344e+00
2.552562236785888672e+00
1.214311242103576660e+00
1.188159704208374023e+00
1.794788002967834473e+00
1.970177888870239258e+00
2.198581695556640625e+00
5.355306625366210938e+00
6.018335342407226562e+00
5.210182189941406250e+00
4.281264305114746094e+00
3.220915079116821289e+00
1.975531101226806641e+00
1.383703827857971191e+00
2.426663637161254883e+00
1.690772175788879395e+00
1.329442560672760010e-01
6.756773591041564941e-01
9.016724228858947754e-01
1.283969759941101074e+00
2.098029613494873047e+00
2.572957515716552734e+00
2.344723939895629883e+00
2.232593774795532227e+00
1.804115653038024902e+00
1.783409953117370605e+00
1.604110360145568848e+00
1.772237777709960938e+00
2.965683698654174805e+00
2.865292072296142578e+00
3.037064075469970703e+00
3.018366336822509766e+00
3.212416887283325195e+00
3.189929008483886719e+00
2.871276378631591797e+00
1.562458276748657227e+00
2.338953018188476562e+00
1.862638235092163086e+00
2.401878595352172852e+00
1.876875519752502441e+00
1.027370572090148926e+00
5.715610384941101074e-01
1.228912472724914551e+00
1.460628509521484375e+00
1.691718220710754395e+00
4.875734329223632812e+00
5.610073089599609375e+00
4.888411045074462891e+00
4.007939815521240234e+00
2.933586359024047852e+00
1.682491898536682129e+00
1.282266974449157715e+00
2.307177305221557617e+00
1.694223046302795410e+00
5.506086349487304688e-01
7.562053799629211426e-01
1.085282921791076660e+00
1.997278451919555664e+00
2.562243700027465820e+00
2.326418876647949219e+00
2.240308284759521484e+00
2.079580783843994141e+00
2.059393644332885742e+00
1.734067440032958984e+00
1.680494785308837891e+00
3.040217161178588867e+00
3.108298301696777344e+00
3.283642530441284180e+00
3.332318782806396484e+00
3.428878068923950195e+00
3.345205068588256836e+00
2.997228860855102539e+00
1.721287488937377930e+00
2.597760438919067383e+00
2.108180761337280273e+00
2.744935512542724609e+00
2.342692852020263672e+00
1.413603901863098145e+00
1.129893302917480469e+00
1.792047381401062012e+00
2.015817403793334961e+00
2.234015464782714844e+00
5.307678222656250000e+00
6.046950340270996094e+00
5.288255691528320312e+00
4.408619880676269531e+00
3.354475736618041992e+00
2.162894010543823242e+00
1.663859009742736816e+00
2.718950510025024414e+00
2.026776075363159180e+00
3.550843000411987305e-01
6.913977861404418945e-01
1.240471839904785156e+00
1.697644114494323730e+00
1.521247386932373047e+00
1.594996809959411621e+00
1.559781312942504883e+00
1.414647340774536133e+00
1.069948792457580566e+00
8.226957917213439941e-01
2.202301740646362305e+00
2.455817937850952148e+00
2.573791742324829102e+00
2.673599004745483398e+00
2.692995786666870117e+00
2.611367464065551758e+00
2.272139310836791992e+00
1.154224395751953125e+00
2.103800773620605469e+00
1.840484499931335449e+00
2.162119150161743164e+00
2.183624744415283203e+00
1.967615485191345215e+00
1.669113397598266602e+00
2.331161022186279297e+00
2.589856624603271484e+00
2.829698324203491211e+00
5.785799026489257812e+00
6.613589286804199219e+00
5.914797306060791016e+00
5.089550018310546875e+00
4.050950050354003906e+00
2.769741058349609375e+00
2.351131200790405273e+00
3.413969278335571289e+00
2.668219089508056641e+00
2.790010571479797363e-01
8.915047049522399902e-01
1.543397665023803711e+00
1.244327187538146973e+00
1.225530982017517090e+00
1.400192618370056152e+00
1.382637023925781250e+00
1.031027197837829590e+00
8.087652325630187988e-01
2.150869131088256836e+00
2.317980051040649414e+00
2.525281190872192383e+00
2.684167623519897461e+00
2.757259368896484375e+00
2.798834562301635742e+00
2.542652130126953125e+00
1.414568185806274414e+00
2.278744220733642578e+00
1.961014628410339355e+00
2.175662279129028320e+00
2.160617828369140625e+00
2.240413904190063477e+00
1.731157064437866211e+00
2.340149164199829102e+00
2.613559007644653320e+00
2.818607807159423828e+00
5.464539527893066406e+00
6.367537975311279297e+00
5.708551406860351562e+00
4.948798656463623047e+00
3.962040185928344727e+00
2.929604768753051758e+00
2.599012136459350586e+00
3.595021009445190430e+00
2.987476348876953125e+00
3.336012661457061768e-01
1.074834465980529785e+00
8.177936673164367676e-01
1.012804746627807617e+00
1.387563943862915039e+00
1.353314399719238281e+00
1.031073808670043945e+00
5.260161757469177246e-01
1.854559540748596191e+00
2.141512632369995117e+00
2.338530063629150391e+00
2.578226804733276367e+00
2.594288110733032227e+00
2.700938224792480469e+00
2.327785730361938477e+00
1.598619580268859863e+00
2.382025003433227539e+00
2.123519897460937500e+00
2.176409244537353516e+00
2.402148008346557617e+00
2.715473890304565430e+00
2.216625690460205078e+00
2.815491437911987305e+00
3.083188056945800781e+00
3.226658582687377930e+00
5.692431926727294922e+00
6.638123512268066406e+00
6.001677513122558594e+00
5.271740913391113281e+00
4.307472229003906250e+00
3.432337760925292969e+00
3.035279750823974609e+00
4.044395446777343750e+00
3.416709661483764648e+00
6.504315137863159180e-01
5.264189839363098145e-01
8.494284749031066895e-01
1.573709130287170410e+00
1.512767076492309570e+00
1.205987691879272461e+00
5.705888867378234863e-01
1.598076701164245605e+00
1.984943032264709473e+00
2.192774534225463867e+00
2.529068946838378906e+00
2.473577976226806641e+00
2.595304965972900391e+00
2.149834156036376953e+00
1.909540772438049316e+00
2.553641796112060547e+00
2.371444463729858398e+00
2.267649412155151367e+00
2.716016530990600586e+00
3.372969865798950195e+00
2.847567081451416016e+00
3.374642848968505859e+00
3.672703027725219727e+00
3.838056325912475586e+00
6.354087352752685547e+00
7.332277774810791016e+00
6.778667926788330078e+00
6.095466136932373047e+00
5.129960536956787109e+00
4.035659790039062500e+00
3.775420188903808594e+00
4.698852062225341797e+00
4.157444477081298828e+00
3.554909527301788330e-01
8.370782136917114258e-01
1.403689980506896973e+00
1.229620575904846191e+00
1.199660301208496094e+00
7.151249647140502930e-01
5.443084836006164551e-01
1.271300673484802246e+00
1.194622159004211426e+00
1.721304297447204590e+00
1.449657678604125977e+00
1.613382458686828613e+00
1.421862006187438965e+00
1.815849781036376953e+00
2.061005592346191406e+00
2.005559682846069336e+00
1.709733009338378906e+00
2.442224979400634766e+00
3.600341558456420898e+00
3.078856468200683594e+00
3.409141778945922852e+00
3.825350046157836914e+00
3.872481584548950195e+00
6.684095859527587891e+00
7.621570110321044922e+00
7.122541427612304688e+00
6.455055713653564453e+00
5.460182189941406250e+00
4.187022209167480469e+00
4.077023983001708984e+00
4.837347984313964844e+00
4.388351917266845703e+00
2.989494204521179199e-01
1.032987475395202637e+00
1.105979800224304199e+00
6.985504031181335449e-01
8.635990619659423828e-01
1.037726879119873047e+00
1.246939897537231445e+00
1.484754323959350586e+00
1.896581768989562988e+00
1.902526974678039551e+00
2.203092336654663086e+00
2.005133390426635742e+00
1.835650920867919922e+00
2.238558292388916016e+00
2.061326742172241211e+00
1.741141319274902344e+00
2.326898574829101562e+00
3.425004243850708008e+00
2.810286521911621094e+00
3.171852350234985352e+00
3.551948070526123047e+00
3.604305744171142578e+00
6.078742027282714844e+00
7.094017982482910156e+00
6.616767883300781250e+00
5.992039203643798828e+00
5.041853904724121094e+00
3.993533611297607422e+00
3.862695455551147461e+00
4.617549419403076172e+00
4.231359958648681641e+00
6.173308491706848145e-01
8.987482786178588867e-01
3.467440009117126465e-01
1.335342526435852051e+00
1.120373487472534180e+00
9.167750477790832520e-01
1.275010228157043457e+00
1.691659688949584961e+00
1.811241269111633301e+00
2.286613941192626953e+00
2.340566396713256836e+00
1.905061125755310059e+00
2.098066329956054688e+00
1.883217811584472656e+00
1.535795807838439941e+00
2.061086893081665039e+00
3.206427097320556641e+00
2.594014883041381836e+00
2.861012220382690430e+00
3.278368234634399414e+00
3.266214847564697266e+00
5.617928028106689453e+00
6.594422340393066406e+00
6.165463924407958984e+00
5.592387199401855469e+00
4.679737567901611328e+00
3.778577089309692383e+00
3.680103540420532227e+00
4.369604110717773438e+00
4.049536705017089844e+00
3.312132060527801514e-01
2.845780551433563232e-01
1.677614450454711914e+00
1.296777844429016113e+00
8.296227455139160156e-01
1.091149926185607910e+00
1.225870251655578613e+00
1.463670730590820312e+00
2.083044767379760742e+00
2.330296039581298828e+00
1.623666286468505859e+00
1.520625829696655273e+00
1.270621061325073242e+00
8.760881423950195312e-01
1.102640986442565918e+00
2.418412208557128906e+00
1.906901121139526367e+00
1.970414876937866211e+00
2.450894832611083984e+00
2.429876565933227539e+00
5.179781913757324219e+00
6.026405334472656250e+00
5.576210498809814453e+00
4.957125663757324219e+00
4.039869785308837891e+00
3.056449413299560547e+00
3.044185400009155273e+00
3.614338159561157227e+00
3.381552457809448242e+00
1.330702155828475952e-01
1.367616176605224609e+00
1.130987405776977539e+00
7.235134243965148926e-01
7.815261483192443848e-01
7.519807219505310059e-01
1.026276350021362305e+00
1.708854794502258301e+00
1.855212688446044922e+00
1.213807225227355957e+00
1.201358079910278320e+00
9.596085548400878906e-01
3.401640951633453369e-01
1.036483526229858398e+00
2.319551706314086914e+00
1.799387931823730469e+00
1.933635473251342773e+00
2.428816795349121094e+00
2.386371374130249023e+00
5.444574356079101562e+00
6.273424625396728516e+00
5.772506237030029297e+00
5.096715450286865234e+00
4.090836048126220703e+00
2.884202957153320312e+00
2.923069953918457031e+00
3.465997934341430664e+00
3.228601217269897461e+00
1.183436393737792969e+00
1.369636178016662598e+00
1.150605797767639160e+00
1.318255066871643066e+00
1.432317137718200684e+00
1.612361788749694824e+00
1.952769756317138672e+00
1.933540701866149902e+00
1.100825071334838867e+00
1.424162507057189941e+00
1.128875374794006348e+00
9.701847434043884277e-01
1.274428725242614746e+00
2.378325700759887695e+00
1.811955094337463379e+00
2.129945278167724609e+00
2.540593624114990234e+00
2.581382036209106445e+00
5.305205821990966797e+00
6.260897159576416016e+00
5.770443439483642578e+00
5.147655963897705078e+00
4.200212955474853516e+00
2.943299531936645508e+00
2.876041412353515625e+00
3.573703765869140625e+00
3.204412698745727539e+00
1.248143553733825684e+00
1.893976926803588867e+00
1.939108729362487793e+00
2.141943216323852539e+00
1.931784033775329590e+00
1.746519327163696289e+00
1.234561204910278320e+00
1.132634043693542480e+00
1.839979767799377441e+00
1.841669082641601562e+00
1.923856735229492188e+00
2.426965713500976562e+00
2.982790708541870117e+00
2.571441650390625000e+00
3.168897390365600586e+00
3.441689729690551758e+00
3.626372814178466797e+00
6.531760692596435547e+00
7.434314250946044922e+00
6.816964626312255859e+00
6.054758071899414062e+00
5.034455776214599609e+00
3.697928667068481445e+00
3.485077619552612305e+00
4.396298885345458984e+00
3.756105899810791016e+00
5.262446999549865723e-01
5.071805715560913086e-01
1.073557615280151367e+00
8.998423218727111816e-01
1.234462380409240723e+00
1.541400909423828125e+00
1.849695682525634766e+00
1.783164978027343750e+00
1.798898935317993164e+00
1.290024876594543457e+00
2.211368799209594727e+00
3.685814380645751953e+00
3.200870513916015625e+00
3.322705745697021484e+00
3.865766763687133789e+00
3.782558441162109375e+00
6.627584934234619141e+00
7.528121471405029297e+00
7.112314701080322266e+00
6.504377841949462891e+00
5.532058715820312500e+00
4.229083538055419922e+00
4.237500667572021484e+00
4.845232486724853516e+00
4.494967937469482422e+00
1.329556852579116821e-01
5.948474407196044922e-01
7.349015474319458008e-01
1.601470232009887695e+00
2.091883659362792969e+00
1.945542573928833008e+00
1.659393668174743652e+00
1.656735658645629883e+00
7.870789766311645508e-01
1.643941044807434082e+00
3.377421617507934570e+00
2.880054950714111328e+00
2.856456279754638672e+00
3.431010246276855469e+00
3.277210712432861328e+00
5.676988124847412109e+00
6.586777687072753906e+00
6.257527351379394531e+00
5.737550735473632812e+00
4.927130699157714844e+00
3.931233644485473633e+00
4.024955749511718750e+00
4.459500312805175781e+00
4.321270942687988281e+00
3.401565253734588623e-01
3.469451367855072021e-01
1.175745606422424316e+00
1.715007781982421875e+00
1.687955737113952637e+00
1.377606630325317383e+00
1.466453075408935547e+00
7.172353863716125488e-01
1.617622375488281250e+00
3.382026672363281250e+00
2.982838869094848633e+00
2.868001222610473633e+00
3.498635292053222656e+00
3.315856456756591797e+00
6.281897068023681641e+00
7.133077144622802734e+00
6.750545978546142578e+00
6.165662765502929688e+00
5.192732810974121094e+00
3.905440092086791992e+00
4.063347339630126953e+00
4.440949916839599609e+00
4.280181407928466797e+00
1.327848285436630249e-01
8.798561096191406250e-01
1.542783498764038086e+00
1.510077118873596191e+00
1.108642220497131348e+00
1.313998699188232422e+00
4.463725984096527100e-01
1.313929557800292969e+00
3.205664157867431641e+00
2.890558004379272461e+00
2.644930601119995117e+00
3.307420730590820312e+00
3.066080570220947266e+00
6.185751438140869141e+00
6.935744762420654297e+00
6.564507007598876953e+00
5.974618911743164062e+00
5.014921665191650391e+00
3.730009317398071289e+00
3.940348863601684570e+00
4.207308769226074219e+00
4.100524902343750000e+00
6.765674948692321777e-01
1.334916710853576660e+00
1.574730515480041504e+00
1.265909433364868164e+00
1.451189041137695312e+00
6.660969257354736328e-01
1.647474646568298340e+00
3.452311038970947266e+00
3.121361255645751953e+00
2.940990209579467773e+00
3.595623493194580078e+00
3.390051841735839844e+00
6.601524829864501953e+00
7.371739864349365234e+00
6.969294548034667969e+00
6.345184803009033203e+00
5.354666233062744141e+00
3.947459459304809570e+00
4.149603843688964844e+00
4.472840309143066406e+00
4.316282272338867188e+00
4.005656242370605469e-01
1.211690902709960938e+00
9.778892993927001953e-01
1.211292386054992676e+00
1.267027616500854492e+00
1.961136460304260254e+00
3.443849563598632812e+00
3.197863817214965820e+00
3.154924392700195312e+00
3.698930740356445312e+00
3.627173185348510742e+00
7.267332077026367188e+00
7.980403423309326172e+00
7.464999198913574219e+00
6.719102859497070312e+00
5.648005485534667969e+00
3.883598089218139648e+00
4.027207851409912109e+00
4.472441196441650391e+00
4.111097335815429688e+00
1.071176767349243164e+00
1.049148082733154297e+00
1.325282931327819824e+00
1.713333725929260254e+00
2.190549850463867188e+00
3.190323114395141602e+00
3.090509176254272461e+00
3.245339393615722656e+00
3.643841981887817383e+00
3.714282989501953125e+00
7.456272125244140625e+00
8.167318344116210938e+00
7.567975997924804688e+00
6.747848510742187500e+00
5.642159938812255859e+00
3.741758584976196289e+00
3.779420614242553711e+00
4.380151748657226562e+00
3.843737602233886719e+00
3.326529264450073242e-01
3.260200023651123047e-01
1.099612593650817871e+00
1.099636673927307129e+00
2.033303022384643555e+00
1.858257651329040527e+00
2.093055248260498047e+00
2.526120424270629883e+00
2.566504955291748047e+00
6.349554538726806641e+00
7.020657062530517578e+00
6.418840408325195312e+00
5.576639175415039062e+00
4.497955322265625000e+00
2.641475200653076172e+00
2.608258247375488281e+00
3.274794816970825195e+00
2.748632192611694336e+00
1.329270005226135254e-01
5.686699748039245605e-01
8.744214177131652832e-01
2.357713937759399414e+00
2.169918298721313477e+00
2.054789543151855469e+00
2.597139358520507812e+00
2.524482727050781250e+00
6.282299995422363281e+00
6.939093112945556641e+00
6.399196147918701172e+00
5.637888908386230469e+00
4.565420627593994141e+00
2.796377182006835938e+00
2.989546298980712891e+00
3.376111268997192383e+00
3.072348594665527344e+00
7.372417449951171875e-01
6.746094226837158203e-01
1.821922540664672852e+00
1.680596709251403809e+00
1.691311717033386230e+00
2.105669260025024414e+00
2.154937028884887695e+00
5.947904586791992188e+00
6.628497600555419922e+00
6.049154281616210938e+00
5.226401329040527344e+00
4.124549865722656250e+00
2.258311271667480469e+00
2.401930809020996094e+00
2.864712476730346680e+00
2.452252864837646484e+00
7.533818483352661133e-01
2.598645687103271484e+00
2.271552085876464844e+00
2.045199632644653320e+00
2.740926027297973633e+00
2.469703912734985352e+00
5.828568935394287109e+00
6.581902027130126953e+00
6.153762817382812500e+00
5.506286621093750000e+00
4.508249282836914062e+00
3.062913417816162109e+00
3.312001943588256836e+00
3.528235673904418945e+00
3.431424856185913086e+00
1.701895594596862793e+00
1.492901086807250977e+00
1.124757051467895508e+00
1.828994035720825195e+00
1.550788044929504395e+00
5.137375354766845703e+00
5.769707202911376953e+00
5.282355785369873047e+00
4.591440677642822266e+00
3.579149484634399414e+00
2.137248039245605469e+00
2.450284957885742188e+00
2.632270574569702148e+00
2.561900615692138672e+00
1.328258365392684937e-01
3.321701586246490479e-01
3.490110337734222412e-01
6.845862269401550293e-01
4.378341674804687500e+00
4.867733955383300781e+00
4.119482994079589844e+00
3.198917865753173828e+00
2.073138236999511719e+00
4.216479063034057617e-01
3.863502740859985352e-01
1.120455026626586914e+00
5.905117988586425781e-01
1.330240964889526367e-01
3.412230014801025391e-01
5.474222302436828613e-01
4.158188819885253906e+00
4.714527606964111328e+00
4.003689289093017578e+00
3.131197690963745117e+00
2.021475315093994141e+00
7.610410451889038086e-01
8.262898325920104980e-01
1.353906750679016113e+00
1.156191945075988770e+00
1.330361813306808472e-01
3.070661425590515137e-01
4.012700080871582031e+00
4.507174491882324219e+00
3.818541049957275391e+00
2.960932254791259766e+00
1.860451221466064453e+00
8.502978086471557617e-01
1.046817183494567871e+00
1.218713164329528809e+00
1.370623707771301270e+00
3.415225446224212646e-01
4.010208129882812500e+00
4.431330680847167969e+00
3.689636468887329102e+00
2.776278495788574219e+00
1.657071113586425781e+00
3.590066134929656982e-01
7.664504647254943848e-01
7.877419590950012207e-01
9.913118481636047363e-01
3.528990983963012695e+00
3.935273885726928711e+00
3.223830938339233398e+00
2.356842517852783203e+00
1.270168662071228027e+00
8.788840174674987793e-01
1.112746357917785645e+00
1.053576111793518066e+00
1.500869631767272949e+00
7.062066197395324707e-01
6.609677076339721680e-01
1.460075736045837402e+00
2.473282575607299805e+00
4.379003047943115234e+00
4.548250675201416016e+00
4.300268650054931641e+00
4.779998302459716797e+00
6.985409855842590332e-01
1.679546594619750977e+00
2.658103942871093750e+00
4.638017654418945312e+00
4.824996948242187500e+00
4.453478336334228516e+00
4.977415561676025391e+00
7.524400353431701660e-01
1.746804594993591309e+00
3.836578369140625000e+00
3.983699798583984375e+00
3.664635181427001953e+00
4.121706008911132812e+00
7.156723141670227051e-01
2.854630231857299805e+00
2.960827827453613281e+00
2.697726488113403320e+00
3.098858594894409180e+00
1.785075426101684570e+00
1.921385049819946289e+00
1.706434488296508789e+00
2.069050550460815430e+00
1.330126076936721802e-01
3.421927988529205322e-01
3.067060708999633789e-01
3.341087698936462402e-01
3.252198994159698486e-01
1.328014433383941650e-01
