3.299201130867004395e-01
9.317691922187805176e-01
7.863899469375610352e-01
2.920216083526611328e+00
3.634788513183593750e+00
3.859005451202392578e+00
3.548139333724975586e+00
3.667437553405761719e+00
3.659254074096679688e+00
3.157984972000122070e+00
3.009552001953125000e+00
2.537732601165771484e+00
2.743083000183105469e+00
2.319136857986450195e+00
1.486636519432067871e+00
1.071993708610534668e+00
2.676692008972167969e+00
3.245932102203369141e+00
4.006753921508789062e+00
3.886837482452392578e+00
3.391988515853881836e+00
3.750552415847778320e+00
3.953024387359619141e+00
3.905060768127441406e+00
3.809171199798583984e+00
3.974564075469970703e+00
3.705573797225952148e+00
3.030501842498779297e+00
3.273871660232543945e+00
3.252509117126464844e+00
3.361194849014282227e+00
3.503186225891113281e+00
3.813661575317382812e+00
3.826311588287353516e+00
2.131251335144042969e+00
2.460283279418945312e+00
1.272742033004760742e+00
1.395530343055725098e+00
1.134996056556701660e+00
1.083977222442626953e+00
1.075824260711669922e+00
1.171605467796325684e+00
3.106083154678344727e+00
3.433665513992309570e+00
3.689324378967285156e+00
2.614268302917480469e+00
2.608520746231079102e+00
2.489311456680297852e+00
2.146229505538940430e+00
2.183260679244995117e+00
2.175773859024047852e+00
2.063931703567504883e+00
1.450862169265747070e+00
1.557038664817810059e+00
1.832605838775634766e+00
1.856804251670837402e+00
2.137327671051025391e+00
2.262261390686035156e+00
3.684420108795166016e+00
4.378717422485351562e+00
3.552900552749633789e+00
3.344591856002807617e+00
4.493247509002685547e+00
4.300832271575927734e+00
3.842809200286865234e+00
3.108451128005981445e+00
2.959520578384399414e+00
3.118947267532348633e+00
3.363027572631835938e+00
3.496867895126342773e+00
2.924827575683593750e+00
2.447296619415283203e+00
2.569864988327026367e+00
2.509703874588012695e+00
2.098860740661621094e+00
9.912896752357482910e-01
7.323084473609924316e-01
7.266796827316284180e-01
3.119896054267883301e-01
5.974202156066894531e-01
3.185431361198425293e-01
3.055049479007720947e-01
2.436635494232177734e+00
3.208879470825195312e+00
3.478403568267822266e+00
3.135829448699951172e+00
3.137146234512329102e+00
3.092303037643432617e+00
2.563940048217773438e+00
2.425765037536621094e+00
2.001995086669921875e+00
2.129203796386718750e+00
1.701028823852539062e+00
9.234796762466430664e-01
6.427881717681884766e-01
2.179511785507202148e+00
2.709074735641479492e+00
3.470179796218872070e+00
3.383144855499267578e+00
2.850492715835571289e+00
3.255079984664916992e+00
3.474763870239257812e+00
3.564009904861450195e+00
3.543209552764892578e+00
3.828488349914550781e+00
3.592587947845458984e+00
3.103623390197753906e+00
3.291822195053100586e+00
3.096462965011596680e+00
3.205209970474243164e+00
3.201319932937622070e+00
3.469036102294921875e+00
3.431999921798706055e+00
1.726902723312377930e+00
2.155638933181762695e+00
1.115176677703857422e+00
8.152381181716918945e-01
1.058138966560363770e+00
7.821880578994750977e-01
1.195866942405700684e+00
7.785787582397460938e-01
2.703665494918823242e+00
2.951148748397827148e+00
3.272405624389648438e+00
2.146880626678466797e+00
2.213612079620361328e+00
2.196029901504516602e+00
1.770574212074279785e+00
2.011111021041870117e+00
2.330959796905517578e+00
2.315943479537963867e+00
1.773059606552124023e+00
1.650157332420349121e+00
2.051426172256469727e+00
1.787850737571716309e+00
2.203821659088134766e+00
2.079789400100708008e+00
3.728500366210937500e+00
4.459067821502685547e+00
3.499603748321533203e+00
3.088399648666381836e+00
4.345959663391113281e+00
4.139460086822509766e+00
3.760591745376586914e+00
3.247552156448364258e+00
3.186140775680541992e+00
3.218624591827392578e+00
3.075236797332763672e+00
3.606639862060546875e+00
3.126153469085693359e+00
2.683765649795532227e+00
2.854181051254272461e+00
2.764535665512084961e+00
2.452934503555297852e+00
1.439704895019531250e+00
1.242981195449829102e+00
1.216508984565734863e+00
6.991556882858276367e-01
1.054010868072509766e+00
1.331033706665039062e-01
2.080090045928955078e+00
2.884356260299682617e+00
3.180620670318603516e+00
2.842323303222656250e+00
2.726934194564819336e+00
2.646929740905761719e+00
2.092287063598632812e+00
1.939164280891418457e+00
1.616224527359008789e+00
1.641248345375061035e+00
1.155366301536560059e+00
4.323816895484924316e-01
3.607617318630218506e-01
1.624677062034606934e+00
2.141679286956787109e+00
2.946714639663696289e+00
2.906519412994384766e+00
2.354532480239868164e+00
2.770055055618286133e+00
3.005990266799926758e+00
3.205744743347167969e+00
3.254810094833374023e+00
3.622051239013671875e+00
3.479667425155639648e+00
3.024896144866943359e+00
3.128314495086669922e+00
2.780361175537109375e+00
2.899551153182983398e+00
2.798625230789184570e+00
3.031538486480712891e+00
2.962168693542480469e+00
1.313100099563598633e+00
1.750862002372741699e+00
1.039335370063781738e+00
2.738182246685028076e-01
1.170549035072326660e+00
8.471295237541198730e-01
1.254560112953186035e+00
6.226849555969238281e-01
2.326332807540893555e+00
2.593533515930175781e+00
2.980425119400024414e+00
1.836144804954528809e+00
1.898823142051696777e+00
2.019283533096313477e+00
1.511007428169250488e+00
1.904304862022399902e+00
2.332676887512207031e+00
2.374700069427490234e+00
1.901244521141052246e+00
1.805300831794738770e+00
2.238286972045898438e+00
1.873815298080444336e+00
2.333316087722778320e+00
2.003418922424316406e+00
3.700914859771728516e+00
4.424794673919677734e+00
3.432256460189819336e+00
2.971190214157104492e+00
4.271137237548828125e+00
4.072321891784667969e+00
3.738220691680908203e+00
3.336904525756835938e+00
3.307935953140258789e+00
3.304467678070068359e+00
2.895533084869384766e+00
3.627275705337524414e+00
3.182684421539306641e+00
2.716619491577148438e+00
2.956825017929077148e+00
2.877163648605346680e+00
2.592133998870849609e+00
1.846965074539184570e+00
1.726492881774902344e+00
1.567825794219970703e+00
1.287690997123718262e+00
1.641821622848510742e+00
2.022375345230102539e+00
2.833567380905151367e+00
3.177574157714843750e+00
2.835881471633911133e+00
2.749816894531250000e+00
2.714889526367187500e+00
2.185333967208862305e+00
2.137227773666381836e+00
1.687729954719543457e+00
1.738519906997680664e+00
1.443809390068054199e+00
8.731343150138854980e-01
8.810307979583740234e-01
2.112049579620361328e+00
2.569259405136108398e+00
3.304919481277465820e+00
3.212971210479736328e+00
2.640308141708374023e+00
3.125526189804077148e+00
3.353324651718139648e+00
3.535858631134033203e+00
3.554587602615356445e+00
3.891036510467529297e+00
3.653950214385986328e+00
3.271580219268798828e+00
3.443997621536254883e+00
3.185173034667968750e+00
3.344921112060546875e+00
3.211385965347290039e+00
3.417266130447387695e+00
3.384986162185668945e+00
1.827629327774047852e+00
2.241506338119506836e+00
1.415140986442565918e+00
6.594153046607971191e-01
1.101606249809265137e+00
6.834805607795715332e-01
1.483462095260620117e+00
8.057725429534912109e-01
2.524175405502319336e+00
2.716542482376098633e+00
3.078572750091552734e+00
1.860137939453125000e+00
2.119957208633422852e+00
2.138663530349731445e+00
1.715307116508483887e+00
2.043789386749267578e+00
2.563404321670532227e+00
2.594498634338378906e+00
2.001415491104125977e+00
1.560572028160095215e+00
2.018991708755493164e+00
1.692089676856994629e+00
2.193562030792236328e+00
2.076627254486083984e+00
3.832457304000854492e+00
4.574883937835693359e+00
3.564953088760375977e+00
2.983830451965332031e+00
4.279908180236816406e+00
4.054473400115966797e+00
3.719848155975341797e+00
3.300228595733642578e+00
3.254113674163818359e+00
3.208492279052734375e+00
2.865110158920288086e+00
3.729917287826538086e+00
3.299200057983398438e+00
2.885424137115478516e+00
3.059190750122070312e+00
2.935166597366333008e+00
2.658314228057861328e+00
1.753886938095092773e+00
1.732243061065673828e+00
1.701642870903015137e+00
1.287441372871398926e+00
1.579568386077880859e+00
2.739105820655822754e-01
6.722019910812377930e-01
4.177592098712921143e-01
3.213516473770141602e-01
8.251625895500183105e-01
6.242517232894897461e-01
1.408508658409118652e+00
7.876708507537841797e-01
1.282629251480102539e+00
1.645531177520751953e+00
2.466768503189086914e+00
2.631539821624755859e+00
2.577031135559082031e+00
2.261443853378295898e+00
2.276880979537963867e+00
1.825504779815673828e+00
1.736234307289123535e+00
2.213304996490478516e+00
2.180161952972412109e+00
2.609476804733276367e+00
2.707718372344970703e+00
3.143620014190673828e+00
2.745174407958984375e+00
3.306337833404541016e+00
3.466955900192260742e+00
3.228139877319335938e+00
3.536831140518188477e+00
2.800278902053833008e+00
2.710805654525756836e+00
2.906960248947143555e+00
2.651475429534912109e+00
2.902119636535644531e+00
2.521443843841552734e+00
1.954118609428405762e+00
1.796169877052307129e+00
1.642267227172851562e+00
2.715759992599487305e+00
1.767492651939392090e+00
1.313555002212524414e+00
1.081147551536560059e+00
1.085480332374572754e+00
5.876092314720153809e-01
1.336500406265258789e+00
1.629413962364196777e+00
1.611538410186767578e+00
1.932764530181884766e+00
3.208457946777343750e+00
3.430502414703369141e+00
3.002295017242431641e+00
2.216697931289672852e+00
2.422484397888183594e+00
1.757642626762390137e+00
2.277856111526489258e+00
1.811552405357360840e+00
3.331043720245361328e+00
3.855858087539672852e+00
2.904070615768432617e+00
1.603969454765319824e+00
2.757132053375244141e+00
2.214804172515869141e+00
2.512252807617187500e+00
3.026873588562011719e+00
3.059886932373046875e+00
2.724565029144287109e+00
1.086796760559082031e+00
3.436559438705444336e+00
3.436571836471557617e+00
3.197923660278320312e+00
3.434976100921630859e+00
3.242467403411865234e+00
3.192465782165527344e+00
3.085250139236450195e+00
3.540722846984863281e+00
3.588936567306518555e+00
3.387639760971069336e+00
3.541307926177978516e+00
2.960293591022491455e-01
3.062341809272766113e-01
5.055582523345947266e-01
9.638447761535644531e-01
1.058273077011108398e+00
1.789567589759826660e+00
1.302876114845275879e+00
1.816297054290771484e+00
2.302915573120117188e+00
3.204962491989135742e+00
3.375730752944946289e+00
3.006273508071899414e+00
2.546672821044921875e+00
2.291991472244262695e+00
1.826450705528259277e+00
1.937453150749206543e+00
2.239131212234497070e+00
2.125895261764526367e+00
2.537501573562622070e+00
2.576131820678710938e+00
2.931616306304931641e+00
2.409982681274414062e+00
3.230310440063476562e+00
3.389231204986572266e+00
3.251985788345336914e+00
3.618287563323974609e+00
2.833129167556762695e+00
2.683937788009643555e+00
2.900537014007568359e+00
3.105025768280029297e+00
3.314264297485351562e+00
3.033796787261962891e+00
2.559006214141845703e+00
2.292648553848266602e+00
2.356459140777587891e+00
3.222551107406616211e+00
2.271840572357177734e+00
1.371159076690673828e+00
1.088372588157653809e+00
8.172941803932189941e-01
9.753547310829162598e-01
1.556653499603271484e+00
1.743803858757019043e+00
2.012850761413574219e+00
2.135213851928710938e+00
3.372574567794799805e+00
3.642763137817382812e+00
3.327926158905029297e+00
2.541154384613037109e+00
2.611921787261962891e+00
2.016225337982177734e+00
2.408864259719848633e+00
1.826317429542541504e+00
3.051237344741821289e+00
3.479271411895751953e+00
2.636686086654663086e+00
1.404069066047668457e+00
2.219075202941894531e+00
1.661818146705627441e+00
2.025306463241577148e+00
2.812641143798828125e+00
2.884459733963012695e+00
2.492575407028198242e+00
5.784201025962829590e-01
3.187475204467773438e+00
3.300448417663574219e+00
3.165757179260253906e+00
3.399335622787475586e+00
3.168477535247802734e+00
3.270024538040161133e+00
3.534989595413208008e+00
4.072348594665527344e+00
4.175009250640869141e+00
4.034586429595947266e+00
4.152048110961914062e+00
1.330921798944473267e-01
8.020185828208923340e-01
1.117850303649902344e+00
1.418593049049377441e+00
1.833280444145202637e+00
1.433411955833435059e+00
1.984358787536621094e+00
2.501387596130371094e+00
3.377274990081787109e+00
3.544690847396850586e+00
2.955044031143188477e+00
2.477045536041259766e+00
2.069948434829711914e+00
1.671444177627563477e+00
1.823985099792480469e+00
2.010447740554809570e+00
1.805218935012817383e+00
2.130797386169433594e+00
2.213626861572265625e+00
2.558418989181518555e+00
2.023965597152709961e+00
2.980809926986694336e+00
3.104931592941284180e+00
2.904322862625122070e+00
3.338521242141723633e+00
2.513377189636230469e+00
2.349223852157592773e+00
2.573327779769897461e+00
3.028096914291381836e+00
3.200926780700683594e+00
3.059800863265991211e+00
2.664503335952758789e+00
2.516618013381958008e+00
2.653383016586303711e+00
3.244806289672851562e+00
2.343214750289916992e+00
1.157515883445739746e+00
9.258512854576110840e-01
3.475216925144195557e-01
1.055307507514953613e+00
1.425061583518981934e+00
1.612326383590698242e+00
1.914165616035461426e+00
2.056521654129028320e+00
3.223390102386474609e+00
3.509479761123657227e+00
3.362443447113037109e+00
2.835071325302124023e+00
2.864505290985107422e+00
2.300455331802368164e+00
2.536151885986328125e+00
1.752751469612121582e+00
2.803315877914428711e+00
3.150362253189086914e+00
2.352094650268554688e+00
1.130068182945251465e+00
1.892883300781250000e+00
1.281587004661560059e+00
1.802772164344787598e+00
2.791402578353881836e+00
2.939858913421630859e+00
2.521682739257812500e+00
3.039879500865936279e-01
3.007922410964965820e+00
3.173564195632934570e+00
3.055453777313232422e+00
3.308860540390014648e+00
3.089811086654663086e+00
3.249329090118408203e+00
3.707545518875122070e+00
4.185923576354980469e+00
4.256079196929931641e+00
4.172181129455566406e+00
4.298745632171630859e+00
4.949021935462951660e-01
7.083740830421447754e-01
9.640824794769287109e-01
1.461376786231994629e+00
1.085516929626464844e+00
1.557587504386901855e+00
2.096006870269775391e+00
3.034088611602783203e+00
3.203092575073242188e+00
2.675698518753051758e+00
2.202202081680297852e+00
1.947887301445007324e+00
1.500986695289611816e+00
1.590894103050231934e+00
1.894616246223449707e+00
1.774004578590393066e+00
2.032269954681396484e+00
2.101975202560424805e+00
2.491905450820922852e+00
2.019160747528076172e+00
2.833193778991699219e+00
2.964968442916870117e+00
2.745407819747924805e+00
3.141400098800659180e+00
2.376948118209838867e+00
2.257886648178100586e+00
2.478969335556030273e+00
2.770702362060546875e+00
2.953031063079833984e+00
2.766124010086059570e+00
2.341930866241455078e+00
2.224962472915649414e+00
2.306118965148925781e+00
2.969495058059692383e+00
2.042148828506469727e+00
9.678444862365722656e-01
7.453226447105407715e-01
3.545574247837066650e-01
7.429837584495544434e-01
1.192915797233581543e+00
1.354677677154541016e+00
1.643081545829772949e+00
1.801882743835449219e+00
3.007783889770507812e+00
3.297195196151733398e+00
3.137983322143554688e+00
2.583358526229858398e+00
2.643039226531982422e+00
2.042115211486816406e+00
2.347818374633789062e+00
1.535488843917846680e+00
2.755831718444824219e+00
3.169117212295532227e+00
2.293425321578979492e+00
9.690594673156738281e-01
2.025627851486206055e+00
1.498399496078491211e+00
1.885562658309936523e+00
2.710676193237304688e+00
2.841540575027465820e+00
2.438452482223510742e+00
3.743869364261627197e-01
2.946556806564331055e+00
3.059017181396484375e+00
2.913454771041870117e+00
3.164522886276245117e+00
2.994625329971313477e+00
3.082786083221435547e+00
3.446247100830078125e+00
3.920218944549560547e+00
3.987012624740600586e+00
3.885289192199707031e+00
4.016763210296630859e+00
1.327760815620422363e-01
3.927663266658782959e-01
1.015151143074035645e+00
9.322913885116577148e-01
1.184416413307189941e+00
1.743448376655578613e+00
2.834891080856323242e+00
3.071213245391845703e+00
2.445403575897216797e+00
1.906786680221557617e+00
1.761312007904052734e+00
1.241771697998046875e+00
1.341931939125061035e+00
1.803506493568420410e+00
1.832146644592285156e+00
2.439779996871948242e+00
2.670891761779785156e+00
3.217431783676147461e+00
2.927432060241699219e+00
3.524637460708618164e+00
3.604961872100830078e+00
3.149024486541748047e+00
3.450186729431152344e+00
2.571894407272338867e+00
2.412001848220825195e+00
2.579723119735717773e+00
2.733797788619995117e+00
2.957207679748535156e+00
2.923283576965332031e+00
2.355724096298217773e+00
2.616890430450439453e+00
2.457362651824951172e+00
3.219541072845458984e+00
2.216022968292236328e+00
1.063404321670532227e+00
6.578831076622009277e-01
1.113616943359375000e+00
1.019329190254211426e+00
1.388348340988159180e+00
1.822019815444946289e+00
1.956877946853637695e+00
2.313207387924194336e+00
3.508751869201660156e+00
3.819761514663696289e+00
3.669924736022949219e+00
3.058113813400268555e+00
3.208496570587158203e+00
2.541726589202880859e+00
3.021320343017578125e+00
2.231130361557006836e+00
3.728918552398681641e+00
4.172461986541748047e+00
3.227840900421142578e+00
1.972704172134399414e+00
3.092550992965698242e+00
2.485572338104248047e+00
2.948211669921875000e+00
3.618284225463867188e+00
3.670073986053466797e+00
3.306306123733520508e+00
1.427146911621093750e+00
3.917496681213378906e+00
3.933321714401245117e+00
3.668099164962768555e+00
3.967110395431518555e+00
3.855429172515869141e+00
3.820852994918823242e+00
3.896713018417358398e+00
4.245841026306152344e+00
4.199455738067626953e+00
4.052388668060302734e+00
4.276759624481201172e+00
2.981382906436920166e-01
6.796296834945678711e-01
7.649999260902404785e-01
9.011940360069274902e-01
1.485163688659667969e+00
2.612493753433227539e+00
2.885543346405029297e+00
2.113601207733154297e+00
1.567462205886840820e+00
1.222886323928833008e+00
6.603691577911376953e-01
1.013798832893371582e+00
1.326014399528503418e+00
1.288515329360961914e+00
2.124665021896362305e+00
2.461246728897094727e+00
3.077270030975341797e+00
2.912640094757080078e+00
3.508317947387695312e+00
3.510284662246704102e+00
2.891321659088134766e+00
3.177502155303955078e+00
2.208112478256225586e+00
1.986332654953002930e+00
2.117433309555053711e+00
2.502527236938476562e+00
2.697307586669921875e+00
2.836374282836914062e+00
2.248350858688354492e+00
2.773619651794433594e+00
2.537997961044311523e+00
3.171107053756713867e+00
2.199259996414184570e+00
9.079449772834777832e-01
3.459263443946838379e-01
9.315829277038574219e-01
1.194977998733520508e+00
1.370177030563354492e+00
1.834256410598754883e+00
1.942791342735290527e+00
2.391498088836669922e+00
3.504622220993041992e+00
3.824421167373657227e+00
3.751341819763183594e+00
3.354674816131591797e+00
3.543580293655395508e+00
2.856544494628906250e+00
3.322152137756347656e+00
2.395411968231201172e+00
3.848818540573120117e+00
4.231326103210449219e+00
3.308736324310302734e+00
2.143579483032226562e+00
3.252185344696044922e+00
2.724176645278930664e+00
3.186296224594116211e+00
3.891140222549438477e+00
4.016166210174560547e+00
3.643681526184082031e+00
1.672417640686035156e+00
4.085854053497314453e+00
4.100002765655517578e+00
3.796595335006713867e+00
4.134025096893310547e+00
4.049656391143798828e+00
4.003327846527099609e+00
4.019462108612060547e+00
4.269854545593261719e+00
4.144487857818603516e+00
4.003693103790283203e+00
4.289797306060791016e+00
3.206033706665039062e-01
3.265814185142517090e-01
2.936533987522125244e-01
8.737007379531860352e-01
2.019866943359375000e+00
2.308810710906982422e+00
1.687201380729675293e+00
1.313695549964904785e+00
1.427781224250793457e+00
1.125699639320373535e+00
8.596936464309692383e-01
1.461971282958984375e+00
1.617839694023132324e+00
2.339241027832031250e+00
2.631673574447631836e+00
3.236859083175659180e+00
3.100637197494506836e+00
3.448371648788452148e+00
3.499068021774291992e+00
2.918568849563598633e+00
3.144310712814331055e+00
2.284170627593994141e+00
2.152105331420898438e+00
2.241792201995849609e+00
2.104916334152221680e+00
2.356916189193725586e+00
2.420938014984130859e+00
1.713572978973388672e+00
2.435412645339965820e+00
2.132969617843627930e+00
2.764027833938598633e+00
1.840704679489135742e+00
9.595534205436706543e-01
6.860446929931640625e-01
1.330154657363891602e+00
1.060713291168212891e+00
1.234660267829895020e+00
1.734133601188659668e+00
1.679286122322082520e+00
2.208152770996093750e+00
3.264861106872558594e+00
3.566672563552856445e+00
3.430517673492431641e+00
2.886799097061157227e+00
3.147904634475708008e+00
2.496076822280883789e+00
3.017845869064331055e+00
2.284102201461791992e+00
3.882055521011352539e+00
4.363766670227050781e+00
3.363595962524414062e+00
2.242510557174682617e+00
3.491287708282470703e+00
2.990303516387939453e+00
3.325034856796264648e+00
3.776544094085693359e+00
3.834404706954956055e+00
3.505193471908569336e+00
1.864336133003234863e+00
4.076784610748291016e+00
4.014985561370849609e+00
3.644301176071166992e+00
3.987170696258544922e+00
3.907788753509521484e+00
3.802953958511352539e+00
3.653299331665039062e+00
3.832795858383178711e+00
3.662744283676147461e+00
3.502432823181152344e+00
3.822386026382446289e+00
1.332536786794662476e-01
3.143915832042694092e-01
7.035260796546936035e-01
1.726714730262756348e+00
2.020070314407348633e+00
8.944762349128723145e-01
2.673749029636383057e-01
7.453792691230773926e-01
8.413349986076354980e-01
2.573769688606262207e-01
8.036137819290161133e-01
1.067991137504577637e+00
1.882614493370056152e+00
2.249686479568481445e+00
2.895995855331420898e+00
2.947885036468505859e+00
3.012126922607421875e+00
2.964358091354370117e+00
2.142324447631835938e+00
2.332741260528564453e+00
1.531849980354309082e+00
1.455926775932312012e+00
1.379850864410400391e+00
1.442309617996215820e+00
1.608146429061889648e+00
2.091935634613037109e+00
1.474290490150451660e+00
2.447840452194213867e+00
2.118313312530517578e+00
2.459949016571044922e+00
1.603612899780273438e+00
8.450744152069091797e-01
8.561264276504516602e-01
1.419949412345886230e+00
1.199385166168212891e+00
1.088101387023925781e+00
1.516088008880615234e+00
1.448561549186706543e+00
2.012493610382080078e+00
2.829497337341308594e+00
3.152527570724487305e+00
3.227332592010498047e+00
3.124284267425537109e+00
3.406398773193359375e+00
2.770951986312866211e+00
3.219185113906860352e+00
2.214229345321655273e+00
3.783521413803100586e+00
4.244045734405517578e+00
3.245957136154174805e+00
2.334735393524169922e+00
3.559694290161132812e+00
3.224061250686645508e+00
3.524910211563110352e+00
3.926936626434326172e+00
4.068145751953125000e+00
3.773761272430419922e+00
2.198147535324096680e+00
4.012618541717529297e+00
3.885843515396118164e+00
3.447714090347290039e+00
3.822805404663085938e+00
3.806118726730346680e+00
3.636430978775024414e+00
3.552852392196655273e+00
3.624945878982543945e+00
3.388204336166381836e+00
3.254433870315551758e+00
3.633337736129760742e+00
1.324222385883331299e-01
5.173374414443969727e-01
1.566786766052246094e+00
1.842041254043579102e+00
1.380563497543334961e+00
1.037915945053100586e+00
1.342607736587524414e+00
1.233081340789794922e+00
6.657413840293884277e-01
1.334900498390197754e+00
1.548022031784057617e+00
2.115092515945434570e+00
2.317684173583984375e+00
2.832044124603271484e+00
2.632480621337890625e+00
2.855221748352050781e+00
2.978976011276245117e+00
2.567244052886962891e+00
2.778818130493164062e+00
2.017074823379516602e+00
1.956369876861572266e+00
2.028911113739013672e+00
1.694486737251281738e+00
1.960926175117492676e+00
1.818974137306213379e+00
1.213552474975585938e+00
1.692388534545898438e+00
1.463761091232299805e+00
2.110038757324218750e+00
1.129256010055541992e+00
7.482190132141113281e-01
7.770717740058898926e-01
1.286565065383911133e+00
3.536202013492584229e-01
7.245178818702697754e-01
1.130256175994873047e+00
9.742924571037292480e-01
1.487630605697631836e+00
2.626417636871337891e+00
2.908144950866699219e+00
2.665785789489746094e+00
2.401380300521850586e+00
2.603651523590087891e+00
1.947078466415405273e+00
2.411661386489868164e+00
1.530906200408935547e+00
3.230877399444580078e+00
3.798990249633789062e+00
2.767504692077636719e+00
1.693752169609069824e+00
3.054715633392333984e+00
2.675751924514770508e+00
2.818112373352050781e+00
3.137384891510009766e+00
3.263249397277832031e+00
2.951612949371337891e+00
1.503797292709350586e+00
3.363190174102783203e+00
3.255963325500488281e+00
2.889963150024414062e+00
3.211989879608154297e+00
3.123650550842285156e+00
3.007125616073608398e+00
2.895563840866088867e+00
3.132246732711791992e+00
3.041870117187500000e+00
2.890967845916748047e+00
3.150139093399047852e+00
3.136404454708099365e-01
1.445458292961120605e+00
1.759382009506225586e+00
1.304941415786743164e+00
1.157163143157958984e+00
1.575352191925048828e+00
1.496042251586914062e+00
9.152496457099914551e-01
1.588814020156860352e+00
1.811483263969421387e+00
2.485947608947753906e+00
2.751159667968750000e+00
3.340806961059570312e+00
3.243175745010375977e+00
3.357338190078735352e+00
3.419815063476562500e+00
2.827669382095336914e+00
3.014954328536987305e+00
2.287609100341796875e+00
2.236597776412963867e+00
2.252142667770385742e+00
1.749912381172180176e+00
2.019256353378295898e+00
2.071554660797119141e+00
1.240996837615966797e+00
2.303600311279296875e+00
1.906940698623657227e+00
2.419586896896362305e+00
1.595582604408264160e+00
1.196712493896484375e+00
1.202200293540954590e+00
1.770669937133789062e+00
1.131353855133056641e+00
1.256097555160522461e+00
1.717331647872924805e+00
1.518548965454101562e+00
2.077940940856933594e+00
3.075244426727294922e+00
3.352743625640869141e+00
3.192354679107666016e+00
2.919741630554199219e+00
3.250079154968261719e+00
2.627320766448974609e+00
3.108231306076049805e+00
2.236586093902587891e+00
3.924848318099975586e+00
4.470933914184570312e+00
3.438594341278076172e+00
2.439485788345336914e+00
3.767287492752075195e+00
3.387419462203979492e+00
3.595419645309448242e+00
3.891281843185424805e+00
4.011393070220947266e+00
3.718963146209716797e+00
2.264602184295654297e+00
4.075923919677734375e+00
3.928107738494873047e+00
3.506933212280273438e+00
3.857728719711303711e+00
3.801525831222534180e+00
3.666244268417358398e+00
3.394224166870117188e+00
3.460882902145385742e+00
3.224163293838500977e+00
3.051589012145996094e+00
3.424869537353515625e+00
8.412972092628479004e-01
1.181625962257385254e+00
1.095524907112121582e+00
1.282501220703125000e+00
1.906312704086303711e+00
1.919232130050659180e+00
1.282555341720581055e+00
1.890082955360412598e+00
2.143944263458251953e+00
2.725732803344726562e+00
2.950975179672241211e+00
3.502951860427856445e+00
3.444514989852905273e+00
3.322686672210693359e+00
3.371559858322143555e+00
2.766369581222534180e+00
2.899239301681518555e+00
2.409465312957763672e+00
2.440280675888061523e+00
2.388930082321166992e+00
1.430804848670959473e+00
1.739731073379516602e+00
1.749951004981994629e+00
8.364640474319458008e-01
2.120531320571899414e+00
1.727248191833496094e+00
2.083023309707641602e+00
1.376062512397766113e+00
1.549823999404907227e+00
1.695723414421081543e+00
2.237552881240844727e+00
1.388029575347900391e+00
1.454681038856506348e+00
1.862069010734558105e+00
1.467706084251403809e+00
2.057795524597167969e+00
2.873074054718017578e+00
3.121450185775756836e+00
2.945985317230224609e+00
2.772814512252807617e+00
3.134410619735717773e+00
2.592185497283935547e+00
3.058977603912353516e+00
2.256285190582275391e+00
4.011798858642578125e+00
4.609253406524658203e+00
3.569704055786132812e+00
2.719742059707641602e+00
4.080752849578857422e+00
3.771579504013061523e+00
3.821403741836547852e+00
3.931486129760742188e+00
4.014054775238037109e+00
3.801847457885742188e+00
2.610621452331542969e+00
4.117052078247070312e+00
3.883690357208251953e+00
3.407322168350219727e+00
3.757213830947875977e+00
3.713725090026855469e+00
3.484639167785644531e+00
3.126801490783691406e+00
3.044621944427490234e+00
2.747384309768676758e+00
2.565711975097656250e+00
2.996481180191040039e+00
1.329365074634552002e-01
1.215973138809204102e+00
1.770521283149719238e+00
2.658637285232543945e+00
2.698578834533691406e+00
2.122414112091064453e+00
2.506337881088256836e+00
2.802289247512817383e+00
3.127194404602050781e+00
3.243772268295288086e+00
3.661171674728393555e+00
3.628159999847412109e+00
3.071019649505615234e+00
3.090409994125366211e+00
2.626296997070312500e+00
2.654579401016235352e+00
2.629791498184204102e+00
2.853001117706298828e+00
2.729144811630249023e+00
9.266566038131713867e-01
1.440320968627929688e+00
9.577757120132446289e-01
4.773659110069274902e-01
1.842617630958557129e+00
1.524225234985351562e+00
1.395267724990844727e+00
1.057311058044433594e+00
2.269602775573730469e+00
2.536918640136718750e+00
2.985232830047607422e+00
2.079163312911987305e+00
1.942827224731445312e+00
2.159699678421020508e+00
1.651264786720275879e+00
2.068956136703491211e+00
2.395744800567626953e+00
2.520942926406860352e+00
2.307580709457397461e+00
2.591914176940917969e+00
2.974796295166015625e+00
2.574716567993164062e+00
2.990018844604492188e+00
2.354576110839843750e+00
3.981449604034423828e+00
4.632413864135742188e+00
3.670513868331909180e+00
3.184805154800415039e+00
4.500359535217285156e+00
4.336083889007568359e+00
4.125217914581298828e+00
3.879704713821411133e+00
3.889653682708740234e+00
3.879767417907714844e+00
3.221522331237792969e+00
3.990579366683959961e+00
3.581586122512817383e+00
3.028698682785034180e+00
3.356372594833374023e+00
3.372688770294189453e+00
2.901268482208251953e+00
2.490934610366821289e+00
2.143754243850708008e+00
1.751098513603210449e+00
1.572379708290100098e+00
2.098331212997436523e+00
1.424921035766601562e+00
2.034131526947021484e+00
2.920055627822875977e+00
2.933208703994750977e+00
2.378629207611083984e+00
2.733043909072875977e+00
3.008708953857421875e+00
3.218816041946411133e+00
3.238574504852294922e+00
3.550444364547729492e+00
3.456169366836547852e+00
2.798002004623413086e+00
2.841462850570678711e+00
2.565080881118774414e+00
2.592527151107788086e+00
2.699690341949462891e+00
2.995364665985107422e+00
2.873907089233398438e+00
9.772281646728515625e-01
1.485581994056701660e+00
4.337698221206665039e-01
5.284000635147094727e-01
1.645206809043884277e+00
1.345842838287353516e+00
9.710188508033752441e-01
9.625494480133056641e-01
2.449581146240234375e+00
2.737039566040039062e+00
3.141589403152465820e+00
2.219078779220581055e+00
2.041308403015136719e+00
2.179608821868896484e+00
1.692095518112182617e+00
1.917309641838073730e+00
1.996257424354553223e+00
2.027567625045776367e+00
1.834357857704162598e+00
2.477476358413696289e+00
2.799193620681762695e+00
2.474657773971557617e+00
2.774178266525268555e+00
2.217949628829956055e+00
3.705249071121215820e+00
4.340182304382324219e+00
3.452430725097656250e+00
3.220028877258300781e+00
4.437581539154052734e+00
4.319587707519531250e+00
3.989012956619262695e+00
3.593061208724975586e+00
3.594801187515258789e+00
3.656431436538696289e+00
3.298116922378540039e+00
3.673441410064697266e+00
3.201750040054321289e+00
2.603222608566284180e+00
2.940426349639892578e+00
2.996395111083984375e+00
2.411864042282104492e+00
2.094767808914184570e+00
1.570934534072875977e+00
1.097645401954650879e+00
9.739702343940734863e-01
1.565561175346374512e+00
4.668656289577484131e-01
1.444131851196289062e+00
1.616306424140930176e+00
1.078511238098144531e+00
1.176784038543701172e+00
1.654294610023498535e+00
2.079121112823486328e+00
2.032454490661621094e+00
2.648901224136352539e+00
2.994117021560668945e+00
2.473963260650634766e+00
2.279824733734130859e+00
1.378228068351745605e+00
1.364447474479675293e+00
1.269069433212280273e+00
1.616103410720825195e+00
1.331369400024414062e+00
3.753907680511474609e-01
2.726558148860931396e-01
1.338782310485839844e+00
1.180813431739807129e+00
2.618455171585083008e+00
2.263652086257934570e+00
1.753973603248596191e+00
1.530258893966674805e+00
1.627491235733032227e+00
1.892192125320434570e+00
2.349341630935668945e+00
2.050979375839233398e+00
1.550497412681579590e+00
1.775469422340393066e+00
1.523396730422973633e+00
1.872067451477050781e+00
2.050004482269287109e+00
2.280203580856323242e+00
2.781232118606567383e+00
3.489758253097534180e+00
3.763005971908569336e+00
3.244573354721069336e+00
3.531631231307983398e+00
2.446828603744506836e+00
3.683426380157470703e+00
4.112658500671386719e+00
3.227154731750488281e+00
2.927636861801147461e+00
4.098753929138183594e+00
3.986365318298339844e+00
4.021154403686523438e+00
4.153534889221191406e+00
4.314907550811767578e+00
4.200250148773193359e+00
3.076265573501586914e+00
3.869041442871093750e+00
3.598531246185302734e+00
2.983133316040039062e+00
3.489312410354614258e+00
3.685508966445922852e+00
3.104140043258666992e+00
3.429966926574707031e+00
3.040640830993652344e+00
2.531734704971313477e+00
2.560143470764160156e+00
3.130168437957763672e+00
7.567895650863647461e-01
9.537621140480041504e-01
4.582071006298065186e-01
6.260572075843811035e-01
1.078666806221008301e+00
1.851994514465332031e+00
2.181922912597656250e+00
2.740063905715942383e+00
3.004524230957031250e+00
2.953417778015136719e+00
2.858869075775146484e+00
1.899096012115478516e+00
2.083757877349853516e+00
1.387570261955261230e+00
1.344062805175781250e+00
1.154119133949279785e+00
1.146574616432189941e+00
1.130010247230529785e+00
1.948216438293457031e+00
1.600661039352416992e+00
2.933300018310546875e+00
2.624459981918334961e+00
2.390153408050537109e+00
1.824898600578308105e+00
1.246641159057617188e+00
1.413768649101257324e+00
1.867158055305480957e+00
1.813413858413696289e+00
1.414898037910461426e+00
1.672464489936828613e+00
1.619390606880187988e+00
2.136063575744628906e+00
2.710465431213378906e+00
3.016312360763549805e+00
3.331891536712646484e+00
3.747284412384033203e+00
3.980997562408447266e+00
3.361013650894165039e+00
3.686492681503295898e+00
2.503193378448486328e+00
3.877936124801635742e+00
4.288193702697753906e+00
3.338282108306884766e+00
2.661988496780395508e+00
3.848360538482666016e+00
3.648942947387695312e+00
3.885644197463989258e+00
4.265047073364257812e+00
4.450610637664794922e+00
4.225538730621337891e+00
2.766681671142578125e+00
4.145202636718750000e+00
4.008329868316650391e+00
3.486418724060058594e+00
3.937407732009887695e+00
4.042138099670410156e+00
3.633987665176391602e+00
3.870581150054931641e+00
3.710989236831665039e+00
3.322926282882690430e+00
3.264575004577636719e+00
3.762144565582275391e+00
1.329344213008880615e-01
3.286720812320709229e-01
3.278924822807312012e-01
3.017208874225616455e-01
1.329126954078674316e+00
1.799183249473571777e+00
2.276876926422119141e+00
2.580692529678344727e+00
2.922668457031250000e+00
2.826237440109252930e+00
1.908951640129089355e+00
2.159879922866821289e+00
1.178491234779357910e+00
9.046326875686645508e-01
8.337521553039550781e-01
1.935710906982421875e+00
1.812355637550354004e+00
2.653171062469482422e+00
2.310908794403076172e+00
3.369924783706665039e+00
3.152718305587768555e+00
3.044698476791381836e+00
2.355218410491943359e+00
9.811019897460937500e-01
1.051529526710510254e+00
1.300949335098266602e+00
1.850918054580688477e+00
1.315041780471801758e+00
1.651513099670410156e+00
1.848730683326721191e+00
2.222221374511718750e+00
2.998166084289550781e+00
3.343359470367431641e+00
3.776770591735839844e+00
4.095392227172851562e+00
4.236349105834960938e+00
3.618394851684570312e+00
3.840708732604980469e+00
2.544043779373168945e+00
3.656685113906860352e+00
3.929085731506347656e+00
3.065223693847656250e+00
2.199009180068969727e+00
3.313913106918334961e+00
3.116580247879028320e+00
3.519503355026245117e+00
4.191448688507080078e+00
4.480332851409912109e+00
4.187386989593505859e+00
2.424194097518920898e+00
4.009558677673339844e+00
4.007673263549804688e+00
3.602140665054321289e+00
4.049771785736083984e+00
4.159219264984130859e+00
3.917808771133422852e+00
4.403183937072753906e+00
4.404150962829589844e+00
4.114733219146728516e+00
4.067702293395996094e+00
4.500379562377929688e+00
1.328133046627044678e-01
3.264918029308319092e-01
3.154234588146209717e-01
1.227622032165527344e+00
1.659095764160156250e+00
2.212965488433837891e+00
2.377579450607299805e+00
2.786177396774291992e+00
2.716403245925903320e+00
1.895172834396362305e+00
2.211901426315307617e+00
1.199745893478393555e+00
9.457404613494873047e-01
1.061880230903625488e+00
1.953693270683288574e+00
1.887578606605529785e+00
2.539901494979858398e+00
2.199171066284179688e+00
3.101721525192260742e+00
2.927375316619873047e+00
2.906963348388671875e+00
2.147152900695800781e+00
6.472956538200378418e-01
6.892287135124206543e-01
9.696391820907592773e-01
1.532949090003967285e+00
1.018042087554931641e+00
1.395437240600585938e+00
1.615021467208862305e+00
2.009381055831909180e+00
2.869643926620483398e+00
3.217037677764892578e+00
3.576231241226196289e+00
3.802075147628784180e+00
3.935355424880981445e+00
3.313150167465209961e+00
3.542284011840820312e+00
2.258428812026977539e+00
3.421426057815551758e+00
3.722745180130004883e+00
2.831051349639892578e+00
1.898400783538818359e+00
3.038469076156616211e+00
2.806437015533447266e+00
3.207116127014160156e+00
3.900031089782714844e+00
4.181092739105224609e+00
3.868607997894287109e+00
2.076482295989990234e+00
3.760786294937133789e+00
3.773721218109130859e+00
3.397198438644409180e+00
3.820006608963012695e+00
3.899755239486694336e+00
3.727113485336303711e+00
4.173560619354248047e+00
4.235798358917236328e+00
4.014349937438964844e+00
3.976391553878784180e+00
4.348185539245605469e+00
1.334720104932785034e-01
3.228875696659088135e-01
1.069155335426330566e+00
1.476049423217773438e+00
2.048121929168701172e+00
2.225814104080200195e+00
2.498312234878540039e+00
2.439709424972534180e+00
1.641017794609069824e+00
1.910104155540466309e+00
9.298931360244750977e-01
7.492487430572509766e-01
8.756362199783325195e-01
1.515989065170288086e+00
1.547950625419616699e+00
2.151041030883789062e+00
1.738318800926208496e+00
2.737887859344482422e+00
2.482150554656982422e+00
2.554840087890625000e+00
1.781754255294799805e+00
6.064391732215881348e-01
7.690515518188476562e-01
1.093819379806518555e+00
1.334053993225097656e+00
8.329438567161560059e-01
1.143380761146545410e+00
1.337377905845642090e+00
1.720101475715637207e+00
2.540881633758544922e+00
2.887349605560302734e+00
3.274984121322631836e+00
3.488345384597778320e+00
3.675232410430908203e+00
3.024846792221069336e+00
3.343372821807861328e+00
2.042997837066650391e+00
3.221931219100952148e+00
3.557123899459838867e+00
2.641720533370971680e+00
1.832940578460693359e+00
2.993145465850830078e+00
2.820418119430541992e+00
3.134289741516113281e+00
3.713044166564941406e+00
3.989752054214477539e+00
3.716464281082153320e+00
2.099096298217773438e+00
3.549209594726562500e+00
3.525595426559448242e+00
3.113855361938476562e+00
3.552944898605346680e+00
3.654652357101440430e+00
3.424080133438110352e+00
3.826035261154174805e+00
3.870698213577270508e+00
3.592622756958007812e+00
3.524987220764160156e+00
3.933451890945434570e+00
1.328810900449752808e-01
8.590089678764343262e-01
1.315932154655456543e+00
1.810615897178649902e+00
2.150084018707275391e+00
2.436595678329467773e+00
2.330990314483642578e+00
1.427328705787658691e+00
1.745400190353393555e+00
7.209838628768920898e-01
4.478717446327209473e-01
5.765099525451660156e-01
1.587570548057556152e+00
1.355178236961364746e+00
2.320394992828369141e+00
2.044044494628906250e+00
3.077694654464721680e+00
2.855913400650024414e+00
2.705581665039062500e+00
2.039397954940795898e+00
8.086470961570739746e-01
9.660783410072326660e-01
1.238499522209167480e+00
1.604008316993713379e+00
1.052114009857177734e+00
1.315520644187927246e+00
1.514627933502197266e+00
1.821180224418640137e+00
2.560831546783447266e+00
2.906512022018432617e+00
3.417058944702148438e+00
3.815312385559082031e+00
3.958318471908569336e+00
3.351131439208984375e+00
3.538110256195068359e+00
2.214272499084472656e+00
3.208622694015502930e+00
3.473504781723022461e+00
2.620756626129150391e+00
1.882402658462524414e+00
2.978810787200927734e+00
2.873334884643554688e+00
3.202240228652954102e+00
3.813684225082397461e+00
4.130768775939941406e+00
3.872125625610351562e+00
2.280907392501831055e+00
3.559508323669433594e+00
3.559071063995361328e+00
3.161239862442016602e+00
3.624301671981811523e+00
3.758310794830322266e+00
3.495826244354248047e+00
4.085988044738769531e+00
4.076418399810791016e+00
3.802600145339965820e+00
3.786863088607788086e+00
4.192310333251953125e+00
7.705687284469604492e-01
1.225744128227233887e+00
1.739634752273559570e+00
1.964700102806091309e+00
2.461160421371459961e+00
2.353644847869873047e+00
1.510041117668151855e+00
1.924554586410522461e+00
9.160898923873901367e-01
6.223775744438171387e-01
7.586945295333862305e-01
1.896742463111877441e+00
1.750832319259643555e+00
2.510573625564575195e+00
2.252479314804077148e+00
3.156776666641235352e+00
2.989495277404785156e+00
2.881764173507690430e+00
2.190904140472412109e+00
8.075186014175415039e-01
8.663594722747802734e-01
9.845325946807861328e-01
1.570923209190368652e+00
1.032470583915710449e+00
1.311657309532165527e+00
1.553225398063659668e+00
1.850013852119445801e+00
2.662762641906738281e+00
3.009456396102905273e+00
3.488079547882080078e+00
3.839177370071411133e+00
3.937473058700561523e+00
3.357277631759643555e+00
3.478131294250488281e+00
2.160911321640014648e+00
3.092211008071899414e+00
3.323097705841064453e+00
2.493718862533569336e+00
1.648658871650695801e+00
2.722540616989135742e+00
2.590982913970947266e+00
2.976674795150756836e+00
3.698281764984130859e+00
4.034243106842041016e+00
3.741300106048583984e+00
2.047727584838867188e+00
3.466717720031738281e+00
3.515086650848388672e+00
3.165232419967651367e+00
3.605113267898559570e+00
3.702761411666870117e+00
3.540313005447387695e+00
4.175342082977294922e+00
4.224433898925781250e+00
3.994527339935302734e+00
3.980884313583374023e+00
4.366287708282470703e+00
3.925418257713317871e-01
7.241854071617126465e-01
1.100158929824829102e+00
1.764588952064514160e+00
1.579544782638549805e+00
7.851037979125976562e-01
1.258022308349609375e+00
6.763671040534973145e-01
3.348589837551116943e-01
7.489390969276428223e-01
2.024132966995239258e+00
1.852237343788146973e+00
2.392006397247314453e+00
2.352274417877197266e+00
3.102050065994262695e+00
2.951008319854736328e+00
2.658308029174804688e+00
2.174487352371215820e+00
1.109734177589416504e+00
1.417489409446716309e+00
1.301751494407653809e+00
1.681477189064025879e+00
1.232704758644104004e+00
1.214829325675964355e+00
1.417989134788513184e+00
1.499720573425292969e+00
2.153640985488891602e+00
2.484803676605224609e+00
3.131642818450927734e+00
3.726530790328979492e+00
3.772720575332641602e+00
3.243882894515991211e+00
3.229695796966552734e+00
1.849319458007812500e+00
2.332049369812011719e+00
2.411875247955322266e+00
1.615463972091674805e+00
1.335142016410827637e+00
2.121238946914672852e+00
2.196055173873901367e+00
2.526727199554443359e+00
3.204549551010131836e+00
3.638690710067749023e+00
3.409227848052978516e+00
2.099349498748779297e+00
2.721053361892700195e+00
2.863533973693847656e+00
2.620410680770874023e+00
3.071009159088134766e+00
3.205172777175903320e+00
3.038641929626464844e+00
3.944345712661743164e+00
3.960010051727294922e+00
3.790685653686523438e+00
3.845950365066528320e+00
4.166165828704833984e+00
3.932413160800933838e-01
7.894545197486877441e-01
1.292024850845336914e+00
1.079975962638854980e+00
2.773593962192535400e-01
8.601346015930175781e-01
6.246854066848754883e-01
5.247800946235656738e-01
9.130155444145202637e-01
2.037731170654296875e+00
1.740845084190368652e+00
2.340281009674072266e+00
2.385612249374389648e+00
2.972770214080810547e+00
2.857463121414184570e+00
2.540546417236328125e+00
2.151763677597045898e+00
1.171563148498535156e+00
1.685887694358825684e+00
1.483290553092956543e+00
1.711445689201354980e+00
1.383870959281921387e+00
1.222622275352478027e+00
1.371143937110900879e+00
1.308548569679260254e+00
1.807254791259765625e+00
2.105577230453491211e+00
2.868871688842773438e+00
3.533333539962768555e+00
3.541465282440185547e+00
3.015252828598022461e+00
2.956043243408203125e+00
1.562045574188232422e+00
1.893558144569396973e+00
1.970043897628784180e+00
1.153658747673034668e+00
1.229811787605285645e+00
1.997448444366455078e+00
2.092068433761596680e+00
2.328091621398925781e+00
2.871495723724365234e+00
3.302271842956542969e+00
3.115128517150878906e+00
1.992185115814208984e+00
2.263168096542358398e+00
2.415748834609985352e+00
2.205680131912231445e+00
2.663355112075805664e+00
2.832242488861083984e+00
2.668901443481445312e+00
3.722238063812255859e+00
3.762556791305541992e+00
3.618597269058227539e+00
3.725598812103271484e+00
3.998639345169067383e+00
3.730027079582214355e-01
1.044587969779968262e+00
8.767016530036926270e-01
8.237687945365905762e-01
1.392788171768188477e+00
1.265890002250671387e+00
1.017951965332031250e+00
1.452626585960388184e+00
2.591801643371582031e+00
2.326155662536621094e+00
2.608188152313232422e+00
2.745921850204467773e+00
3.160010337829589844e+00
3.090276956558227539e+00
2.655142068862915039e+00
2.497506856918334961e+00
1.673584580421447754e+00
2.276991128921508789e+00
2.004095077514648438e+00
2.147287607192993164e+00
1.892817378044128418e+00
1.606666088104248047e+00
1.709783315658569336e+00
1.534397006034851074e+00
1.756231784820556641e+00
2.075596094131469727e+00
2.831956148147583008e+00
3.612173557281494141e+00
3.561039209365844727e+00
3.056190013885498047e+00
2.925776243209838867e+00
1.611835837364196777e+00
1.307456970214843750e+00
1.271609663963317871e+00
4.787658751010894775e-01
1.306963562965393066e+00
1.693886876106262207e+00
1.902337789535522461e+00
2.086490154266357422e+00
2.531329393386840820e+00
2.995131254196166992e+00
2.930824279785156250e+00
2.181546688079833984e+00
1.705216646194458008e+00
1.990883469581604004e+00
1.956295371055603027e+00
2.341880083084106445e+00
2.437201499938964844e+00
2.478827714920043945e+00
3.716675043106079102e+00
3.788763999938964844e+00
3.725236892700195312e+00
3.859170436859130859e+00
4.066984176635742188e+00
9.377981424331665039e-01
1.070085406303405762e+00
1.428289651870727539e+00
1.961512923240661621e+00
1.869756817817687988e+00
1.708358049392700195e+00
2.074298381805419922e+00
2.714843750000000000e+00
2.500015020370483398e+00
2.529136180877685547e+00
2.671797037124633789e+00
2.727777719497680664e+00
2.746906042098999023e+00
2.476530075073242188e+00
2.312741756439208984e+00
1.477554917335510254e+00
2.108512163162231445e+00
1.739453792572021484e+00
1.896562099456787109e+00
1.751018047332763672e+00
1.438588142395019531e+00
1.630136609077453613e+00
1.366602659225463867e+00
1.619219422340393066e+00
1.951779484748840332e+00
2.453853130340576172e+00
3.063557386398315430e+00
2.971617937088012695e+00
2.477276563644409180e+00
2.322523832321166992e+00
1.113328814506530762e+00
9.270091056823730469e-01
1.182695865631103516e+00
3.387441039085388184e-01
6.759531497955322266e-01
9.732049703598022461e-01
1.150700211524963379e+00
1.422945499420166016e+00
1.909277439117431641e+00
2.387760877609252930e+00
2.263615608215332031e+00
1.606173992156982422e+00
1.333474993705749512e+00
1.573377132415771484e+00
1.545150995254516602e+00
1.869568467140197754e+00
1.896779537200927734e+00
2.101146459579467773e+00
3.259754180908203125e+00
3.462260961532592773e+00
3.504595041275024414e+00
3.595020055770874023e+00
3.745172977447509766e+00
3.354423344135284424e-01
1.143000364303588867e+00
1.375569701194763184e+00
1.690369367599487305e+00
1.860162258148193359e+00
2.148299217224121094e+00
2.083383321762084961e+00
1.804343342781066895e+00
1.815311431884765625e+00
2.185422658920288086e+00
2.500412464141845703e+00
2.403535366058349609e+00
1.568185210227966309e+00
2.055290699005126953e+00
1.925527811050415039e+00
2.704723119735717773e+00
2.496507167816162109e+00
2.207949161529541016e+00
1.951694607734680176e+00
1.444078207015991211e+00
1.372805237770080566e+00
1.032554388046264648e+00
6.189620494842529297e-01
9.536592364311218262e-01
1.584266066551208496e+00
2.907860994338989258e+00
2.831407308578491211e+00
2.448996305465698242e+00
2.216046810150146484e+00
1.369624018669128418e+00
8.679037094116210938e-01
1.279216647148132324e+00
7.458071112632751465e-01
1.734279870986938477e+00
2.150955438613891602e+00
2.304412603378295898e+00
1.999069452285766602e+00
1.819082140922546387e+00
2.219436883926391602e+00
2.298749923706054688e+00
2.352577686309814453e+00
9.573895335197448730e-01
8.275421857833862305e-01
6.480643749237060547e-01
1.126426458358764648e+00
1.359418153762817383e+00
1.160085082054138184e+00
2.596647024154663086e+00
2.631689310073852539e+00
2.652249097824096680e+00
2.814160585403442383e+00
2.973454236984252930e+00
8.632276058197021484e-01
9.979280829429626465e-01
1.420198440551757812e+00
1.626264929771423340e+00
1.958206415176391602e+00
1.958279132843017578e+00
1.639438986778259277e+00
1.883787393569946289e+00
2.260169029235839844e+00
2.892306327819824219e+00
2.714224100112915039e+00
1.752459883689880371e+00
2.213764429092407227e+00
1.995923280715942383e+00
2.733392000198364258e+00
2.526404142379760742e+00
2.349639177322387695e+00
2.053342819213867188e+00
1.579825401306152344e+00
1.497947454452514648e+00
1.230514526367187500e+00
8.714559674263000488e-01
1.113148927688598633e+00
2.146785259246826172e+00
3.412010669708251953e+00
3.378723621368408203e+00
2.944754362106323242e+00
2.766139507293701172e+00
1.693717956542968750e+00
1.368848800659179688e+00
1.466453671455383301e+00
9.928324818611145020e-01
1.893420696258544922e+00
2.443135499954223633e+00
2.610741376876831055e+00
2.499719142913818359e+00
2.536222219467163086e+00
2.949885368347167969e+00
2.953115940093994141e+00
2.585151910781860352e+00
1.631114482879638672e+00
1.662598371505737305e+00
1.297164201736450195e+00
1.912111163139343262e+00
2.162648200988769531e+00
1.759280085563659668e+00
3.143108844757080078e+00
3.016328096389770508e+00
2.835287809371948242e+00
3.061696529388427734e+00
3.317784309387207031e+00
1.326458603143692017e-01
3.004543781280517578e-01
6.601316332817077637e-01
9.424545764923095703e-01
1.370784163475036621e+00
1.049893498420715332e+00
1.693928360939025879e+00
1.887715935707092285e+00
2.924161434173583984e+00
2.659492969512939453e+00
1.934992671012878418e+00
1.963039159774780273e+00
1.689789414405822754e+00
2.178519248962402344e+00
2.093489646911621094e+00
2.126710414886474609e+00
1.699047803878784180e+00
1.435221195220947266e+00
1.266223073005676270e+00
1.267465114593505859e+00
1.288217067718505859e+00
1.573997378349304199e+00
2.517672300338745117e+00
3.656857013702392578e+00
3.720761775970458984e+00
3.273189306259155273e+00
3.189607381820678711e+00
2.010342121124267578e+00
2.260839700698852539e+00
2.441975116729736328e+00
1.675967097282409668e+00
1.987012386322021484e+00
2.734503269195556641e+00
2.868535041809082031e+00
2.957580327987670898e+00
3.227257966995239258e+00
3.626531362533569336e+00
3.552997350692749023e+00
2.677785634994506836e+00
2.554239034652709961e+00
2.540544271469116211e+00
2.057252168655395508e+00
2.665918350219726562e+00
2.899728775024414062e+00
2.376327753067016602e+00
3.450474500656127930e+00
3.217334985733032227e+00
2.933493852615356445e+00
3.065546274185180664e+00
3.453409194946289062e+00
4.996598958969116211e-01
1.003956317901611328e+00
1.172668576240539551e+00
1.348453760147094727e+00
1.025723338127136230e+00
1.801959633827209473e+00
2.054051876068115234e+00
3.170680284500122070e+00
2.897309780120849609e+00
2.086440563201904297e+00
2.197179079055786133e+00
2.036414861679077148e+00
2.525880098342895508e+00
2.528088808059692383e+00
2.427340269088745117e+00
1.959430932998657227e+00
1.720378994941711426e+00
1.541873216629028320e+00
1.541530609130859375e+00
1.470117092132568359e+00
1.722209692001342773e+00
2.726185321807861328e+00
3.925472736358642578e+00
3.992249727249145508e+00
3.552788972854614258e+00
3.464384078979492188e+00
2.327219724655151367e+00
2.670757770538330078e+00
2.894813299179077148e+00
2.171344280242919922e+00
2.473442554473876953e+00
3.267079353332519531e+00
3.387190103530883789e+00
3.397848129272460938e+00
3.541136741638183594e+00
3.888177633285522461e+00
3.850911378860473633e+00
3.065142869949340820e+00
2.909522294998168945e+00
2.783659934997558594e+00
2.249780416488647461e+00
2.883897542953491211e+00
3.128003120422363281e+00
2.565931558609008789e+00
3.662139654159545898e+00
3.344185352325439453e+00
2.976993799209594727e+00
3.128932714462280273e+00
3.571012496948242188e+00
1.325181126594543457e-01
3.195979595184326172e-01
1.394200205802917480e+00
1.030317544937133789e+00
1.905778288841247559e+00
1.937326908111572266e+00
3.052244186401367188e+00
2.769868135452270508e+00
2.223930835723876953e+00
1.969577431678771973e+00
1.343212008476257324e+00
1.632922887802124023e+00
1.677648782730102539e+00
1.824469923973083496e+00
1.307142138481140137e+00
1.278254270553588867e+00
1.287664771080017090e+00
1.452184200286865234e+00
1.806758046150207520e+00
2.129397392272949219e+00
2.900678396224975586e+00
3.781748771667480469e+00
3.872199296951293945e+00
3.390821218490600586e+00
3.366966247558593750e+00
2.096868276596069336e+00
2.786044597625732422e+00
3.048618793487548828e+00
2.216939687728881836e+00
1.961164474487304688e+00
2.948919057846069336e+00
2.963091850280761719e+00
3.176622629165649414e+00
3.540026426315307617e+00
3.881037950515747070e+00
3.756305694580078125e+00
2.544922113418579102e+00
3.079762458801269531e+00
3.006476163864135742e+00
2.552540063858032227e+00
3.090436220169067383e+00
3.291423320770263672e+00
2.860685586929321289e+00
3.759723424911499023e+00
3.590924024581909180e+00
3.297597885131835938e+00
3.374918699264526367e+00
3.786698341369628906e+00
1.325620114803314209e-01
1.695462822914123535e+00
1.394988656044006348e+00
2.224245786666870117e+00
2.220811843872070312e+00
3.237574577331542969e+00
3.008611917495727539e+00
2.542180061340332031e+00
2.172703504562377930e+00
1.262361764907836914e+00
1.445009469985961914e+00
1.502336263656616211e+00
1.832343578338623047e+00
1.282959580421447754e+00
1.365207552909851074e+00
1.488269567489624023e+00
1.640847921371459961e+00
2.097488641738891602e+00
2.423453092575073242e+00
3.177073955535888672e+00
3.946805715560913086e+00
4.036754131317138672e+00
3.515020608901977539e+00
3.519611358642578125e+00
2.205548524856567383e+00
2.799167156219482422e+00
2.932364225387573242e+00
2.116219520568847656e+00
1.898056983947753906e+00
2.767214298248291016e+00
2.820707082748413086e+00
3.114697456359863281e+00
3.642556190490722656e+00
4.010263442993164062e+00
3.838210344314575195e+00
2.483912467956542969e+00
3.146488904953002930e+00
3.169541358947753906e+00
2.775925397872924805e+00
3.287655830383300781e+00
3.475399017333984375e+00
3.116401433944702148e+00
4.022789001464843750e+00
3.905157327651977539e+00
3.635552883148193359e+00
3.704224348068237305e+00
4.100701332092285156e+00
1.561631560325622559e+00
1.202062129974365234e+00
2.248570442199707031e+00
2.185027599334716797e+00
3.349158525466918945e+00
3.065383434295654297e+00
2.622273683547973633e+00
2.222323179244995117e+00
1.475582361221313477e+00
1.637915134429931641e+00
1.726411342620849609e+00
2.021988391876220703e+00
1.475864410400390625e+00
1.525030970573425293e+00
1.625391483306884766e+00
1.825955629348754883e+00
2.323724746704101562e+00
2.652580976486206055e+00
3.366896629333496094e+00
4.088948726654052734e+00
4.186045646667480469e+00
3.671956062316894531e+00
3.692302465438842773e+00
2.376020669937133789e+00
3.108693122863769531e+00
3.310734510421752930e+00
2.486361503601074219e+00
2.105308294296264648e+00
3.086266517639160156e+00
3.089228868484497070e+00
3.371344566345214844e+00
3.865523099899291992e+00
4.219238281250000000e+00
4.032538890838623047e+00
2.700797080993652344e+00
3.445060014724731445e+00
3.428428411483764648e+00
3.022845029830932617e+00
3.530822038650512695e+00
3.713285923004150391e+00
3.349264860153198242e+00
4.165297508239746094e+00
4.017090797424316406e+00
3.692807674407958984e+00
3.735179185867309570e+00
4.178120613098144531e+00
1.327295750379562378e-01
8.082123398780822754e-01
8.220763206481933594e-01
2.250382900238037109e+00
1.894131183624267578e+00
1.219377756118774414e+00
1.162345767021179199e+00
1.695236086845397949e+00
2.041703701019287109e+00
2.368807554244995117e+00
1.902178645133972168e+00
1.366640925407409668e+00
1.455480217933654785e+00
1.138202190399169922e+00
1.414015769958496094e+00
1.556385755538940430e+00
1.779912471771240234e+00
2.233565330505371094e+00
3.195105314254760742e+00
3.404608249664306641e+00
2.928905963897705078e+00
3.083724260330200195e+00
2.009884357452392578e+00
3.278794527053833008e+00
3.762172222137451172e+00
2.888535261154174805e+00
2.651301145553588867e+00
3.783262968063354492e+00
3.717410564422607422e+00
3.629301071166992188e+00
3.656726598739624023e+00
3.806892156600952148e+00
3.752730846405029297e+00
2.890760660171508789e+00
3.404687404632568359e+00
3.094569444656372070e+00
2.449566364288330078e+00
2.959829568862915039e+00
3.151864767074584961e+00
2.488741874694824219e+00
2.901242017745971680e+00
2.489380598068237305e+00
1.967531681060791016e+00
1.985564112663269043e+00
2.563736200332641602e+00
8.976179957389831543e-01
1.031364083290100098e+00
2.421136379241943359e+00
2.088239908218383789e+00
1.275168299674987793e+00
1.370259761810302734e+00
1.850290179252624512e+00
2.181351423263549805e+00
2.464459896087646484e+00
2.076807022094726562e+00
1.526339411735534668e+00
1.495933294296264648e+00
1.200905561447143555e+00
1.293336153030395508e+00
1.342072367668151855e+00
1.580909252166748047e+00
2.204235315322875977e+00
3.341231584548950195e+00
3.497371673583984375e+00
3.086048364639282227e+00
3.112173557281494141e+00
2.047811508178710938e+00
3.059633731842041016e+00
3.496227025985717773e+00
2.659196138381958008e+00
2.670073270797729492e+00
3.692912578582763672e+00
3.685182571411132812e+00
3.575443744659423828e+00
3.540827035903930664e+00
3.735181093215942383e+00
3.728099346160888672e+00
2.977134704589843750e+00
3.196187496185302734e+00
2.906369447708129883e+00
2.260332584381103516e+00
2.815536975860595703e+00
3.036122083663940430e+00
2.357005119323730469e+00
2.999781847000122070e+00
2.613735914230346680e+00
2.184153318405151367e+00
2.268878459930419922e+00
2.772073268890380859e+00
4.173927009105682373e-01
1.418477416038513184e+00
1.093619346618652344e+00
2.975089550018310547e-01
5.385138988494873047e-01
1.895445823669433594e+00
2.333948612213134766e+00
2.558714389801025391e+00
1.794731974601745605e+00
1.390011191368103027e+00
1.336528182029724121e+00
1.036839365959167480e+00
1.025447845458984375e+00
1.080160856246948242e+00
1.214399933815002441e+00
1.322201132774353027e+00
2.380490064620971680e+00
2.556888818740844727e+00
2.166978597640991211e+00
2.280024766921997070e+00
1.454781413078308105e+00
2.799467086791992188e+00
3.388318061828613281e+00
2.549144744873046875e+00
2.426533699035644531e+00
3.568045616149902344e+00
3.494551181793212891e+00
3.187646150588989258e+00
2.935492515563964844e+00
3.006183862686157227e+00
3.030709505081176758e+00
2.622912168502807617e+00
2.827559232711791992e+00
2.421989679336547852e+00
1.767844676971435547e+00
2.196824550628662109e+00
2.344841718673706055e+00
1.693784117698669434e+00
2.005570411682128906e+00
1.501723170280456543e+00
9.459509253501892090e-01
1.025862812995910645e+00
1.596922039985656738e+00
1.307178139686584473e+00
9.483749866485595703e-01
7.794939279556274414e-01
3.246785402297973633e-01
1.569611191749572754e+00
1.881689429283142090e+00
2.208636283874511719e+00
1.394650936126708984e+00
1.069541811943054199e+00
1.217346310615539551e+00
7.070425152778625488e-01
1.116299033164978027e+00
1.587401032447814941e+00
1.799015045166015625e+00
1.701030135154724121e+00
2.172406911849975586e+00
2.490180253982543945e+00
2.006557226181030273e+00
2.303711891174316406e+00
1.408449411392211914e+00
3.056433200836181641e+00
3.695536136627197266e+00
2.719197034835815430e+00
2.252386093139648438e+00
3.537854909896850586e+00
3.394525051116943359e+00
3.174473524093627930e+00
3.072450876235961914e+00
3.140597105026245117e+00
3.062921047210693359e+00
2.376345872879028320e+00
3.114627122879028320e+00
2.770775556564331055e+00
2.210210561752319336e+00
2.583493947982788086e+00
2.644200325012207031e+00
2.192104816436767578e+00
2.080899238586425781e+00
1.917673110961914062e+00
1.630673170089721680e+00
1.497748136520385742e+00
1.923615813255310059e+00
1.333293020725250244e-01
1.150672435760498047e+00
7.651390433311462402e-01
2.077746152877807617e+00
2.450699329376220703e+00
2.565489768981933594e+00
1.527158260345458984e+00
1.695994615554809570e+00
1.419427156448364258e+00
1.357766985893249512e+00
1.268183827400207520e+00
1.964233875274658203e+00
1.959996819496154785e+00
1.111930131912231445e+00
3.370551466941833496e-01
5.894752144813537598e-01
5.639529824256896973e-01
9.579058885574340820e-01
1.126223683357238770e+00
2.741180419921875000e+00
3.507737159729003906e+00
2.527469635009765625e+00
2.040667057037353516e+00
3.164092302322387695e+00
2.943925380706787109e+00
2.524010181427001953e+00
2.037468671798706055e+00
2.010206460952758789e+00
1.932359337806701660e+00
1.971406221389770508e+00
2.583250522613525391e+00
2.206634759902954102e+00
1.846826314926147461e+00
1.995161890983581543e+00
1.823567271232604980e+00
1.638994574546813965e+00
8.903954029083251953e-01
1.482947349548339844e+00
1.666846990585327148e+00
1.495231270790100098e+00
1.491997957229614258e+00
9.504910707473754883e-01
4.071976542472839355e-01
2.002668619155883789e+00
2.343893766403198242e+00
2.553977489471435547e+00
1.420547723770141602e+00
1.570013403892517090e+00
1.370136380195617676e+00
1.123554348945617676e+00
1.170292854309082031e+00
1.818793773651123047e+00
1.854779124259948730e+00
1.225953936576843262e+00
1.012080430984497070e+00
1.254813790321350098e+00
8.253555893898010254e-01
1.232408285140991211e+00
1.156979560852050781e+00
2.851790189743041992e+00
3.605165243148803711e+00
2.608631134033203125e+00
2.176053524017333984e+00
3.383268833160400391e+00
3.162424564361572266e+00
2.761226654052734375e+00
2.291049480438232422e+00
2.261859655380249023e+00
2.209909439086914062e+00
2.155381441116333008e+00
2.741656780242919922e+00
2.334253311157226562e+00
1.937582492828369141e+00
2.135549545288085938e+00
1.997166872024536133e+00
1.794971108436584473e+00
1.292749404907226562e+00
1.552465915679931641e+00
1.603898167610168457e+00
1.433548331260681152e+00
1.580095767974853516e+00
7.273686528205871582e-01
2.141266107559204102e+00
2.646340847015380859e+00
2.822677135467529297e+00
2.018751859664916992e+00
1.671860694885253906e+00
1.530396699905395508e+00
1.257548213005065918e+00
1.097864627838134766e+00
6.415572762489318848e-01
5.162206292152404785e-01
6.920499205589294434e-01
2.039834737777709961e+00
2.175860643386840820e+00
1.900753617286682129e+00
1.957350492477416992e+00
1.462168097496032715e+00
2.475980043411254883e+00
3.016833066940307617e+00
2.387555599212646484e+00
2.531092166900634766e+00
3.606017589569091797e+00
3.519502401351928711e+00
3.112767696380615234e+00
2.525335788726806641e+00
2.575820446014404297e+00
2.758902311325073242e+00
2.712630033493041992e+00
2.357051372528076172e+00
1.838384628295898438e+00
1.171533346176147461e+00
1.434605240821838379e+00
1.737874031066894531e+00
8.944684863090515137e-01
1.392800092697143555e+00
1.074774980545043945e+00
9.407612085342407227e-01
9.764359593391418457e-01
1.249545216560363770e+00
1.336244463920593262e+00
1.718679547309875488e+00
1.947824001312255859e+00
1.068341851234436035e+00
8.144754171371459961e-01
8.264921903610229492e-01
3.588278889656066895e-01
7.264989614486694336e-01
1.497047066688537598e+00
1.649597287178039551e+00
1.390347719192504883e+00
1.707200407981872559e+00
1.952759623527526855e+00
1.515857458114624023e+00
1.813507080078125000e+00
9.538369178771972656e-01
2.678235292434692383e+00
3.344536781311035156e+00
2.323333978652954102e+00
1.834232330322265625e+00
3.115913867950439453e+00
2.970057725906372070e+00
2.720480442047119141e+00
2.644210100173950195e+00
2.685512781143188477e+00
2.627097845077514648e+00
1.959480404853820801e+00
2.729111909866333008e+00
2.402894258499145508e+00
1.884960174560546875e+00
2.228426694869995117e+00
2.236490964889526367e+00
1.916764259338378906e+00
1.611957550048828125e+00
1.645882368087768555e+00
1.566303253173828125e+00
1.418557643890380859e+00
1.672689199447631836e+00
1.331243515014648438e-01
4.341260790824890137e-01
5.247457623481750488e-01
2.584788501262664795e-01
3.803581595420837402e-01
6.497376561164855957e-01
9.812029600143432617e-01
2.028483867645263672e+00
2.355357170104980469e+00
2.526304244995117188e+00
2.695581674575805664e+00
2.777501583099365234e+00
2.217077016830444336e+00
2.323216915130615234e+00
1.027903079986572266e+00
2.325616836547851562e+00
2.756954908370971680e+00
1.779780507087707520e+00
8.351461887359619141e-01
2.040655374526977539e+00
1.842930793762207031e+00
2.069466352462768555e+00
2.658698558807373047e+00
2.929519653320312500e+00
2.636800765991210938e+00
1.160029053688049316e+00
2.590702772140502930e+00
2.590961456298828125e+00
2.276360988616943359e+00
2.646241188049316406e+00
2.672748804092407227e+00
2.640983581542968750e+00
3.119815349578857422e+00
3.322263240814208984e+00
3.264536142349243164e+00
3.238973140716552734e+00
3.474939823150634766e+00
3.132722973823547363e-01
8.052188754081726074e-01
5.879319310188293457e-01
1.047817349433898926e+00
1.267560720443725586e+00
1.679470777511596680e+00
2.737296342849731445e+00
3.070195436477661133e+00
3.165875196456909180e+00
3.089234113693237305e+00
3.222675561904907227e+00
2.575672626495361328e+00
2.881052732467651367e+00
1.704213857650756836e+00
3.079211711883544922e+00
3.428290843963623047e+00
2.511260509490966797e+00
1.386767864227294922e+00
2.539912462234497070e+00
2.181942701339721680e+00
2.604155540466308594e+00
3.341341018676757812e+00
3.553691625595092773e+00
3.201163053512573242e+00
1.325199484825134277e+00
3.358424663543701172e+00
3.366442203521728516e+00
3.048746109008789062e+00
3.408785343170166016e+00
3.400408267974853516e+00
3.349788904190063477e+00
3.626461982727050781e+00
3.841391086578369141e+00
3.732833623886108398e+00
3.655983209609985352e+00
3.935224533081054688e+00
9.074971675872802734e-01
7.538705468177795410e-01
1.069535255432128906e+00
1.339298725128173828e+00
1.670071125030517578e+00
2.707308769226074219e+00
3.034907102584838867e+00
3.186349630355834961e+00
2.960628986358642578e+00
2.999111652374267578e+00
2.424561738967895508e+00
2.627305507659912109e+00
1.587582588195800781e+00
2.709710597991943359e+00
3.015058994293212891e+00
2.153896331787109375e+00
9.239865541458129883e-01
1.892919540405273438e+00
1.375038862228393555e+00
1.873472929000854492e+00
2.871398687362670898e+00
3.065685987472534180e+00
2.656882524490356445e+00
4.634972512722015381e-01
2.980916023254394531e+00
3.116310358047485352e+00
2.883615493774414062e+00
3.219861984252929688e+00
3.116688728332519531e+00
3.221072435379028320e+00
3.704834699630737305e+00
3.978699207305908203e+00
3.935410737991333008e+00
3.888857603073120117e+00
4.113121509552001953e+00
3.055712878704071045e-01
4.925626218318939209e-01
7.416256666183471680e-01
9.568791389465332031e-01
2.180290937423706055e+00
2.480309009552001953e+00
2.368263721466064453e+00
2.106563091278076172e+00
2.268551826477050781e+00
1.586168169975280762e+00
1.999031782150268555e+00
8.973834514617919922e-01
2.496574401855468750e+00
3.045950412750244141e+00
2.018593072891235352e+00
9.889871478080749512e-01
2.353858470916748047e+00
1.997832655906677246e+00
2.119791984558105469e+00
2.562949180603027344e+00
2.734192848205566406e+00
2.388853549957275391e+00
8.530407547950744629e-01
2.667205333709716797e+00
2.617869138717651367e+00
2.306892395019531250e+00
2.635085821151733398e+00
2.578469514846801758e+00
2.519013881683349609e+00
2.762169599533081055e+00
3.068837404251098633e+00
3.068025588989257812e+00
2.978847980499267578e+00
3.170084714889526367e+00
3.036980926990509033e-01
3.106821775436401367e-01
7.513266205787658691e-01
1.804530143737792969e+00
2.123275279998779297e+00
2.203237771987915039e+00
2.390138149261474609e+00
2.529155731201171875e+00
1.920457243919372559e+00
2.167484998703002930e+00
9.745334982872009277e-01
2.487624883651733398e+00
2.983683347702026367e+00
1.963251709938049316e+00
1.204703569412231445e+00
2.412983655929565430e+00
2.228352785110473633e+00
2.322623252868652344e+00
2.727710008621215820e+00
2.901316642761230469e+00
2.630727529525756836e+00
1.336497068405151367e+00
2.715604066848754883e+00
2.592616081237792969e+00
2.179195165634155273e+00
2.566559791564941406e+00
2.598477125167846680e+00
2.452848434448242188e+00
2.763240575790405273e+00
2.891490459442138672e+00
2.782466650009155273e+00
2.737356185913085938e+00
3.017115831375122070e+00
1.332760751247406006e-01
3.316184878349304199e-01
1.386595010757446289e+00
1.706359982490539551e+00
1.814367175102233887e+00
2.031141996383666992e+00
2.108439445495605469e+00
1.600551486015319824e+00
1.643085479736328125e+00
3.500398397445678711e-01
1.904970645904541016e+00
2.510368108749389648e+00
1.466880202293395996e+00
8.890292644500732422e-01
2.124443292617797852e+00
1.994813919067382812e+00
1.828980684280395508e+00
2.076105117797851562e+00
2.303929090499877930e+00
2.088015556335449219e+00
1.143648386001586914e+00
2.062409400939941406e+00
1.974152922630310059e+00
1.640714764595031738e+00
1.990383028984069824e+00
2.000238180160522461e+00
1.935859918594360352e+00
2.381508111953735352e+00
2.634729146957397461e+00
2.654306173324584961e+00
2.635221481323242188e+00
2.798457145690917969e+00
3.080221414566040039e-01
1.160688757896423340e+00
1.486203193664550781e+00
1.754868030548095703e+00
2.130741596221923828e+00
2.266122579574584961e+00
1.748578190803527832e+00
1.874111533164978027e+00
7.363345026969909668e-01
2.160169363021850586e+00
2.725474596023559570e+00
1.726914167404174805e+00
1.312081575393676758e+00
2.515507936477661133e+00
2.405360698699951172e+00
2.323487520217895508e+00
2.463564872741699219e+00
2.613284111022949219e+00
2.456237554550170898e+00
1.568484544754028320e+00
2.344063043594360352e+00
2.154505729675292969e+00
1.664965629577636719e+00
2.101496458053588867e+00
2.215762853622436523e+00
1.907810568809509277e+00
2.324796438217163086e+00
2.455948352813720703e+00
2.364796876907348633e+00
2.300662040710449219e+00
2.565615177154541016e+00
7.367595434188842773e-01
1.043400406837463379e+00
1.328234314918518066e+00
1.873053193092346191e+00
1.939803361892700195e+00
1.482674002647399902e+00
1.452673554420471191e+00
3.483692407608032227e-01
1.854536652565002441e+00
2.436552286148071289e+00
1.434147953987121582e+00
1.285456418991088867e+00
2.371501445770263672e+00
2.298979759216308594e+00
2.009551763534545898e+00
1.944062352180480957e+00
2.108611345291137695e+00
2.023039817810058594e+00
1.468629002571105957e+00
1.925143837928771973e+00
1.693164587020874023e+00
1.211021900177001953e+00
1.622323632240295410e+00
1.651450634002685547e+00
1.446807742118835449e+00
2.001832246780395508e+00
2.185622215270996094e+00
2.174227952957153320e+00
2.209676265716552734e+00
2.388652563095092773e+00
1.327650547027587891e-01
1.064514517784118652e+00
2.598473548889160156e+00
2.619313478469848633e+00
2.316609859466552734e+00
2.126108169555664062e+00
1.455724835395812988e+00
1.610998153686523438e+00
2.088423013687133789e+00
1.533344984054565430e+00
2.203658342361450195e+00
2.866988897323608398e+00
2.938825368881225586e+00
2.540151596069335938e+00
2.114083766937255859e+00
2.365636348724365234e+00
2.498801231384277344e+00
2.601038455963134766e+00
1.579107046127319336e+00
1.184971332550048828e+00
5.694096088409423828e-01
1.153299450874328613e+00
1.427349328994750977e+00
8.582508563995361328e-01
2.023914098739624023e+00
1.850339293479919434e+00
1.745278835296630859e+00
1.939120173454284668e+00
2.159169197082519531e+00
8.030872344970703125e-01
2.548381328582763672e+00
2.556352376937866211e+00
2.314879179000854492e+00
2.111447811126708984e+00
1.635491490364074707e+00
1.956177711486816406e+00
2.429548740386962891e+00
1.863698124885559082e+00
2.525951623916625977e+00
3.193506956100463867e+00
3.259643077850341797e+00
2.839473485946655273e+00
2.280849933624267578e+00
2.423884391784667969e+00
2.599558830261230469e+00
2.869378328323364258e+00
1.876301407814025879e+00
1.410428166389465332e+00
6.867929100990295410e-01
1.162298798561096191e+00
1.488529682159423828e+00
6.271350383758544922e-01
1.818752765655517578e+00
1.606406092643737793e+00
1.547615766525268555e+00
1.776494026184082031e+00
1.964900851249694824e+00
1.475671887397766113e+00
1.489856243133544922e+00
1.344732642173767090e+00
1.276476383209228516e+00
1.477100729942321777e+00
2.134841442108154297e+00
2.748897075653076172e+00
2.214515924453735352e+00
2.522090196609497070e+00
3.346119403839111328e+00
3.217948198318481445e+00
2.668432950973510742e+00
1.781454324722290039e+00
1.779169201850891113e+00
1.974967956542968750e+00
2.640098571777343750e+00
1.838549494743347168e+00
1.200943827629089355e+00
7.419821023941040039e-01
7.804843187332153320e-01
9.496067762374877930e-01
2.696520388126373291e-01
6.635813713073730469e-01
9.385576248168945312e-01
1.173221230506896973e+00
1.266913652420043945e+00
1.183117151260375977e+00
1.331249028444290161e-01
3.154471516609191895e-01
5.089336037635803223e-01
1.611281037330627441e+00
2.847430229187011719e+00
3.616084575653076172e+00
2.752110719680786133e+00
2.376319169998168945e+00
3.192129373550415039e+00
2.969680786132812500e+00
2.484649181365966797e+00
1.712587475776672363e+00
1.531695961952209473e+00
1.546002507209777832e+00
2.221862077713012695e+00
2.561811685562133789e+00
2.185595750808715820e+00
1.921010613441467285e+00
1.934829354286193848e+00
1.662924289703369141e+00
1.585204720497131348e+00
9.297860264778137207e-01
1.796481370925903320e+00
2.247231006622314453e+00
2.078520059585571289e+00
1.816317319869995117e+00
3.899613320827484131e-01
3.511582612991333008e-01
1.622367501258850098e+00
2.667234897613525391e+00
3.423973798751831055e+00
2.620783329010009766e+00
2.348777055740356445e+00
3.016598701477050781e+00
2.805512428283691406e+00
2.290529489517211914e+00
1.421453952789306641e+00
1.198904991149902344e+00
1.257653594017028809e+00
2.197863101959228516e+00
2.344455480575561523e+00
1.992769479751586914e+00
1.781584262847900391e+00
1.754862308502197266e+00
1.460278987884521484e+00
1.449309825897216797e+00
1.008324146270751953e+00
1.997967004776000977e+00
2.456189155578613281e+00
2.313342571258544922e+00
2.040694713592529297e+00
1.331494003534317017e-01
1.099446773529052734e+00
2.274633169174194336e+00
3.028163909912109375e+00
2.157426834106445312e+00
1.804557204246520996e+00
2.567125082015991211e+00
2.353687524795532227e+00
1.859780907630920410e+00
1.230975627899169922e+00
1.175080180168151855e+00
1.048874616622924805e+00
1.676615357398986816e+00
2.032346010208129883e+00
1.758935451507568359e+00
1.585233092308044434e+00
1.639065623283386230e+00
1.354026317596435547e+00
1.394111156463623047e+00
1.275488018989562988e+00
1.960979700088500977e+00
2.335143089294433594e+00
2.231448650360107422e+00
2.062920570373535156e+00
1.093101143836975098e+00
2.020206689834594727e+00
2.783436536788940430e+00
1.963600635528564453e+00
1.817908763885498047e+00
2.484304189682006836e+00
2.303804636001586914e+00
1.748829483985900879e+00
9.547898769378662109e-01
7.596208453178405762e-01
8.901959061622619629e-01
1.775356769561767578e+00
1.733750820159912109e+00
1.428962707519531250e+00
1.271960139274597168e+00
1.304759263992309570e+00
1.013193488121032715e+00
1.082387566566467285e+00
1.279789328575134277e+00
2.046149015426635742e+00
2.423793315887451172e+00
2.386339426040649414e+00
2.194349050521850586e+00
1.389660120010375977e+00
2.037479639053344727e+00
9.942957162857055664e-01
7.558815479278564453e-01
1.726470947265625000e+00
1.612124800682067871e+00
1.299746990203857422e+00
1.405245661735534668e+00
1.635955810546875000e+00
1.491049885749816895e+00
1.038957118988037109e+00
1.454542040824890137e+00
1.330995798110961914e+00
1.096357107162475586e+00
1.360804677009582520e+00
1.320428013801574707e+00
1.315034866333007812e+00
1.998379349708557129e+00
2.333190441131591797e+00
2.406366348266601562e+00
2.391513109207153320e+00
2.508376598358154297e+00
5.957043170928955078e-01
4.731101095676422119e-01
1.477535009384155273e+00
1.289422988891601562e+00
1.642311573028564453e+00
1.288978576660156250e+00
1.116660952568054199e+00
1.459209084510803223e+00
1.504506945610046387e+00
2.079007863998413086e+00
2.841085195541381836e-01
7.969451546669006348e-01
1.097504973411560059e+00
1.297052264213562012e+00
9.649554491043090820e-01
1.679076671600341797e+00
2.937634706497192383e+00
3.232518434524536133e+00
3.399933338165283203e+00
3.514727354049682617e+00
3.534301757812500000e+00
7.795605659484863281e-01
1.783670306205749512e+00
1.190764427185058594e+00
1.663556337356567383e+00
1.623244404792785645e+00
1.887896776199340820e+00
2.271971225738525391e+00
2.290420055389404297e+00
2.558478355407714844e+00
8.757788538932800293e-01
1.413415908813476562e+00
1.782233953475952148e+00
1.905131459236145020e+00
1.708437085151672363e+00
2.326188564300537109e+00
3.649408102035522461e+00
3.879555463790893555e+00
4.020024776458740234e+00
4.166003704071044922e+00
4.206518173217773438e+00
9.721339344978332520e-01
1.240638732910156250e+00
1.433687329292297363e+00
1.175491809844970703e+00
1.434436440467834473e+00
1.909939050674438477e+00
1.826947331428527832e+00
1.683182835578918457e+00
9.116765260696411133e-01
1.193448781967163086e+00
1.233582496643066406e+00
1.495239853858947754e+00
1.432245492935180664e+00
1.792663693428039551e+00
2.958542823791503906e+00
3.231889247894287109e+00
3.343667745590209961e+00
3.434458494186401367e+00
3.525953769683837891e+00
9.740352034568786621e-01
9.057770371437072754e-01
9.952928423881530762e-01
1.793247461318969727e+00
2.124484062194824219e+00
1.752301931381225586e+00
4.381700456142425537e-01
1.813377976417541504e+00
2.036284446716308594e+00
1.950776219367980957e+00
2.217037677764892578e+00
2.015177249908447266e+00
2.261761665344238281e+00
3.027602910995483398e+00
3.444223880767822266e+00
3.524297952651977539e+00
3.514396667480468750e+00
3.623967647552490234e+00
1.327511221170425415e-01
5.293735861778259277e-01
1.840836763381958008e+00
2.272045135498046875e+00
1.935195088386535645e+00
1.461688518524169922e+00
1.578202009201049805e+00
2.041364192962646484e+00
2.343485116958618164e+00
2.555320501327514648e+00
2.136632680892944336e+00
2.805714845657348633e+00
3.880925893783569336e+00
4.349890232086181641e+00
4.499248027801513672e+00
4.546433925628662109e+00
4.573458671569824219e+00
3.723767995834350586e-01
1.812461018562316895e+00
2.149371147155761719e+00
1.781352400779724121e+00
1.038461446762084961e+00
1.897817134857177734e+00
2.219661951065063477e+00
2.377477407455444336e+00
2.610733747482299805e+00
2.198700189590454102e+00
2.741213560104370117e+00
3.726952314376831055e+00
4.214685440063476562e+00
4.385905742645263672e+00
4.408273220062255859e+00
4.425885200500488281e+00
1.135230779647827148e+00
1.488652586936950684e+00
1.088628768920898438e+00
1.209944128990173340e+00
1.356698751449584961e+00
1.627928614616394043e+00
1.820133090019226074e+00
2.026744604110717773e+00
1.559571385383605957e+00
2.132379531860351562e+00
3.157931804656982422e+00
3.661875009536743164e+00
3.886275529861450195e+00
3.916380167007446289e+00
3.872691392898559570e+00
2.959618270397186279e-01
2.901259660720825195e-01
1.980591773986816406e+00
8.330959081649780273e-01
7.852075099945068359e-01
1.094932436943054199e+00
1.050958156585693359e+00
4.749850034713745117e-01
1.132875561714172363e+00
2.094595670700073242e+00
2.692202329635620117e+00
3.065948486328125000e+00
3.112481832504272461e+00
2.891908168792724609e+00
1.328591108322143555e-01
2.158814191818237305e+00
1.149269104003906250e+00
1.017609715461730957e+00
1.280615568161010742e+00
1.099390864372253418e+00
6.305171251296997070e-01
1.161010026931762695e+00
1.839699983596801758e+00
2.580322742462158203e+00
3.008881092071533203e+00
3.039742708206176758e+00
2.758774280548095703e+00
1.753675937652587891e+00
1.345039606094360352e+00
1.296180725097656250e+00
1.479196906089782715e+00
1.364589452743530273e+00
9.151368737220764160e-01
1.378409862518310547e+00
2.032822608947753906e+00
2.793113708496093750e+00
3.210680961608886719e+00
3.229768991470336914e+00
2.966696023941040039e+00
2.218599557876586914e+00
2.362438440322875977e+00
2.254753351211547852e+00
2.500283479690551758e+00
2.259813547134399414e+00
2.445201873779296875e+00
3.034805297851562500e+00
3.532686710357666016e+00
3.653119325637817383e+00
3.610599040985107422e+00
3.693141460418701172e+00
3.494629263877868652e-01
8.353161215782165527e-01
9.237811565399169922e-01
5.455801486968994141e-01
1.320249676704406738e+00
2.601576566696166992e+00
2.960201501846313477e+00
3.200452089309692383e+00
3.314154386520385742e+00
3.242903947830200195e+00
3.287780880928039551e-01
3.259651064872741699e-01
2.752290368080139160e-01
7.052385210990905762e-01
1.988813519477844238e+00
2.328897953033447266e+00
2.596810340881347656e+00
2.716610908508300781e+00
2.613224267959594727e+00
1.330688595771789551e-01
3.289844393730163574e-01
3.068526685237884521e-01
1.547661662101745605e+00
1.854318022727966309e+00
2.101898193359375000e+00
2.235015869140625000e+00
2.143482923507690430e+00
1.327723264694213867e-01
3.374606668949127197e-01
1.534179091453552246e+00
1.903229832649230957e+00
2.176236391067504883e+00
2.338665246963500977e+00
2.168328046798706055e+00
3.280112743377685547e-01
1.467025876045227051e+00
1.941709041595458984e+00
2.296681880950927734e+00
2.378038883209228516e+00
2.166658878326416016e+00
1.024465560913085938e+00
1.404618978500366211e+00
1.625351667404174805e+00
1.797108650207519531e+00
1.698612809181213379e+00
6.465175747871398926e-01
1.217627525329589844e+00
1.196643829345703125e+00
7.730467915534973145e-01
3.698316216468811035e-01
3.793240189552307129e-01
2.549101412296295166e-01
2.709182202816009521e-01
5.246457457542419434e-01
3.938310444355010986e-01
