3.641941845417022705e-01
6.342920064926147461e-01
1.764085650444030762e+00
3.423056364059448242e+00
3.971518516540527344e+00
3.227893352508544922e+00
2.674460172653198242e+00
2.302622079849243164e+00
1.989454388618469238e+00
1.939813017845153809e+00
2.356128692626953125e+00
1.221386432647705078e+00
1.891336560249328613e+00
1.192482113838195801e+00
3.949179887771606445e+00
4.184614658355712891e+00
4.749664783477783203e+00
4.738340854644775391e+00
4.318187713623046875e+00
4.057697296142578125e+00
3.956508636474609375e+00
3.114311933517456055e+00
3.150484085083007812e+00
3.212223052978515625e+00
3.457560300827026367e+00
2.828978061676025391e+00
2.331010341644287109e+00
3.157608985900878906e+00
3.038709402084350586e+00
2.614120006561279297e+00
2.409035921096801758e+00
3.348387479782104492e+00
3.569106340408325195e+00
3.981803417205810547e+00
3.432140350341796875e+00
4.305104732513427734e+00
3.304284811019897461e+00
3.840813875198364258e+00
3.504680395126342773e+00
3.856629610061645508e+00
2.874980449676513672e+00
2.160163402557373047e+00
2.314519166946411133e+00
2.738113641738891602e+00
2.717352867126464844e+00
3.028442144393920898e+00
3.610437870025634766e+00
3.915331125259399414e+00
4.414196491241455078e+00
5.174437046051025391e+00
5.479803085327148438e+00
5.318738937377929688e+00
5.143560886383056641e+00
4.521218299865722656e+00
4.367156505584716797e+00
4.310746192932128906e+00
4.665878295898437500e+00
5.618070602416992188e+00
5.291660785675048828e+00
5.362700462341308594e+00
5.063670158386230469e+00
5.379471778869628906e+00
5.100666046142578125e+00
4.672534465789794922e+00
3.664902925491333008e+00
3.694272994995117188e+00
3.401697874069213867e+00
4.527667522430419922e+00
3.588149309158325195e+00
3.052460193634033203e+00
1.703328490257263184e+00
2.109902620315551758e+00
2.393667936325073242e+00
2.190309286117553711e+00
2.326902866363525391e+00
4.336748600006103516e+00
4.803388595581054688e+00
4.249293327331542969e+00
4.007143974304199219e+00
3.956660985946655273e+00
1.842641949653625488e+00
1.055394411087036133e+00
1.265037536621093750e+00
6.863194704055786133e-01
1.333855688571929932e-01
2.140129566192626953e+00
3.958416223526000977e+00
4.532277584075927734e+00
3.691421031951904297e+00
3.060327291488647461e+00
2.280518293380737305e+00
1.584164977073669434e+00
1.456389665603637695e+00
1.733850240707397461e+00
6.622316837310791016e-01
1.555546998977661133e+00
9.999362826347351074e-01
4.301873683929443359e+00
4.547497272491455078e+00
5.126612186431884766e+00
5.199587821960449219e+00
4.827772617340087891e+00
4.584766387939453125e+00
4.415386676788330078e+00
2.729015111923217773e+00
2.656284570693969727e+00
2.744419336318969727e+00
2.960333108901977539e+00
2.261612653732299805e+00
1.888110280036926270e+00
2.751250028610229492e+00
2.565490961074829102e+00
2.068235397338867188e+00
1.908201575279235840e+00
2.823344707489013672e+00
3.055914878845214844e+00
3.493868589401245117e+00
2.876771926879882812e+00
3.728637695312500000e+00
2.750095844268798828e+00
3.223573684692382812e+00
2.881185770034790039e+00
3.232902526855468750e+00
2.266479492187500000e+00
1.585201263427734375e+00
1.724874377250671387e+00
2.147485256195068359e+00
2.093683004379272461e+00
2.435554504394531250e+00
3.047079801559448242e+00
3.294205188751220703e+00
3.806506156921386719e+00
4.583198547363281250e+00
4.943391323089599609e+00
4.743022441864013672e+00
4.568171501159667969e+00
3.973025083541870117e+00
3.850736618041992188e+00
3.767027854919433594e+00
4.128696918487548828e+00
5.138989448547363281e+00
4.755646705627441406e+00
4.920063495635986328e+00
4.688656806945800781e+00
4.979268074035644531e+00
4.765820503234863281e+00
4.273255825042724609e+00
3.217531681060791016e+00
3.427953720092773438e+00
3.090300321578979492e+00
4.162725448608398438e+00
3.241823196411132812e+00
2.705875635147094727e+00
1.385536909103393555e+00
1.578440666198730469e+00
1.968993782997131348e+00
1.905525565147399902e+00
2.091989040374755859e+00
4.618411064147949219e+00
5.124115467071533203e+00
4.635971069335937500e+00
4.426890850067138672e+00
4.360656261444091797e+00
1.790699958801269531e+00
1.010261416435241699e+00
1.335890531539916992e+00
9.697589278221130371e-01
2.005095243453979492e+00
3.981629848480224609e+00
4.545759677886962891e+00
3.690912008285522461e+00
2.981198549270629883e+00
2.136559724807739258e+00
1.379549026489257812e+00
1.214994311332702637e+00
1.457036972045898438e+00
8.368824124336242676e-01
1.616278648376464844e+00
1.193999171257019043e+00
4.294776916503906250e+00
4.494227886199951172e+00
5.029481410980224609e+00
5.135319709777832031e+00
4.849575519561767578e+00
4.632914543151855469e+00
4.353954315185546875e+00
2.426897764205932617e+00
2.343631029129028320e+00
2.401194810867309570e+00
2.616348028182983398e+00
1.802808880805969238e+00
1.201887130737304688e+00
1.986976981163024902e+00
1.799758672714233398e+00
1.384572982788085938e+00
1.434779167175292969e+00
2.215925216674804688e+00
2.396839380264282227e+00
2.809437036514282227e+00
2.163997650146484375e+00
3.107298851013183594e+00
2.361925363540649414e+00
2.692769527435302734e+00
2.479303836822509766e+00
2.761852025985717773e+00
1.936218738555908203e+00
9.862402677536010742e-01
1.354682445526123047e+00
1.617084264755249023e+00
1.560528278350830078e+00
1.888938903808593750e+00
2.345225811004638672e+00
2.712026834487915039e+00
3.199533939361572266e+00
3.926110029220581055e+00
4.240890979766845703e+00
4.101855754852294922e+00
3.974773645401000977e+00
3.426607370376586914e+00
3.275593757629394531e+00
3.140444993972778320e+00
3.386922359466552734e+00
4.437667846679687500e+00
4.312397956848144531e+00
4.282751083374023438e+00
4.083214282989501953e+00
4.296142101287841797e+00
3.994441986083984375e+00
3.517498493194580078e+00
2.435370922088623047e+00
2.798102617263793945e+00
2.354368209838867188e+00
3.536974906921386719e+00
2.697679042816162109e+00
2.198347091674804688e+00
8.217850327491760254e-01
1.172716975212097168e+00
1.544787883758544922e+00
1.502871274948120117e+00
1.740252017974853516e+00
4.448358535766601562e+00
4.962052822113037109e+00
4.470441818237304688e+00
4.299278736114501953e+00
4.219094753265380859e+00
1.445456147193908691e+00
6.366235613822937012e-01
1.118368268013000488e+00
1.108502030372619629e+00
1.696080923080444336e+00
2.263681650161743164e+00
1.721083879470825195e+00
9.418315887451171875e-01
1.092572689056396484e+00
1.779835700988769531e+00
1.695548772811889648e+00
2.577784538269042969e+00
1.937041282653808594e+00
1.921540260314941406e+00
1.629335999488830566e+00
2.464155673980712891e+00
2.563558340072631836e+00
2.932905673980712891e+00
2.953740835189819336e+00
2.646736383438110352e+00
2.417593240737915039e+00
2.163563489913940430e+00
2.283953189849853516e+00
2.641028404235839844e+00
2.717161655426025391e+00
2.969015359878540039e+00
2.925537824630737305e+00
2.953076124191284180e+00
3.363723516464233398e+00
3.522482395172119141e+00
3.517805337905883789e+00
3.817289113998413086e+00
4.179726123809814453e+00
4.274082183837890625e+00
4.574041843414306641e+00
4.208323478698730469e+00
5.233316421508789062e+00
4.773749351501464844e+00
5.025433063507080078e+00
4.922721862792968750e+00
5.120909214019775391e+00
4.413334369659423828e+00
3.061889171600341797e+00
3.540772914886474609e+00
3.892214059829711914e+00
3.481492519378662109e+00
3.989831924438476562e+00
4.374376773834228516e+00
4.416659832000732422e+00
4.969563961029052734e+00
5.512781620025634766e+00
5.558701515197753906e+00
5.358670711517333984e+00
5.084014892578125000e+00
4.169384956359863281e+00
4.132688999176025391e+00
4.289658546447753906e+00
5.153995037078857422e+00
5.440383911132812500e+00
4.904032230377197266e+00
4.911654949188232422e+00
4.453024864196777344e+00
4.900207042694091797e+00
4.916145801544189453e+00
4.810221672058105469e+00
3.779211997985839844e+00
3.515540122985839844e+00
3.322735786437988281e+00
4.007429122924804688e+00
3.045945644378662109e+00
2.599413633346557617e+00
2.124550342559814453e+00
2.053331851959228516e+00
2.043987512588500977e+00
1.782997131347656250e+00
1.528450489044189453e+00
2.404811620712280273e+00
2.867648839950561523e+00
2.327379226684570312e+00
2.125222206115722656e+00
2.091878652572631836e+00
1.465871930122375488e+00
1.749371528625488281e+00
1.661730885505676270e+00
2.085098266601562500e+00
3.324825763702392578e-01
1.074784994125366211e+00
9.673475027084350586e-01
2.506500720977783203e+00
3.655490159988403320e+00
3.683261871337890625e+00
4.630899906158447266e+00
3.772431850433349609e+00
3.657466411590576172e+00
3.294869422912597656e+00
1.682798147201538086e+00
1.485128521919250488e+00
1.466017842292785645e+00
1.175939440727233887e+00
9.660568237304687500e-01
8.153116106986999512e-01
3.918485045433044434e-01
3.885952472686767578e+00
4.408058166503906250e+00
4.553841114044189453e+00
4.769212245941162109e+00
4.953500270843505859e+00
4.982818603515625000e+00
5.329812049865722656e+00
5.493925571441650391e+00
5.442765712738037109e+00
5.683462619781494141e+00
6.043864250183105469e+00
6.159962654113769531e+00
6.417644023895263672e+00
6.235026836395263672e+00
7.189888954162597656e+00
6.689612865447998047e+00
7.070484161376953125e+00
6.933326244354248047e+00
7.191781520843505859e+00
6.350951671600341797e+00
5.045110702514648438e+00
5.630557060241699219e+00
5.981041908264160156e+00
5.587426185607910156e+00
6.097690105438232422e+00
6.444668769836425781e+00
6.481272220611572266e+00
7.000046253204345703e+00
7.497283935546875000e+00
7.413520336151123047e+00
7.221442222595214844e+00
6.862952232360839844e+00
5.904481887817382812e+00
5.873678684234619141e+00
6.159594535827636719e+00
7.151719570159912109e+00
7.123517990112304688e+00
6.463539123535156250e+00
6.488077640533447266e+00
5.932458877563476562e+00
6.432434558868408203e+00
6.564488887786865234e+00
6.568070411682128906e+00
5.592154502868652344e+00
5.123172760009765625e+00
5.148515224456787109e+00
5.411020755767822266e+00
4.759904861450195312e+00
4.439093589782714844e+00
4.178563594818115234e+00
4.100937843322753906e+00
4.016644954681396484e+00
3.776472806930541992e+00
3.404348373413085938e+00
1.490589857101440430e+00
1.740673303604125977e+00
1.235162615776062012e+00
7.391507625579833984e-01
1.064904570579528809e+00
3.296467065811157227e+00
3.674078702926635742e+00
3.491688966751098633e+00
3.562549829483032227e+00
1.558353662490844727e+00
1.594827651977539062e+00
3.133690118789672852e+00
4.255063533782958984e+00
4.238037109375000000e+00
5.181699752807617188e+00
4.389128208160400391e+00
4.287732124328613281e+00
3.927406072616577148e+00
2.067331790924072266e+00
1.795349836349487305e+00
1.664509773254394531e+00
1.188587307929992676e+00
9.585946202278137207e-01
9.759646058082580566e-01
7.047024965286254883e-01
4.451785564422607422e+00
4.941975116729736328e+00
5.019138336181640625e+00
5.246814250946044922e+00
5.443848609924316406e+00
5.387427330017089844e+00
5.643033504486083984e+00
5.815079212188720703e+00
5.798683166503906250e+00
6.186997413635253906e+00
6.336353302001953125e+00
6.444153785705566406e+00
6.653593540191650391e+00
6.619095325469970703e+00
7.502821445465087891e+00
7.133137702941894531e+00
7.522188186645507812e+00
7.427930355072021484e+00
7.682587146759033203e+00
6.889516830444335938e+00
5.565872192382812500e+00
6.178370952606201172e+00
6.515360355377197266e+00
6.116163253784179688e+00
6.610052108764648438e+00
6.862733364105224609e+00
6.958785057067871094e+00
7.416740417480468750e+00
7.889782905578613281e+00
7.721563339233398438e+00
7.600069999694824219e+00
7.274935722351074219e+00
6.288766384124755859e+00
6.203349590301513672e+00
6.534404754638671875e+00
7.452831745147705078e+00
7.370154380798339844e+00
6.737577915191650391e+00
6.719943523406982422e+00
6.110232353210449219e+00
6.603918552398681641e+00
6.650488853454589844e+00
6.697861194610595703e+00
5.782246112823486328e+00
5.323336601257324219e+00
5.361373424530029297e+00
5.616785049438476562e+00
5.025701522827148438e+00
4.731753826141357422e+00
4.611298084259033203e+00
4.574874877929687500e+00
4.424527168273925781e+00
4.179076671600341797e+00
3.801983356475830078e+00
1.831226587295532227e+00
1.990101337432861328e+00
1.396539092063903809e+00
6.909697055816650391e-01
1.054103255271911621e+00
3.617792367935180664e+00
4.175663471221923828e+00
3.930889129638671875e+00
4.072381019592285156e+00
7.120208144187927246e-01
1.764618873596191406e+00
3.067602634429931641e+00
3.252203226089477539e+00
4.193911075592041016e+00
3.019502401351928711e+00
2.798595905303955078e+00
2.410369157791137695e+00
3.374444842338562012e-01
4.588828086853027344e-01
1.466640949249267578e+00
1.398049354553222656e+00
9.714747667312622070e-01
9.025501012802124023e-01
9.262658357620239258e-01
3.607764959335327148e+00
4.103511333465576172e+00
4.365236759185791016e+00
4.557597637176513672e+00
4.673436164855957031e+00
4.911271572113037109e+00
5.324480056762695312e+00
5.499418258666992188e+00
5.483947753906250000e+00
5.714446067810058594e+00
6.206496715545654297e+00
6.298616886138916016e+00
6.606339454650878906e+00
6.151467323303222656e+00
7.217405796051025391e+00
6.668590068817138672e+00
6.898626804351806641e+00
6.753625869750976562e+00
6.932771682739257812e+00
6.092582702636718750e+00
4.767484188079833984e+00
5.200583934783935547e+00
5.642709255218505859e+00
5.219146251678466797e+00
5.758266448974609375e+00
6.252913951873779297e+00
6.141139984130859375e+00
6.728271484375000000e+00
7.263136386871337891e+00
7.330987930297851562e+00
7.048532962799072266e+00
6.672718524932861328e+00
5.792284965515136719e+00
5.830967426300048828e+00
6.027243137359619141e+00
7.034886837005615234e+00
7.150849342346191406e+00
6.493389606475830078e+00
6.585771083831787109e+00
6.128786087036132812e+00
6.611363410949707031e+00
6.806354045867919922e+00
6.793402194976806641e+00
5.753912448883056641e+00
5.358617782592773438e+00
5.277035236358642578e+00
5.630857944488525391e+00
4.853525638580322266e+00
4.462383747100830078e+00
4.060431957244873047e+00
3.906396150588989258e+00
3.921208143234252930e+00
3.730587720870971680e+00
3.391972303390502930e+00
1.884845137596130371e+00
2.172280550003051758e+00
2.114117145538330078e+00
1.757791638374328613e+00
2.068253278732299805e+00
3.483623266220092773e+00
3.698497772216796875e+00
3.641509056091308594e+00
3.786472320556640625e+00
1.137141108512878418e+00
2.295665740966796875e+00
2.407841205596923828e+00
3.363956689834594727e+00
2.510432004928588867e+00
2.304110288619995117e+00
2.004518270492553711e+00
1.458051204681396484e+00
1.526227355003356934e+00
1.831783890724182129e+00
1.831240892410278320e+00
1.707282900810241699e+00
1.602366805076599121e+00
1.041998863220214844e+00
2.720594644546508789e+00
3.233984231948852539e+00
3.431382894515991211e+00
3.636802196502685547e+00
3.779449462890625000e+00
4.010487079620361328e+00
4.373384952545166016e+00
4.558617115020751953e+00
4.613520145416259766e+00
4.917235374450683594e+00
5.303640842437744141e+00
5.381095886230468750e+00
5.671883583068847656e+00
5.257311344146728516e+00
6.321904659271240234e+00
5.881249427795410156e+00
6.069387912750244141e+00
5.975580215454101562e+00
6.129051208496093750e+00
5.343168258666992188e+00
3.937397003173828125e+00
4.457253932952880859e+00
4.862906455993652344e+00
4.401015758514404297e+00
4.939137458801269531e+00
5.372267723083496094e+00
5.277828693389892578e+00
5.834742069244384766e+00
6.357226371765136719e+00
6.383406639099121094e+00
6.126610755920410156e+00
5.764492988586425781e+00
4.857609272003173828e+00
4.886327743530273438e+00
5.089017391204833984e+00
6.108622074127197266e+00
6.190132617950439453e+00
5.560962200164794922e+00
5.619023323059082031e+00
5.152629852294921875e+00
5.633147239685058594e+00
5.812411308288574219e+00
5.811908721923828125e+00
4.774569988250732422e+00
4.368825912475585938e+00
4.296621322631835938e+00
4.644751071929931641e+00
3.866431713104248047e+00
3.482320070266723633e+00
3.135665178298950195e+00
2.982685327529907227e+00
2.962788581848144531e+00
2.775045871734619141e+00
2.411050796508789062e+00
1.543313980102539062e+00
1.960932612419128418e+00
1.509569883346557617e+00
1.273997783660888672e+00
1.419184207916259766e+00
2.517846822738647461e+00
2.884697198867797852e+00
2.815954923629760742e+00
3.150325536727905273e+00
8.633036017417907715e-01
1.056690812110900879e+00
2.046620368957519531e+00
1.531678199768066406e+00
1.192549347877502441e+00
1.208887577056884766e+00
1.900426030158996582e+00
2.015528678894042969e+00
2.650271654129028320e+00
2.943140983581542969e+00
2.951737403869628906e+00
2.947479248046875000e+00
2.315527439117431641e+00
1.556118488311767578e+00
1.927276492118835449e+00
2.266694545745849609e+00
2.394468784332275391e+00
2.538638830184936523e+00
3.029603958129882812e+00
3.388330936431884766e+00
3.579597234725952148e+00
3.649705171585083008e+00
3.987409114837646484e+00
4.477320194244384766e+00
4.508259773254394531e+00
4.820504188537597656e+00
4.192997455596923828e+00
5.313366889953613281e+00
4.977407932281494141e+00
4.961608886718750000e+00
4.926148414611816406e+00
4.966895103454589844e+00
4.280949592590332031e+00
2.821436405181884766e+00
3.265715360641479492e+00
3.697279691696166992e+00
3.161618709564208984e+00
3.716617107391357422e+00
4.185422420501708984e+00
3.972666740417480469e+00
4.555963516235351562e+00
5.084871768951416016e+00
5.212327957153320312e+00
4.887586116790771484e+00
4.522043704986572266e+00
3.700244426727294922e+00
3.732947349548339844e+00
3.901409626007080078e+00
4.921019077301025391e+00
5.117181301116943359e+00
4.411055088043212891e+00
4.635635375976562500e+00
4.295861721038818359e+00
4.730816364288330078e+00
4.979549884796142578e+00
4.963924884796142578e+00
3.886944293975830078e+00
3.632845401763916016e+00
3.398615598678588867e+00
3.842916488647460938e+00
2.952437162399291992e+00
2.567012548446655273e+00
2.171960830688476562e+00
1.917633652687072754e+00
1.999441742897033691e+00
1.932178735733032227e+00
1.665526509284973145e+00
2.246603488922119141e+00
2.681551933288574219e+00
2.560262203216552734e+00
2.494055986404418945e+00
2.532706499099731445e+00
2.047530651092529297e+00
2.255494832992553711e+00
2.388095617294311523e+00
2.933778285980224609e+00
1.334314197301864624e-01
9.010237455368041992e-01
9.071909785270690918e-01
8.377876281738281250e-01
9.834970235824584961e-01
3.335519552230834961e+00
3.434966564178466797e+00
3.965469121932983398e+00
4.268775939941406250e+00
4.271609783172607422e+00
4.203217029571533203e+00
3.585249185562133789e+00
1.041656017303466797e+00
1.079620003700256348e+00
1.466001152992248535e+00
1.455684661865234375e+00
1.473096728324890137e+00
2.101182937622070312e+00
2.517553091049194336e+00
2.689082622528076172e+00
2.706983804702758789e+00
3.026813268661499023e+00
3.622829437255859375e+00
3.622233629226684570e+00
3.971566200256347656e+00
3.179393291473388672e+00
4.311306953430175781e+00
3.999185085296630859e+00
3.895268440246582031e+00
3.865656137466430664e+00
3.858233213424682617e+00
3.234598875045776367e+00
1.796367764472961426e+00
2.188034296035766602e+00
2.623265266418457031e+00
2.019910097122192383e+00
2.594537973403930664e+00
3.055684089660644531e+00
2.812304258346557617e+00
3.405219793319702148e+00
3.974040508270263672e+00
4.209915637969970703e+00
3.858458042144775391e+00
3.549827098846435547e+00
2.829441070556640625e+00
2.821162939071655273e+00
2.901254653930664062e+00
3.820613622665405273e+00
4.253296852111816406e+00
3.548114776611328125e+00
3.887371063232421875e+00
3.678781747817993164e+00
4.035647392272949219e+00
4.246355533599853516e+00
4.162590980529785156e+00
3.029008388519287109e+00
3.035713672637939453e+00
2.655693292617797852e+00
3.202392816543579102e+00
2.347692489624023438e+00
1.939543724060058594e+00
1.429725527763366699e+00
1.167224049568176270e+00
1.310143113136291504e+00
1.419803857803344727e+00
1.282215833663940430e+00
3.236310720443725586e+00
3.772055625915527344e+00
3.618051052093505859e+00
3.582301378250122070e+00
3.561999082565307617e+00
1.817262411117553711e+00
1.525887489318847656e+00
1.988862156867980957e+00
2.551592826843261719e+00
6.527780294418334961e-01
1.036799192428588867e+00
1.171766757965087891e+00
1.251247406005859375e+00
3.562374353408813477e+00
3.646077156066894531e+00
4.143149375915527344e+00
4.412124633789062500e+00
4.427481174468994141e+00
4.325954914093017578e+00
3.720543622970581055e+00
7.494722604751586914e-01
7.291094064712524414e-01
1.090687036514282227e+00
1.163267016410827637e+00
1.186820864677429199e+00
1.635476946830749512e+00
2.107685089111328125e+00
2.258975028991699219e+00
2.258704185485839844e+00
2.609424352645874023e+00
3.162925720214843750e+00
3.160451650619506836e+00
3.512773036956787109e+00
2.757179021835327148e+00
3.897347688674926758e+00
3.601235389709472656e+00
3.498773574829101562e+00
3.478162527084350586e+00
3.507317304611206055e+00
2.883616924285888672e+00
1.378294825553894043e+00
1.877356886863708496e+00
2.260506629943847656e+00
1.703389525413513184e+00
2.255639791488647461e+00
2.741541624069213867e+00
2.590912342071533203e+00
3.172897815704345703e+00
3.703800678253173828e+00
3.886311769485473633e+00
3.547466278076171875e+00
3.229901075363159180e+00
2.473616600036621094e+00
2.468402862548828125e+00
2.573118925094604492e+00
3.536166429519653320e+00
3.896496772766113281e+00
3.202284097671508789e+00
3.515991687774658203e+00
3.302792072296142578e+00
3.661435127258300781e+00
3.893571615219116211e+00
3.783977508544921875e+00
2.660301923751831055e+00
2.651233673095703125e+00
2.300367355346679688e+00
2.827367305755615234e+00
1.974393963813781738e+00
1.580300927162170410e+00
9.965184926986694336e-01
7.463946938514709473e-01
9.334687590599060059e-01
9.940011501312255859e-01
8.679741621017456055e-01
3.351537227630615234e+00
3.934105157852172852e+00
3.635237693786621094e+00
3.582065820693969727e+00
3.510539770126342773e+00
1.432689785957336426e+00
1.203781723976135254e+00
1.768145203590393066e+00
2.392642259597778320e+00
1.535690903663635254e+00
1.691309690475463867e+00
1.961865782737731934e+00
4.549814701080322266e+00
4.648140907287597656e+00
5.128624916076660156e+00
5.386607170104980469e+00
5.381676197052001953e+00
5.270164489746093750e+00
4.693135738372802734e+00
1.050122141838073730e+00
6.147059202194213867e-01
8.415641784667968750e-01
7.290719151496887207e-01
3.579068481922149658e-01
1.130128502845764160e+00
1.551180243492126465e+00
1.717486143112182617e+00
1.865113019943237305e+00
2.223149776458740234e+00
2.791384220123291016e+00
2.663098573684692383e+00
2.938852548599243164e+00
2.162132263183593750e+00
3.213963031768798828e+00
3.104176759719848633e+00
2.923155546188354492e+00
2.917552947998046875e+00
2.898023128509521484e+00
2.400091648101806641e+00
9.456973075866699219e-01
1.366700649261474609e+00
1.705492615699768066e+00
1.028223991394042969e+00
1.626486778259277344e+00
1.884220600128173828e+00
1.606032133102416992e+00
2.178381919860839844e+00
2.723316192626953125e+00
2.990771532058715820e+00
2.646483898162841797e+00
2.406212806701660156e+00
1.748973011970520020e+00
1.725237250328063965e+00
1.703622341156005859e+00
2.587809562683105469e+00
3.146663665771484375e+00
2.511863708496093750e+00
2.905383586883544922e+00
2.844312191009521484e+00
3.094035863876342773e+00
3.253028154373168945e+00
3.137453794479370117e+00
1.930628418922424316e+00
2.197045326232910156e+00
1.768928766250610352e+00
2.270334005355834961e+00
1.566404342651367188e+00
1.327585220336914062e+00
1.007053732872009277e+00
5.853854417800903320e-01
5.651345849037170410e-01
1.146058320999145508e+00
1.299176335334777832e+00
4.273611545562744141e+00
4.869832038879394531e+00
4.588841438293457031e+00
4.542425632476806641e+00
4.452682971954345703e+00
1.832351326942443848e+00
1.375513792037963867e+00
2.077181339263916016e+00
2.658746242523193359e+00
3.459080755710601807e-01
3.317488133907318115e-01
3.426294088363647461e+00
3.735757827758789062e+00
4.438044548034667969e+00
4.587220191955566406e+00
4.308546543121337891e+00
4.163101673126220703e+00
3.863226175308227539e+00
2.295461893081665039e+00
2.254282236099243164e+00
2.564917564392089844e+00
2.543612003326416016e+00
2.197926759719848633e+00
2.224610328674316406e+00
3.008264064788818359e+00
2.958639383316040039e+00
2.604097366333007812e+00
2.676430702209472656e+00
3.512176275253295898e+00
3.677161693572998047e+00
4.084146976470947266e+00
3.207620859146118164e+00
4.250497341156005859e+00
3.458663463592529297e+00
3.607769727706909180e+00
3.354980468750000000e+00
3.547682523727416992e+00
2.682235002517700195e+00
1.786232709884643555e+00
1.778432846069335938e+00
2.271584749221801758e+00
2.105586290359497070e+00
2.394330739974975586e+00
3.244529485702514648e+00
3.262302875518798828e+00
3.781641483306884766e+00
4.585936069488525391e+00
5.001218318939208984e+00
4.689082622528076172e+00
4.430443763732910156e+00
3.834843635559082031e+00
3.790180921554565430e+00
3.749983787536621094e+00
4.255125522613525391e+00
5.196433067321777344e+00
4.584486007690429688e+00
4.911469936370849609e+00
4.709154605865478516e+00
5.027386188507080078e+00
5.002555847167968750e+00
4.686282157897949219e+00
3.521536111831665039e+00
3.703613996505737305e+00
3.338278293609619141e+00
4.191673278808593750e+00
3.296329498291015625e+00
2.774706602096557617e+00
1.783666849136352539e+00
1.678473353385925293e+00
2.012067317962646484e+00
2.022878170013427734e+00
2.074696779251098633e+00
4.047277927398681641e+00
4.473296165466308594e+00
4.246641159057617188e+00
4.098018646240234375e+00
4.121143817901611328e+00
2.154418945312500000e+00
1.495309829711914062e+00
1.929258823394775391e+00
1.993326306343078613e+00
3.227556645870208740e-01
3.083632946014404297e+00
3.379425287246704102e+00
4.099702358245849609e+00
4.304583549499511719e+00
4.101652145385742188e+00
4.002730369567871094e+00
3.616661548614501953e+00
2.165918111801147461e+00
2.153739213943481445e+00
2.607058763504028320e+00
2.385718107223510742e+00
2.388164997100830078e+00
2.839269161224365234e+00
3.453610658645629883e+00
3.538286209106445312e+00
3.350834369659423828e+00
3.520024299621582031e+00
4.307757377624511719e+00
4.375345230102539062e+00
4.768253326416015625e+00
3.806110382080078125e+00
4.943291664123535156e+00
4.362310886383056641e+00
4.284754753112792969e+00
4.090374469757080078e+00
4.125496387481689453e+00
3.464174509048461914e+00
2.374653577804565430e+00
2.380295991897583008e+00
2.909028291702270508e+00
2.514603614807128906e+00
2.841293573379516602e+00
3.644347667694091797e+00
3.409187316894531250e+00
3.932788848876953125e+00
4.672219753265380859e+00
5.085701942443847656e+00
4.687995433807373047e+00
4.386728763580322266e+00
3.799478292465209961e+00
3.827826023101806641e+00
3.827131748199462891e+00
4.525745391845703125e+00
5.252330303192138672e+00
4.513538360595703125e+00
4.966232776641845703e+00
4.819952964782714844e+00
5.144774436950683594e+00
5.317002296447753906e+00
5.139696598052978516e+00
3.920784711837768555e+00
4.057106971740722656e+00
3.698369503021240234e+00
4.321628093719482422e+00
3.495011091232299805e+00
3.014541149139404297e+00
2.317589998245239258e+00
2.076486110687255859e+00
2.322965860366821289e+00
2.331385374069213867e+00
2.254894018173217773e+00
3.710441112518310547e+00
4.104209899902343750e+00
4.006269931793212891e+00
3.894272327423095703e+00
3.942757368087768555e+00
2.568940877914428711e+00
2.134614229202270508e+00
2.503091096878051758e+00
2.772031784057617188e+00
2.767301321029663086e+00
3.103525161743164062e+00
3.847501039505004883e+00
3.993995428085327148e+00
3.714992761611938477e+00
3.595841407775878906e+00
3.298287153244018555e+00
2.337798833847045898e+00
2.422871112823486328e+00
2.761789798736572266e+00
2.777729511260986328e+00
2.611309528350830078e+00
2.774234533309936523e+00
3.479363441467285156e+00
3.457015275955200195e+00
3.145708322525024414e+00
3.235197067260742188e+00
4.037743568420410156e+00
4.193572521209716797e+00
4.593603134155273438e+00
3.789940595626831055e+00
4.828605651855468750e+00
4.026854515075683594e+00
4.218159198760986328e+00
3.959315061569213867e+00
4.164794921875000000e+00
3.287665367126464844e+00
2.384887695312500000e+00
2.390966176986694336e+00
2.885335922241210938e+00
2.678580522537231445e+00
3.002293109893798828e+00
3.825926065444946289e+00
3.813551187515258789e+00
4.346581459045410156e+00
5.104675292968750000e+00
5.437725543975830078e+00
5.101107120513916016e+00
4.840864658355712891e+00
4.152219295501708984e+00
4.115066528320312500e+00
4.145009517669677734e+00
4.837776660919189453e+00
5.550313949584960938e+00
4.878214359283447266e+00
5.191956996917724609e+00
4.947322845458984375e+00
5.312394618988037109e+00
5.399170875549316406e+00
5.151400566101074219e+00
4.018784523010253906e+00
4.059104442596435547e+00
3.731168270111083984e+00
4.485652923583984375e+00
3.547759294509887695e+00
3.045094013214111328e+00
2.191614151000976562e+00
2.125568151473999023e+00
2.353267431259155273e+00
2.293962717056274414e+00
2.242576599121093750e+00
3.541167259216308594e+00
3.932034492492675781e+00
3.795663118362426758e+00
3.648455619812011719e+00
3.717380285263061523e+00
2.427088022232055664e+00
1.857225298881530762e+00
2.141505956649780273e+00
2.113520860671997070e+00
3.163152933120727539e-01
1.168115735054016113e+00
1.398058295249938965e+00
1.120192646980285645e+00
1.212957620620727539e+00
1.132414817810058594e+00
3.788950204849243164e+00
4.304728507995605469e+00
4.672736167907714844e+00
4.749706268310546875e+00
5.048901081085205078e+00
5.457962512969970703e+00
5.822634220123291016e+00
6.017203330993652344e+00
6.057933330535888672e+00
6.346339225769042969e+00
6.829374313354492188e+00
6.894968986511230469e+00
7.197381496429443359e+00
6.666790008544921875e+00
7.773758888244628906e+00
7.296476364135742188e+00
7.413172721862792969e+00
7.305440425872802734e+00
7.413615703582763672e+00
6.629643917083740234e+00
5.266137599945068359e+00
5.650914192199707031e+00
6.117344379425048828e+00
5.640488147735595703e+00
6.192424297332763672e+00
6.696387767791748047e+00
6.474926471710205078e+00
7.052799701690673828e+00
7.561771869659423828e+00
7.619778156280517578e+00
7.285379409790039062e+00
6.837909698486328125e+00
6.001564979553222656e+00
6.096302509307861328e+00
6.300777435302734375e+00
7.428304672241210938e+00
7.377718448638916016e+00
6.633599758148193359e+00
6.806833267211914062e+00
6.380290985107421875e+00
6.869929313659667969e+00
7.227237701416015625e+00
7.306270122528076172e+00
6.255930900573730469e+00
5.869484901428222656e+00
5.754216670989990234e+00
5.947938919067382812e+00
5.161822795867919922e+00
4.822217464447021484e+00
4.582389831542968750e+00
4.372816085815429688e+00
4.390313625335693359e+00
4.259551048278808594e+00
3.888142585754394531e+00
1.638623356819152832e+00
1.724936246871948242e+00
2.307911634445190430e+00
2.121618986129760742e+00
2.428085327148437500e+00
4.098880290985107422e+00
4.391679286956787109e+00
4.368050098419189453e+00
4.586944580078125000e+00
6.858075857162475586e-01
9.692904353141784668e-01
8.298981785774230957e-01
9.702162742614746094e-01
8.472799658775329590e-01
3.729243040084838867e+00
4.286357402801513672e+00
4.614373683929443359e+00
4.722265720367431641e+00
5.084773063659667969e+00
5.502721309661865234e+00
5.799851417541503906e+00
6.010657310485839844e+00
6.136877536773681641e+00
6.464256763458251953e+00
6.853807449340820312e+00
6.907018184661865234e+00
7.181951522827148438e+00
6.722597122192382812e+00
7.796933174133300781e+00
7.442152500152587891e+00
7.537758827209472656e+00
7.473086357116699219e+00
7.561849117279052734e+00
6.820351123809814453e+00
5.388921260833740234e+00
5.843817710876464844e+00
6.284086227416992188e+00
5.768153667449951172e+00
6.321928024291992188e+00
6.754065513610839844e+00
6.537802696228027344e+00
7.075182437896728516e+00
7.556198120117187500e+00
7.548897266387939453e+00
7.234241962432861328e+00
6.780213832855224609e+00
5.918953418731689453e+00
5.982623100280761719e+00
6.235655307769775391e+00
7.430073261260986328e+00
7.262781620025634766e+00
6.542775154113769531e+00
6.666823387145996094e+00
6.213449478149414062e+00
6.711916923522949219e+00
7.078450679779052734e+00
7.201165676116943359e+00
6.165008068084716797e+00
5.736893177032470703e+00
5.666254997253417969e+00
5.781785964965820312e+00
5.035768508911132812e+00
4.687427043914794922e+00
4.606024742126464844e+00
4.393526077270507812e+00
4.359269142150878906e+00
4.240204334259033203e+00
3.819196462631225586e+00
1.161057949066162109e+00
1.223277926445007324e+00
1.852153420448303223e+00
1.694544553756713867e+00
2.007977724075317383e+00
4.034639835357666016e+00
4.493776321411132812e+00
4.439459800720214844e+00
4.721292495727539062e+00
3.479399979114532471e-01
1.126590371131896973e+00
1.447377324104309082e+00
8.665900230407714844e-01
4.037186622619628906e+00
4.642816066741943359e+00
4.902369976043701172e+00
5.045147895812988281e+00
5.450809001922607422e+00
5.850703716278076172e+00
6.066222190856933594e+00
6.290765285491943359e+00
6.512362480163574219e+00
6.875436782836914062e+00
7.131168842315673828e+00
7.176070213317871094e+00
7.410912036895751953e+00
7.079054355621337891e+00
8.084707260131835938e+00
7.869884014129638672e+00
7.974534034729003906e+00
7.951318264007568359e+00
8.036681175231933594e+00
7.335010051727294922e+00
5.851380825042724609e+00
6.393836975097656250e+00
6.793641090393066406e+00
6.236927032470703125e+00
6.797465324401855469e+00
7.131298065185546875e+00
6.951368808746337891e+00
7.431945323944091797e+00
7.875864505767822266e+00
7.759815692901611328e+00
7.487095832824707031e+00
7.019499778747558594e+00
6.122138977050781250e+00
6.100882053375244141e+00
6.474925518035888672e+00
7.722219467163085938e+00
7.376414299011230469e+00
6.629474639892578125e+00
6.730893135070800781e+00
6.223507404327392578e+00
6.735721111297607422e+00
7.125513553619384766e+00
7.322244167327880859e+00
6.332586288452148438e+00
5.834799766540527344e+00
5.845789432525634766e+00
5.804416179656982422e+00
5.166629791259765625e+00
4.808248519897460938e+00
4.951501846313476562e+00
4.755897045135498047e+00
4.651747703552246094e+00
4.534401416778564453e+00
4.065939426422119141e+00
7.543110251426696777e-01
7.549194693565368652e-01
1.335178136825561523e+00
1.199155569076538086e+00
1.514949798583984375e+00
4.240270137786865234e+00
4.884677410125732422e+00
4.779289722442626953e+00
5.148751258850097656e+00
8.295341730117797852e-01
1.101439118385314941e+00
6.616815924644470215e-01
4.334896087646484375e+00
4.919542789459228516e+00
5.124269008636474609e+00
5.294073104858398438e+00
5.691415786743164062e+00
5.940974712371826172e+00
6.152914524078369141e+00
6.368439674377441406e+00
6.551650047302246094e+00
6.939299106597900391e+00
7.126882553100585938e+00
7.187930583953857422e+00
7.408158302307128906e+00
7.184274196624755859e+00
8.154508590698242188e+00
7.915188312530517578e+00
8.103602409362792969e+00
8.066612243652343750e+00
8.200274467468261719e+00
7.491909027099609375e+00
6.053032875061035156e+00
6.597897052764892578e+00
6.977178096771240234e+00
6.464291572570800781e+00
6.997676849365234375e+00
7.318822860717773438e+00
7.195368766784667969e+00
7.661676406860351562e+00
8.107911109924316406e+00
7.950162410736083984e+00
7.726929664611816406e+00
7.290666580200195312e+00
6.353397846221923828e+00
6.305361270904541016e+00
6.689757823944091797e+00
7.866688251495361328e+00
7.549425125122070312e+00
6.814224243164062500e+00
6.880626201629638672e+00
6.325644969940185547e+00
6.841049194335937500e+00
7.148777008056640625e+00
7.327746391296386719e+00
6.361420154571533203e+00
5.909346580505371094e+00
5.909904003143310547e+00
5.918621063232421875e+00
5.317088603973388672e+00
4.986168384552001953e+00
5.062187671661376953e+00
4.910405635833740234e+00
4.777732849121093750e+00
4.622995853424072266e+00
4.159318447113037109e+00
9.167053699493408203e-01
9.546274542808532715e-01
1.046890735626220703e+00
7.893963456153869629e-01
1.138332962989807129e+00
4.230407714843750000e+00
4.897014141082763672e+00
4.746504306793212891e+00
5.055329322814941406e+00
1.334305107593536377e-01
7.444377541542053223e-01
4.629098892211914062e+00
5.187102794647216797e+00
5.398117542266845703e+00
5.591809272766113281e+00
5.797585487365722656e+00
5.976997375488281250e+00
6.330120086669921875e+00
6.513502597808837891e+00
6.539183139801025391e+00
6.762923240661621094e+00
7.179586410522460938e+00
7.277788162231445312e+00
7.553115367889404297e+00
7.233304023742675781e+00
8.261990547180175781e+00
7.748735904693603516e+00
8.038475990295410156e+00
7.902019977569580078e+00
8.106808662414550781e+00
7.266953468322753906e+00
5.926070690155029297e+00
6.422719478607177734e+00
6.837526321411132812e+00
6.409318923950195312e+00
6.943205356597900391e+00
7.375135421752929688e+00
7.299004554748535156e+00
7.847754001617431641e+00
8.357960700988769531e+00
8.332025527954101562e+00
8.085746765136718750e+00
7.691791057586669922e+00
6.769869804382324219e+00
6.786605834960937500e+00
7.041946411132812500e+00
8.101222991943359375e+00
8.058352470397949219e+00
7.377064704895019531e+00
7.436734676361083984e+00
6.914912223815917969e+00
7.418279170989990234e+00
7.620860576629638672e+00
7.665820121765136719e+00
6.655839443206787109e+00
6.192915439605712891e+00
6.201548576354980469e+00
6.418395996093750000e+00
5.742735862731933594e+00
5.386874198913574219e+00
5.118106842041015625e+00
4.987482070922851562e+00
4.938908576965332031e+00
4.735039234161376953e+00
4.348444938659667969e+00
1.878861427307128906e+00
2.117532253265380859e+00
1.993015050888061523e+00
1.434401035308837891e+00
1.922190785408020020e+00
4.366189956665039062e+00
4.722123622894287109e+00
4.600356578826904297e+00
4.686844825744628906e+00
8.191462159156799316e-01
4.603002071380615234e+00
5.138899326324462891e+00
5.326411724090576172e+00
5.533921718597412109e+00
5.684654235839843750e+00
5.799689292907714844e+00
6.177005767822265625e+00
6.349105834960937500e+00
6.323881626129150391e+00
6.512983798980712891e+00
6.964628696441650391e+00
7.074853420257568359e+00
7.355108737945556641e+00
7.055218219757080078e+00
8.063679695129394531e+00
7.504257678985595703e+00
7.844701766967773438e+00
7.687290191650390625e+00
7.921431541442871094e+00
7.057947635650634766e+00
5.753954410552978516e+00
6.252562046051025391e+00
6.659356594085693359e+00
6.260463237762451172e+00
6.785357475280761719e+00
7.215101242065429688e+00
7.185976028442382812e+00
7.741970062255859375e+00
8.264004707336425781e+00
8.250741958618164062e+00
8.020319938659667969e+00
7.651422977447509766e+00
6.721909523010253906e+00
6.740789890289306641e+00
6.970525741577148438e+00
7.970474720001220703e+00
8.002691268920898438e+00
7.343571186065673828e+00
7.387812137603759766e+00
6.860928535461425781e+00
7.358977317810058594e+00
7.505443096160888672e+00
7.512094497680664062e+00
6.505739688873291016e+00
6.052314758300781250e+00
6.051977157592773438e+00
6.345195770263671875e+00
5.646625041961669922e+00
5.294611930847167969e+00
4.960930824279785156e+00
4.852946281433105469e+00
4.811149120330810547e+00
4.586033344268798828e+00
4.223710060119628906e+00
2.071295261383056641e+00
2.348907470703125000e+00
2.070287942886352539e+00
1.529504776000976562e+00
1.958953261375427246e+00
4.193759918212890625e+00
4.490550518035888672e+00
4.359804153442382812e+00
4.387876033782958984e+00
3.807155132293701172e+00
4.377596855163574219e+00
4.588981151580810547e+00
4.773834705352783203e+00
5.047935009002685547e+00
5.294716835021972656e+00
5.585212230682373047e+00
5.786115646362304688e+00
5.909573078155517578e+00
6.234776020050048828e+00
6.524859905242919922e+00
6.599720954895019531e+00
6.855567932128906250e+00
6.548297882080078125e+00
7.576550960540771484e+00
7.200047492980957031e+00
7.410645008087158203e+00
7.332767963409423828e+00
7.488242626190185547e+00
6.715522289276123047e+00
5.293066024780273438e+00
5.842008590698242188e+00
6.236724376678466797e+00
5.755905628204345703e+00
6.293550014495849609e+00
6.680513381958007812e+00
6.568798065185546875e+00
7.084180831909179688e+00
7.569926738739013672e+00
7.499798297882080078e+00
7.257217407226562500e+00
6.848514556884765625e+00
5.919304370880126953e+00
5.915380954742431641e+00
6.213463306427001953e+00
7.328610420227050781e+00
7.189784049987792969e+00
6.492938995361328125e+00
6.557650089263916016e+00
6.034047603607177734e+00
6.540928363800048828e+00
6.790973186492919922e+00
6.886222839355468750e+00
5.880848407745361328e+00
5.400657653808593750e+00
5.416550159454345703e+00
5.552514076232910156e+00
4.904861927032470703e+00
4.530414581298828125e+00
4.414304256439208984e+00
4.264228343963623047e+00
4.181758403778076172e+00
4.005537986755371094e+00
3.579147338867187500e+00
1.066567659378051758e+00
1.336938619613647461e+00
1.080261230468750000e+00
5.864888429641723633e-01
1.000924587249755859e+00
3.650219917297363281e+00
4.168533802032470703e+00
4.045417308807373047e+00
4.299394130706787109e+00
2.904391884803771973e-01
6.911433935165405273e-01
6.598096489906311035e-01
1.282636642456054688e+00
2.020645856857299805e+00
2.218648433685302734e+00
2.460631608963012695e+00
2.869879961013793945e+00
3.345215797424316406e+00
3.596140146255493164e+00
3.477471828460693359e+00
3.700418472290039062e+00
3.121050834655761719e+00
4.087076187133789062e+00
4.263460636138916016e+00
4.013988018035888672e+00
4.098156452178955078e+00
4.029003620147705078e+00
3.695008516311645508e+00
2.183859109878540039e+00
2.718712806701660156e+00
2.985479116439819336e+00
2.174086570739746094e+00
2.776855945587158203e+00
2.886854410171508789e+00
2.633240222930908203e+00
3.076589107513427734e+00
3.520517349243164062e+00
3.546614646911621094e+00
3.188181400299072266e+00
2.711406230926513672e+00
1.971411585807800293e+00
2.042640447616577148e+00
2.226989507675170898e+00
3.451381683349609375e+00
3.407325744628906250e+00
2.578339576721191406e+00
2.960898160934448242e+00
2.726946115493774414e+00
3.116368293762207031e+00
3.519717931747436523e+00
3.635753393173217773e+00
2.526182889938354492e+00
2.410805702209472656e+00
2.132462739944458008e+00
2.283530950546264648e+00
1.427793025970458984e+00
1.259009599685668945e+00
1.552938818931579590e+00
1.221289992332458496e+00
1.027359604835510254e+00
1.380049109458923340e+00
1.153940916061401367e+00
3.010812759399414062e+00
3.585025072097778320e+00
3.477670907974243164e+00
3.537116289138793945e+00
3.451767206192016602e+00
1.722435951232910156e+00
2.188542842864990234e+00
2.498486280441284180e+00
3.365646600723266602e+00
3.243297934532165527e-01
2.785502076148986816e-01
7.386136651039123535e-01
1.500101923942565918e+00
1.724445104598999023e+00
1.955085277557373047e+00
2.402322530746459961e+00
2.889817476272583008e+00
3.115592002868652344e+00
2.959269523620605469e+00
3.156832695007324219e+00
2.561364173889160156e+00
3.505497694015502930e+00
3.733130455017089844e+00
3.453317642211914062e+00
3.561595439910888672e+00
3.472481012344360352e+00
3.229653835296630859e+00
1.790758252143859863e+00
2.318966865539550781e+00
2.512073278427124023e+00
1.662518858909606934e+00
2.248007535934448242e+00
2.281471729278564453e+00
2.040439605712890625e+00
2.476270914077758789e+00
2.936691045761108398e+00
3.006685972213745117e+00
2.676367282867431641e+00
2.334998369216918945e+00
1.535022258758544922e+00
1.544380187988281250e+00
1.696357965469360352e+00
2.848533153533935547e+00
2.963570356369018555e+00
2.272771835327148438e+00
2.593403339385986328e+00
2.441988945007324219e+00
2.767114162445068359e+00
3.092948675155639648e+00
3.149540901184082031e+00
2.052750349044799805e+00
2.008231639862060547e+00
1.709641456604003906e+00
1.940227508544921875e+00
1.188361167907714844e+00
1.062869548797607422e+00
1.312536358833312988e+00
1.043447375297546387e+00
6.229442358016967773e-01
1.179423809051513672e+00
1.164843082427978516e+00
3.604683399200439453e+00
4.180187225341796875e+00
4.029733657836914062e+00
4.075829029083251953e+00
3.965569734573364258e+00
1.699096679687500000e+00
2.035598278045654297e+00
2.364509105682373047e+00
3.315008401870727539e+00
1.335348337888717651e-01
7.390132546424865723e-01
1.392726302146911621e+00
1.432888269424438477e+00
1.729310750961303711e+00
2.334650278091430664e+00
2.855341911315917969e+00
2.915422201156616211e+00
2.722739219665527344e+00
2.839097738265991211e+00
2.398113489151000977e+00
3.231652736663818359e+00
3.652628421783447266e+00
3.359776735305786133e+00
3.508466720581054688e+00
3.425676584243774414e+00
3.280065059661865234e+00
1.840008616447448730e+00
2.450266599655151367e+00
2.551727533340454102e+00
1.747217774391174316e+00
2.273070096969604492e+00
2.112243175506591797e+00
1.942345976829528809e+00
2.263116836547851562e+00
2.672842979431152344e+00
2.630913257598876953e+00
2.351392269134521484e+00
2.024443864822387695e+00
1.138939142227172852e+00
1.130388021469116211e+00
1.317202687263488770e+00
2.553418636322021484e+00
2.470228433609008789e+00
1.881132125854492188e+00
1.939208865165710449e+00
1.593495845794677734e+00
2.020053148269653320e+00
2.453353166580200195e+00
2.693130970001220703e+00
1.626711010932922363e+00
1.387796640396118164e+00
1.176663994789123535e+00
1.201267361640930176e+00
2.872896492481231689e-01
3.172629475593566895e-01
1.205054759979248047e+00
9.871371388435363770e-01
4.925471842288970947e-01
1.032796859741210938e+00
1.065418481826782227e+00
3.777323961257934570e+00
4.328561782836914062e+00
4.115432739257812500e+00
4.191553592681884766e+00
4.012900352478027344e+00
1.514636397361755371e+00
1.998682022094726562e+00
2.208716154098510742e+00
3.246921777725219727e+00
7.830874919891357422e-01
1.476513624191284180e+00
1.591067314147949219e+00
1.877848505973815918e+00
2.427649497985839844e+00
2.925845146179199219e+00
3.058284997940063477e+00
2.843179225921630859e+00
2.945697784423828125e+00
2.431899785995483398e+00
3.267567396163940430e+00
3.653675556182861328e+00
3.320907831192016602e+00
3.472642183303833008e+00
3.334975481033325195e+00
3.248263120651245117e+00
1.926660418510437012e+00
2.367475748062133789e+00
2.498100757598876953e+00
1.651420116424560547e+00
2.187118530273437500e+00
2.029931545257568359e+00
1.771989226341247559e+00
2.112163066864013672e+00
2.522926568984985352e+00
2.559871673583984375e+00
2.213142395019531250e+00
1.859173893928527832e+00
1.085509181022644043e+00
1.106699347496032715e+00
1.248930573463439941e+00
2.484520435333251953e+00
2.521191835403442383e+00
1.812492012977600098e+00
2.200479745864868164e+00
2.123469829559326172e+00
2.414302587509155273e+00
2.801913738250732422e+00
2.900410890579223633e+00
1.851904749870300293e+00
1.775818109512329102e+00
1.475433349609375000e+00
1.616631984710693359e+00
9.170951247215270996e-01
8.830053210258483887e-01
1.430283546447753906e+00
1.240362048149108887e+00
7.008388042449951172e-01
1.303193330764770508e+00
1.345449686050415039e+00
3.965170621871948242e+00
4.536361694335937500e+00
4.360134601593017578e+00
4.409358501434326172e+00
4.273509025573730469e+00
1.788076519966125488e+00
2.248454332351684570e+00
2.476525068283081055e+00
3.515849113464355469e+00
3.460955023765563965e-01
5.437726378440856934e-01
7.262079119682312012e-01
1.281298875808715820e+00
1.811769247055053711e+00
1.885594010353088379e+00
1.717234015464782715e+00
1.973327159881591797e+00
1.381392359733581543e+00
2.343314170837402344e+00
2.611679315567016602e+00
2.316822052001953125e+00
2.453454256057739258e+00
2.393377304077148438e+00
2.258707284927368164e+00
1.022194027900695801e+00
1.485896348953247070e+00
1.527367949485778809e+00
8.505811095237731934e-01
1.267237305641174316e+00
1.207661032676696777e+00
1.173184633255004883e+00
1.637927293777465820e+00
2.192148208618164062e+00
2.410190343856811523e+00
2.201545953750610352e+00
2.023586750030517578e+00
1.467837214469909668e+00
1.331408858299255371e+00
1.195836067199707031e+00
1.888831138610839844e+00
2.550252199172973633e+00
2.268756389617919922e+00
2.389422416687011719e+00
2.311872243881225586e+00
2.470153093338012695e+00
2.377579689025878906e+00
2.144959688186645508e+00
9.675698876380920410e-01
1.356245040893554688e+00
8.883020281791687012e-01
1.686916232109069824e+00
1.192415952682495117e+00
9.338411092758178711e-01
7.693406343460083008e-01
6.177235841751098633e-01
3.993851840496063232e-01
9.666504859924316406e-01
1.273383259773254395e+00
4.458008766174316406e+00
5.055052757263183594e+00
4.733047008514404297e+00
4.718567371368408203e+00
4.573713779449462891e+00
1.693801999092102051e+00
1.611019134521484375e+00
1.890543818473815918e+00
2.922423601150512695e+00
3.554111421108245850e-01
3.798515796661376953e-01
6.317919492721557617e-01
1.090305924415588379e+00
1.419334888458251953e+00
1.313407301902770996e+00
1.645392179489135742e+00
1.033135771751403809e+00
2.029793977737426758e+00
2.115162611007690430e+00
2.055279493331909180e+00
2.118447303771972656e+00
2.185564994812011719e+00
1.807362914085388184e+00
6.232447624206542969e-01
1.134468913078308105e+00
1.243106365203857422e+00
8.343954086303710938e-01
1.126373887062072754e+00
1.091984510421752930e+00
1.247137188911437988e+00
1.693583130836486816e+00
2.231837987899780273e+00
2.401150465011596680e+00
2.284040927886962891e+00
2.182041883468627930e+00
1.704030632972717285e+00
1.497686624526977539e+00
1.315598964691162109e+00
1.737274646759033203e+00
2.575020551681518555e+00
2.471615552902221680e+00
2.504948377609252930e+00
2.451693058013916016e+00
2.541346073150634766e+00
2.348867654800415039e+00
2.001335382461547852e+00
7.572149038314819336e-01
1.405572414398193359e+00
8.502672910690307617e-01
1.839061737060546875e+00
1.427210927009582520e+00
1.165625452995300293e+00
5.892371535301208496e-01
6.771359443664550781e-01
1.007328748703002930e+00
8.802358508110046387e-01
1.544142723083496094e+00
4.936399459838867188e+00
5.505987644195556641e+00
5.010768890380859375e+00
4.925041198730468750e+00
4.748045921325683594e+00
1.389431238174438477e+00
1.107604503631591797e+00
1.372683525085449219e+00
2.181320667266845703e+00
1.331601589918136597e-01
1.027902245521545410e+00
1.442587733268737793e+00
1.148692011833190918e+00
9.503678679466247559e-01
1.177918314933776855e+00
1.021452784538269043e+00
1.717438101768493652e+00
2.188075065612792969e+00
2.132890224456787109e+00
2.305712699890136719e+00
2.394804477691650391e+00
2.293950557708740234e+00
1.398369550704956055e+00
1.843597650527954102e+00
1.744789481163024902e+00
1.417877912521362305e+00
1.621222615242004395e+00
1.224641084671020508e+00
1.417454361915588379e+00
1.741960644721984863e+00
2.179975509643554688e+00
2.103857755661010742e+00
2.072508335113525391e+00
2.001611232757568359e+00
1.538290619850158691e+00
1.201847791671752930e+00
1.148729920387268066e+00
1.586988449096679688e+00
2.115827322006225586e+00
2.161253213882446289e+00
1.992517709732055664e+00
1.913715362548828125e+00
1.963541746139526367e+00
1.718768000602722168e+00
1.413450837135314941e+00
3.828640282154083252e-01
8.141354918479919434e-01
3.569698631763458252e-01
1.336783528327941895e+00
1.132746458053588867e+00
1.050630807876586914e+00
9.523900151252746582e-01
1.157718300819396973e+00
1.159334421157836914e+00
1.021407842636108398e+00
1.661363601684570312e+00
5.037118434906005859e+00
5.617274761199951172e+00
5.151305675506591797e+00
5.110730171203613281e+00
4.906953811645507812e+00
1.729566574096679688e+00
1.769161343574523926e+00
1.774392604827880859e+00
2.858608007431030273e+00
5.814459323883056641e-01
9.785722494125366211e-01
9.290819764137268066e-01
7.644904255867004395e-01
8.924822211265563965e-01
5.918400287628173828e-01
1.265887498855590820e+00
1.807137966156005859e+00
1.688499331474304199e+00
1.891543984413146973e+00
1.917446613311767578e+00
1.860563158988952637e+00
1.235246777534484863e+00
1.528446197509765625e+00
1.377213478088378906e+00
1.161341071128845215e+00
1.285415768623352051e+00
7.940609455108642578e-01
1.164336323738098145e+00
1.528562068939208984e+00
1.993208646774291992e+00
2.084998369216918945e+00
2.059788227081298828e+00
2.158919095993041992e+00
1.874514222145080566e+00
1.548193931579589844e+00
1.352987885475158691e+00
1.230727434158325195e+00
2.307805299758911133e+00
2.568674087524414062e+00
2.429088592529296875e+00
2.393919467926025391e+00
2.345192193984985352e+00
1.931771636009216309e+00
1.401799082756042480e+00
2.728220224380493164e-01
1.198736786842346191e+00
6.268532276153564453e-01
1.861025571823120117e+00
1.509289741516113281e+00
1.324780464172363281e+00
1.105844020843505859e+00
1.282536983489990234e+00
1.398342967033386230e+00
1.187700390815734863e+00
1.888379573822021484e+00
5.280923366546630859e+00
5.855912685394287109e+00
5.373740673065185547e+00
5.320992469787597656e+00
5.116070747375488281e+00
1.876262784004211426e+00
1.717875003814697266e+00
1.795369982719421387e+00
2.725503444671630859e+00
3.177362382411956787e-01
5.718584060668945312e-01
7.622173428535461426e-01
1.133304595947265625e+00
7.484132051467895508e-01
1.593984127044677734e+00
1.252312183380126953e+00
1.324480175971984863e+00
1.317109107971191406e+00
1.527611732482910156e+00
1.123408675193786621e+00
8.088364005088806152e-01
1.028924942016601562e+00
9.051107168197631836e-01
8.823920488357543945e-01
1.114392995834350586e+00
1.069545865058898926e+00
1.748814105987548828e+00
2.076807498931884766e+00
2.705068111419677734e+00
3.091747999191284180e+00
3.011201143264770508e+00
3.054344892501831055e+00
2.691973686218261719e+00
2.440388441085815430e+00
2.230861425399780273e+00
2.080432415008544922e+00
3.354178190231323242e+00
3.446367979049682617e+00
3.384558200836181641e+00
3.266772031784057617e+00
3.274838209152221680e+00
2.709309339523315430e+00
2.032706975936889648e+00
1.226918578147888184e+00
1.850370168685913086e+00
1.368710875511169434e+00
2.751219987869262695e+00
2.297675371170043945e+00
1.992041468620300293e+00
1.245779395103454590e+00
1.338317275047302246e+00
1.725816845893859863e+00
1.499154925346374512e+00
2.251045942306518555e+00
5.633808135986328125e+00
6.181045532226562500e+00
5.610970973968505859e+00
5.492903232574462891e+00
5.290006637573242188e+00
1.858806610107421875e+00
1.521920919418334961e+00
1.622142791748046875e+00
2.203093528747558594e+00
6.679973006248474121e-01
9.169427156448364258e-01
1.406096696853637695e+00
8.471577167510986328e-01
1.462430119514465332e+00
7.908315658569335938e-01
1.235033631324768066e+00
1.171406865119934082e+00
1.462562322616577148e+00
1.003982782363891602e+00
8.675848245620727539e-01
1.112282514572143555e+00
9.343552589416503906e-01
1.100250840187072754e+00
1.325263619422912598e+00
1.303694963455200195e+00
2.040172100067138672e+00
2.305700540542602539e+00
2.866344213485717773e+00
3.310189723968505859e+00
3.257599830627441406e+00
3.395181894302368164e+00
3.129879236221313477e+00
2.842050075531005859e+00
2.621038198471069336e+00
2.228295087814331055e+00
3.628142118453979492e+00
3.857334375381469727e+00
3.748485326766967773e+00
3.668735742568969727e+00
3.641198396682739258e+00
3.106733322143554688e+00
2.427159070968627930e+00
1.531558156013488770e+00
2.427390336990356445e+00
1.861418962478637695e+00
3.172641754150390625e+00
2.803072214126586914e+00
2.516543388366699219e+00
1.621793866157531738e+00
1.733104944229125977e+00
2.198931932449340820e+00
2.018158435821533203e+00
2.706185340881347656e+00
6.056603908538818359e+00
6.602770328521728516e+00
6.061223983764648438e+00
5.930443763732910156e+00
5.758250236511230469e+00
2.312152862548828125e+00
1.789555907249450684e+00
2.108195543289184570e+00
2.025762557983398438e+00
1.331361532211303711e-01
5.882993936538696289e-01
9.094489216804504395e-01
9.807472229003906250e-01
1.135702252388000488e+00
1.417368054389953613e+00
1.586891293525695801e+00
1.809361577033996582e+00
1.773341536521911621e+00
1.738923549652099609e+00
1.943936824798583984e+00
1.710600852966308594e+00
1.734950542449951172e+00
1.909659862518310547e+00
1.477458477020263672e+00
2.170434713363647461e+00
2.427536010742187500e+00
2.712973356246948242e+00
2.950712442398071289e+00
3.003827095031738281e+00
3.221375226974487305e+00
3.018841743469238281e+00
2.632832527160644531e+00
2.482380867004394531e+00
1.982099175453186035e+00
3.176954746246337891e+00
3.575145006179809570e+00
3.322110652923583984e+00
3.164242029190063477e+00
3.110523462295532227e+00
2.435877561569213867e+00
1.704068422317504883e+00
1.202718615531921387e+00
1.914299964904785156e+00
1.478747129440307617e+00
2.813634872436523438e+00
2.575005531311035156e+00
2.394940853118896484e+00
2.014972925186157227e+00
2.216092348098754883e+00
2.456945896148681641e+00
2.010054111480712891e+00
2.779384136199951172e+00
6.189952373504638672e+00
6.717911243438720703e+00
6.143418788909912109e+00
6.040726184844970703e+00
5.815678119659423828e+00
2.460191011428833008e+00
2.255890846252441406e+00
2.210300445556640625e+00
2.795770168304443359e+00
3.117854893207550049e-01
8.049001097679138184e-01
7.888563275337219238e-01
1.338876843452453613e+00
1.369102358818054199e+00
1.707050561904907227e+00
1.862596988677978516e+00
1.984734416007995605e+00
1.871385812759399414e+00
2.056226491928100586e+00
1.752128005027770996e+00
1.721399545669555664e+00
1.825349807739257812e+00
1.269230246543884277e+00
1.870694518089294434e+00
2.094591617584228516e+00
2.250628709793090820e+00
2.406620264053344727e+00
2.495849132537841797e+00
2.758072376251220703e+00
2.637664318084716797e+00
2.221137762069702148e+00
2.082774639129638672e+00
1.470984697341918945e+00
2.654613971710205078e+00
3.108606815338134766e+00
2.870464086532592773e+00
2.765316963195800781e+00
2.660759449005126953e+00
1.983356952667236328e+00
1.274408340454101562e+00
8.796818852424621582e-01
1.647661685943603516e+00
1.328460931777954102e+00
2.459390640258789062e+00
2.414783716201782227e+00
2.295550584793090820e+00
2.027937889099121094e+00
2.185002326965332031e+00
2.413539886474609375e+00
2.023372411727905273e+00
2.770035028457641602e+00
6.201329231262207031e+00
6.741460800170898438e+00
6.188990116119384766e+00
6.102808475494384766e+00
5.876306533813476562e+00
2.546960353851318359e+00
2.376327037811279297e+00
2.333399295806884766e+00
3.036396503448486328e+00
9.769545197486877441e-01
6.464235782623291016e-01
1.580923914909362793e+00
1.520112514495849609e+00
1.941670060157775879e+00
1.992983341217041016e+00
2.332860708236694336e+00
2.257565498352050781e+00
2.397142410278320312e+00
2.030943632125854492e+00
2.029210329055786133e+00
2.014094591140747070e+00
1.368349194526672363e+00
1.884571671485900879e+00
2.019347429275512695e+00
2.067574739456176758e+00
2.053200960159301758e+00
2.231720447540283203e+00
2.550436496734619141e+00
2.517177581787109375e+00
2.065585136413574219e+00
1.970618844032287598e+00
1.230103135108947754e+00
2.293829679489135742e+00
2.825316429138183594e+00
2.573234081268310547e+00
2.474867582321166992e+00
2.325437068939208984e+00
1.596036076545715332e+00
8.666657209396362305e-01
9.457677602767944336e-01
1.513406157493591309e+00
1.447208881378173828e+00
2.271103143692016602e+00
2.458031415939331055e+00
2.451367378234863281e+00
2.337363481521606445e+00
2.535167932510375977e+00
2.686637163162231445e+00
2.273502111434936523e+00
2.949952602386474609e+00
6.396308422088623047e+00
6.931422710418701172e+00
6.380192756652832031e+00
6.307887554168701172e+00
6.067014217376708984e+00
2.830812692642211914e+00
2.738492727279663086e+00
2.621583461761474609e+00
3.422151803970336914e+00
9.133589267730712891e-01
1.002984523773193359e+00
5.962244868278503418e-01
8.525652289390563965e-01
8.100917339324951172e-01
1.183263301849365234e+00
1.132727861404418945e+00
1.207941174507141113e+00
8.039160370826721191e-01
8.804355263710021973e-01
7.893181443214416504e-01
2.761452198028564453e-01
1.017149329185485840e+00
1.107595801353454590e+00
1.685540914535522461e+00
2.330053329467773438e+00
2.236044406890869141e+00
2.442698717117309570e+00
2.338418483734130859e+00
2.035289049148559570e+00
1.788984894752502441e+00
1.190697193145751953e+00
2.787367820739746094e+00
3.031351566314697266e+00
2.990875959396362305e+00
2.996902227401733398e+00
2.932560205459594727e+00
2.492803096771240234e+00
1.910320758819580078e+00
8.914457559585571289e-01
1.918824195861816406e+00
1.510098695755004883e+00
2.495513677597045898e+00
2.377177238464355469e+00
2.205876350402832031e+00
1.813583254814147949e+00
1.822566747665405273e+00
2.123654365539550781e+00
2.030508995056152344e+00
2.738505363464355469e+00
6.120644092559814453e+00
6.706169605255126953e+00
6.231330394744873047e+00
6.161098480224609375e+00
5.972679615020751953e+00
2.612286090850830078e+00
2.299025535583496094e+00
2.507460832595825195e+00
3.177927017211914062e+00
9.855598211288452148e-01
7.678038477897644043e-01
1.334976792335510254e+00
1.197592735290527344e+00
1.768730163574218750e+00
2.227310895919799805e+00
2.273242712020874023e+00
1.853921651840209961e+00
2.009174585342407227e+00
1.900567173957824707e+00
1.313163280487060547e+00
1.772776603698730469e+00
1.749128222465515137e+00
1.602691888809204102e+00
1.915991902351379395e+00
2.110474109649658203e+00
2.562536001205444336e+00
2.732647657394409180e+00
2.325903177261352539e+00
2.158889532089233398e+00
1.033334016799926758e+00
2.438306093215942383e+00
3.055864095687866211e+00
2.922452926635742188e+00
2.944142818450927734e+00
2.735962152481079102e+00
2.059813976287841797e+00
1.322920322418212891e+00
1.416427373886108398e+00
2.171261072158813477e+00
2.090608119964599609e+00
2.737665176391601562e+00
3.021529912948608398e+00
2.988582372665405273e+00
2.868273735046386719e+00
2.947035074234008789e+00
3.104692459106445312e+00
2.960891008377075195e+00
3.652503013610839844e+00
7.050987720489501953e+00
7.627038478851318359e+00
7.141209602355957031e+00
7.089952468872070312e+00
6.869293212890625000e+00
3.558488845825195312e+00
3.265055418014526367e+00
3.363317012786865234e+00
3.873408794403076172e+00
3.370123505592346191e-01
3.072503507137298584e-01
5.354773402214050293e-01
6.030064225196838379e-01
1.601365447044372559e+00
1.628200650215148926e+00
1.137044191360473633e+00
1.604921936988830566e+00
1.544750928878784180e+00
1.457455635070800781e+00
2.144438028335571289e+00
2.059125423431396484e+00
2.588182449340820312e+00
3.316098213195800781e+00
3.306790828704833984e+00
3.588140487670898438e+00
3.574432373046875000e+00
3.271023273468017578e+00
3.009405374526977539e+00
2.149965047836303711e+00
3.832082271575927734e+00
4.230922222137451172e+00
4.167203903198242188e+00
4.161140918731689453e+00
4.046194553375244141e+00
3.432322025299072266e+00
2.674993753433227539e+00
2.090994834899902344e+00
3.065280437469482422e+00
2.652950763702392578e+00
3.743761062622070312e+00
3.629846096038818359e+00
3.432479619979858398e+00
2.623756647109985352e+00
2.745674133300781250e+00
3.225422143936157227e+00
3.013156414031982422e+00
3.735849857330322266e+00
7.076430320739746094e+00
7.612431526184082031e+00
7.048646926879882812e+00
6.902424812316894531e+00
6.725351333618164062e+00
3.288047790527343750e+00
2.754043579101562500e+00
3.029888629913330078e+00
2.932437181472778320e+00
3.329260945320129395e-01
3.600550293922424316e-01
7.787367701530456543e-01
1.569962382316589355e+00
1.491173624992370605e+00
1.088371992111206055e+00
1.392889499664306641e+00
1.205497980117797852e+00
1.014251351356506348e+00
1.679694056510925293e+00
1.492212653160095215e+00
1.856509685516357422e+00
2.680803775787353516e+00
2.690144300460815430e+00
3.011736154556274414e+00
3.158807277679443359e+00
2.890330314636230469e+00
2.604167699813842773e+00
1.565918087959289551e+00
3.357677698135375977e+00
3.758289098739624023e+00
3.806874513626098633e+00
3.896164655685424805e+00
3.741901159286499023e+00
3.211245775222778320e+00
2.493221521377563477e+00
1.956855058670043945e+00
2.950361013412475586e+00
2.619445085525512695e+00
3.489825010299682617e+00
3.467068195343017578e+00
3.285083770751953125e+00
2.747492313385009766e+00
2.650146961212158203e+00
3.074594497680664062e+00
3.053119182586669922e+00
3.700104475021362305e+00
7.088190078735351562e+00
7.677285671234130859e+00
7.205322265625000000e+00
7.112559795379638672e+00
6.943689346313476562e+00
3.528761863708496094e+00
3.050402402877807617e+00
3.376178026199340820e+00
3.609737157821655273e+00
1.336516141891479492e-01
2.924644351005554199e-01
1.443789720535278320e+00
1.355998396873474121e+00
8.833141326904296875e-01
1.409700393676757812e+00
1.197335839271545410e+00
1.280097842216491699e+00
1.866947889328002930e+00
1.719312787055969238e+00
2.369338512420654297e+00
3.231762170791625977e+00
3.164130210876464844e+00
3.339906215667724609e+00
3.412878513336181641e+00
3.179086923599243164e+00
2.877643823623657227e+00
2.067229032516479492e+00
3.841505527496337891e+00
4.093531131744384766e+00
4.186803340911865234e+00
4.247265338897705078e+00
4.142859458923339844e+00
3.648265123367309570e+00
2.985991239547729492e+00
2.192242860794067383e+00
3.217012166976928711e+00
2.792133092880249023e+00
3.756927490234375000e+00
3.641445159912109375e+00
3.426357746124267578e+00
2.750936508178710938e+00
2.650131940841674805e+00
3.154933929443359375e+00
3.111214160919189453e+00
3.737642049789428711e+00
7.115761280059814453e+00
7.696384429931640625e+00
7.212027549743652344e+00
7.094702720642089844e+00
6.939342021942138672e+00
3.514312028884887695e+00
2.938154458999633789e+00
3.334968566894531250e+00
3.311344623565673828e+00
5.555569529533386230e-01
1.554697990417480469e+00
1.380300283432006836e+00
1.030845046043395996e+00
1.371899008750915527e+00
1.107938289642333984e+00
1.106656312942504883e+00
1.592074990272521973e+00
1.390061140060424805e+00
2.050995111465454102e+00
2.952046632766723633e+00
2.874408721923828125e+00
3.034561872482299805e+00
3.192858457565307617e+00
3.012002944946289062e+00
2.686383485794067383e+00
1.809769392013549805e+00
3.664418935775756836e+00
3.843513250350952148e+00
4.055333137512207031e+00
4.158241271972656250e+00
4.057249546051025391e+00
3.615794658660888672e+00
2.903639793395996094e+00
2.230934381484985352e+00
3.252852201461791992e+00
2.883270978927612305e+00
3.672157764434814453e+00
3.625446319580078125e+00
3.447639465332031250e+00
2.885175466537475586e+00
2.717876911163330078e+00
3.150068283081054688e+00
3.247582435607910156e+00
3.815149545669555664e+00
7.173654079437255859e+00
7.773629665374755859e+00
7.331347465515136719e+00
7.241558074951171875e+00
7.089346408843994141e+00
3.710602045059204102e+00
3.185890436172485352e+00
3.577140808105468750e+00
3.715165138244628906e+00
8.300260901451110840e-01
8.833408355712890625e-01
3.408132195472717285e-01
1.086994051933288574e+00
9.569029808044433594e-01
1.504454374313354492e+00
1.994178771972656250e+00
1.931304097175598145e+00
2.666982412338256836e+00
3.535204172134399414e+00
3.428374290466308594e+00
3.534502267837524414e+00
3.474943637847900391e+00
3.309907674789428711e+00
3.007643222808837891e+00
2.373113870620727539e+00
4.180906295776367188e+00
4.289459705352783203e+00
4.398114204406738281e+00
4.420285701751708984e+00
4.400614261627197266e+00
3.994556665420532227e+00
3.381026506423950195e+00
2.340697765350341797e+00
3.328966856002807617e+00
2.868003845214843750e+00
3.849004745483398438e+00
3.516294717788696289e+00
3.208122491836547852e+00
2.267726898193359375e+00
2.254177331924438477e+00
2.735497236251831055e+00
2.776661872863769531e+00
3.286123991012573242e+00
6.584284305572509766e+00
7.153638839721679688e+00
6.672442913055419922e+00
6.541288375854492188e+00
6.408349037170410156e+00
3.052847385406494141e+00
2.401036739349365234e+00
2.965039014816284180e+00
2.845223665237426758e+00
1.335238218307495117e-01
3.242292404174804688e-01
3.115817904472351074e-01
5.053986310958862305e-01
1.156395554542541504e+00
1.476236104965209961e+00
1.856888055801391602e+00
2.671706676483154297e+00
3.201754808425903320e+00
3.025481939315795898e+00
2.953928470611572266e+00
2.553698539733886719e+00
2.457017898559570312e+00
2.230545759201049805e+00
2.221000194549560547e+00
3.600494146347045898e+00
3.360913753509521484e+00
3.548933267593383789e+00
3.468939781188964844e+00
3.611203193664550781e+00
3.406344413757324219e+00
2.963605165481567383e+00
1.749223113059997559e+00
2.388231754302978516e+00
1.875783324241638184e+00
2.858516931533813477e+00
2.226312160491943359e+00
1.803903698921203613e+00
8.825849294662475586e-01
6.897283792495727539e-01
1.195969820022583008e+00
1.365465521812438965e+00
1.741407155990600586e+00
5.037216186523437500e+00
5.622045516967773438e+00
5.177776813507080078e+00
5.079110622406005859e+00
4.950113296508789062e+00
1.733711600303649902e+00
1.123524308204650879e+00
1.862214803695678711e+00
2.250503063201904297e+00
1.332038938999176025e-01
4.085414111614227295e-01
3.211022019386291504e-01
1.167478203773498535e+00
1.322917103767395020e+00
1.692111849784851074e+00
2.533283233642578125e+00
3.182621955871582031e+00
2.981150627136230469e+00
2.891525983810424805e+00
2.692230224609375000e+00
2.622384548187255859e+00
2.312881946563720703e+00
2.169197559356689453e+00
3.662773847579956055e+00
3.474818229675292969e+00
3.783728361129760742e+00
3.797971010208129883e+00
3.871407985687255859e+00
3.673457622528076172e+00
3.186830997467041016e+00
1.965649962425231934e+00
2.900383710861206055e+00
2.329221010208129883e+00
3.208800077438354492e+00
2.834066390991210938e+00
2.487198829650878906e+00
1.599237084388732910e+00
1.326903581619262695e+00
1.936338067054748535e+00
2.114896297454833984e+00
2.495899677276611328e+00
5.654972553253173828e+00
6.244844913482666016e+00
5.844843864440917969e+00
5.739380836486816406e+00
5.640386581420898438e+00
2.441162824630737305e+00
1.766550183296203613e+00
2.416666746139526367e+00
2.591882944107055664e+00
3.370395600795745850e-01
3.633617162704467773e-01
8.441350460052490234e-01
1.287153244018554688e+00
1.504019737243652344e+00
2.324402570724487305e+00
2.981340408325195312e+00
2.816929101943969727e+00
2.826068162918090820e+00
2.676658153533935547e+00
2.537412405014038086e+00
2.226043224334716797e+00
1.896768689155578613e+00
3.480895042419433594e+00
3.438535213470458984e+00
3.663769960403442383e+00
3.695025444030761719e+00
3.716391563415527344e+00
3.423966646194458008e+00
2.897956848144531250e+00
1.753598690032958984e+00
2.735518455505371094e+00
2.243497371673583984e+00
3.124895095825195312e+00
2.849446058273315430e+00
2.584301710128784180e+00
1.827154397964477539e+00
1.553128242492675781e+00
2.136937856674194336e+00
2.299800157546997070e+00
2.717107772827148438e+00
5.999379634857177734e+00
6.593035697937011719e+00
6.164866447448730469e+00
6.063765048980712891e+00
5.939966201782226562e+00
2.672794103622436523e+00
2.028311014175415039e+00
2.636240243911743164e+00
2.828064441680908203e+00
1.335677355527877808e-01
6.709983944892883301e-01
8.589656949043273926e-01
1.265835642814636230e+00
2.067746639251708984e+00
2.619335889816284180e+00
2.425356864929199219e+00
2.355223894119262695e+00
2.075749874114990234e+00
2.047326564788818359e+00
1.748347520828247070e+00
1.658473372459411621e+00
3.087854385375976562e+00
2.931141853332519531e+00
3.225884437561035156e+00
3.219540596008300781e+00
3.319148063659667969e+00
3.158083438873291016e+00
2.724272727966308594e+00
1.470281720161437988e+00
2.400694131851196289e+00
1.935149431228637695e+00
2.620452642440795898e+00
2.189397811889648438e+00
1.969383001327514648e+00
1.401852369308471680e+00
1.042487263679504395e+00
1.441540598869323730e+00
1.766205430030822754e+00
2.129779577255249023e+00
5.358617782592773438e+00
5.961392879486083984e+00
5.615207672119140625e+00
5.559935092926025391e+00
5.437536239624023438e+00
2.320504426956176758e+00
1.762102842330932617e+00
2.388935804367065430e+00
2.884975433349609375e+00
5.249119997024536133e-01
7.528859972953796387e-01
1.014052629470825195e+00
1.847639918327331543e+00
2.540709018707275391e+00
2.346665143966674805e+00
2.319267272949218750e+00
2.265123844146728516e+00
2.159651041030883789e+00
1.826247453689575195e+00
1.498357772827148438e+00
3.090126276016235352e+00
2.999825239181518555e+00
3.315227985382080078e+00
3.379476547241210938e+00
3.408309221267700195e+00
3.213189125061035156e+00
2.779150485992431641e+00
1.589061856269836426e+00
2.600147724151611328e+00
2.157277345657348633e+00
2.837523221969604492e+00
2.612678766250610352e+00
2.397106409072875977e+00
1.801078677177429199e+00
1.528041005134582520e+00
1.934245467185974121e+00
2.227384090423583984e+00
2.635470151901245117e+00
5.931876182556152344e+00
6.537759780883789062e+00
6.146084308624267578e+00
6.074419498443603516e+00
5.941508293151855469e+00
2.712793588638305664e+00
2.175532341003417969e+00
2.716436624526977539e+00
3.170317411422729492e+00
3.296227157115936279e-01
6.734796762466430664e-01
1.232240438461303711e+00
1.699502825736999512e+00
1.543514132499694824e+00
1.669477343559265137e+00
1.678205847740173340e+00
1.466191887855529785e+00
1.143890619277954102e+00
7.183761596679687500e-01
2.242297172546386719e+00
2.329975605010986328e+00
2.546420812606811523e+00
2.652746915817260742e+00
2.624578237533569336e+00
2.424223423004150391e+00
2.088120937347412109e+00
1.016109585762023926e+00
2.014111518859863281e+00
1.771497130393981934e+00
2.178179740905761719e+00
2.263686418533325195e+00
2.221436023712158203e+00
1.966848373413085938e+00
1.889804959297180176e+00
2.045959234237670898e+00
2.271219253540039062e+00
2.858546495437622070e+00
6.129820346832275391e+00
6.723391532897949219e+00
6.376788139343261719e+00
6.337408065795898438e+00
6.165894508361816406e+00
2.875521659851074219e+00
2.536800384521484375e+00
2.828508615493774414e+00
3.488075733184814453e+00
2.755880951881408691e-01
8.897184133529663086e-01
1.536027789115905762e+00
1.297084331512451172e+00
1.331275939941406250e+00
1.553155183792114258e+00
1.453883767127990723e+00
1.108214020729064941e+00
7.206017374992370605e-01
2.184265851974487305e+00
2.152998208999633789e+00
2.537928104400634766e+00
2.696104049682617188e+00
2.688399076461791992e+00
2.617606163024902344e+00
2.365993499755859375e+00
1.248640060424804688e+00
2.186637878417968750e+00
1.933745384216308594e+00
2.221279382705688477e+00
2.249551296234130859e+00
2.247553110122680664e+00
2.117378473281860352e+00
1.934881448745727539e+00
1.957106709480285645e+00
2.455675601959228516e+00
2.826901197433471680e+00
5.966595649719238281e+00
6.553422927856445312e+00
6.292316913604736328e+00
6.282687187194824219e+00
6.140971183776855469e+00
3.129713296890258789e+00
2.813690185546875000e+00
3.192023992538452148e+00
3.984908819198608398e+00
3.330037891864776611e-01
1.062980294227600098e+00
8.594099879264831543e-01
1.096583604812622070e+00
1.451489210128784180e+00
1.340775847434997559e+00
1.028820157051086426e+00
5.444801449775695801e-01
1.883699774742126465e+00
1.957151770591735840e+00
2.338023662567138672e+00
2.534974336624145508e+00
2.513040065765380859e+00
2.453050851821899414e+00
2.314483880996704102e+00
1.476678609848022461e+00
2.284875154495239258e+00
2.048244714736938477e+00
2.163237810134887695e+00
2.420140504837036133e+00
2.532378196716308594e+00
2.593507289886474609e+00
2.490909576416015625e+00
2.401728153228759766e+00
2.902357339859008789e+00
3.296789884567260742e+00
6.378452777862548828e+00
6.953059196472167969e+00
6.710791110992431641e+00
6.723728179931640625e+00
6.560752868652343750e+00
3.536280155181884766e+00
3.353298187255859375e+00
3.669012308120727539e+00
4.453724384307861328e+00
6.020020246505737305e-01
5.624671578407287598e-01
9.110499024391174316e-01
1.614975214004516602e+00
1.499069571495056152e+00
1.172886371612548828e+00
6.376089453697204590e-01
1.608874678611755371e+00
1.858760714530944824e+00
2.196896314620971680e+00
2.495474338531494141e+00
2.393562555313110352e+00
2.337161302566528320e+00
2.323446035385131836e+00
1.865935087203979492e+00
2.509838342666625977e+00
2.321067094802856445e+00
2.271556854248046875e+00
2.740113258361816406e+00
2.938806056976318359e+00
3.137967348098754883e+00
3.068292617797851562e+00
2.902891397476196289e+00
3.398705720901489258e+00
3.802764654159545898e+00
6.777302742004394531e+00
7.336418151855468750e+00
7.133265972137451172e+00
7.168315887451171875e+00
6.995676994323730469e+00
4.017149925231933594e+00
3.973928451538085938e+00
4.192964076995849609e+00
5.126142501831054688e+00
3.396807610988616943e-01
8.310783505439758301e-01
1.408233523368835449e+00
1.224482774734497070e+00
1.239937663078308105e+00
7.173228859901428223e-01
4.623221755027770996e-01
1.173219084739685059e+00
1.275928497314453125e+00
1.589244365692138672e+00
1.337940335273742676e+00
1.446268320083618164e+00
1.666893959045410156e+00
1.863188743591308594e+00
2.052465915679931641e+00
1.993093848228454590e+00
1.676578044891357422e+00
2.468318223953247070e+00
2.777523994445800781e+00
3.244958877563476562e+00
3.276949644088745117e+00
2.960828781127929688e+00
3.378381013870239258e+00
3.688113927841186523e+00
6.580356597900390625e+00
7.113960742950439453e+00
6.917752742767333984e+00
6.983225822448730469e+00
6.782451629638671875e+00
3.931859016418457031e+00
4.179501533508300781e+00
4.219290733337402344e+00
5.307056427001953125e+00
3.267868459224700928e-01
1.062658905982971191e+00
1.077342152595520020e+00
7.339833378791809082e-01
8.880473971366882324e-01
1.065913558006286621e+00
1.087443351745605469e+00
1.471907973289489746e+00
1.860113024711608887e+00
1.835132598876953125e+00
1.983052253723144531e+00
2.080541372299194336e+00
1.835552573204040527e+00
2.198072195053100586e+00
2.017235755920410156e+00
1.748035907745361328e+00
2.346231698989868164e+00
2.668467044830322266e+00
3.110147476196289062e+00
3.080622673034667969e+00
2.733053922653198242e+00
3.314938783645629883e+00
3.590121984481811523e+00
6.332657337188720703e+00
6.865832805633544922e+00
6.733904361724853516e+00
6.806674003601074219e+00
6.630367279052734375e+00
3.836546421051025391e+00
4.042513847351074219e+00
4.168907165527343750e+00
5.224233150482177734e+00
6.300095319747924805e-01
8.733150362968444824e-01
3.993141949176788330e-01
1.366146922111511230e+00
1.108266472816467285e+00
5.901317000389099121e-01
1.235982656478881836e+00
1.647427558898925781e+00
1.757967829704284668e+00
2.189520120620727539e+00
2.347489118576049805e+00
1.895940899848937988e+00
2.064283370971679688e+00
1.842636704444885254e+00
1.537199139595031738e+00
2.074426651000976562e+00
2.435375690460205078e+00
2.918177366256713867e+00
2.884843349456787109e+00
2.488855123519897461e+00
3.094820976257324219e+00
3.348342180252075195e+00
5.857867717742919922e+00
6.374346256256103516e+00
6.318244457244873047e+00
6.414749622344970703e+00
6.253222942352294922e+00
3.610355377197265625e+00
3.862261056900024414e+00
4.015029907226562500e+00
5.098289489746093750e+00
2.790252566337585449e-01
2.758581936359405518e-01
1.697806239128112793e+00
1.270940780639648438e+00
5.436590313911437988e-01
9.819042682647705078e-01
1.138219356536865234e+00
1.374646663665771484e+00
2.069834470748901367e+00
2.322990655899047852e+00
1.602356791496276855e+00
1.447980046272277832e+00
1.186230778694152832e+00
8.414396643638610840e-01
1.114494442939758301e+00
1.471749305725097656e+00
2.237346649169921875e+00
2.245892286300659180e+00
1.678906559944152832e+00
2.278872251510620117e+00
2.408354282379150391e+00
4.947734355926513672e+00
5.478634834289550781e+00
5.357406616210937500e+00
5.445696830749511719e+00
5.274312019348144531e+00
2.712321996688842773e+00
3.211912870407104492e+00
3.294920682907104492e+00
4.446028232574462891e+00
1.334622353315353394e-01
1.385770201683044434e+00
1.103741765022277832e+00
6.702997088432312012e-01
7.334047555923461914e-01
7.238432765007019043e-01
9.942086935043334961e-01
1.662039041519165039e+00
1.841999650001525879e+00
1.221759319305419922e+00
1.165968775749206543e+00
9.294832944869995117e-01
3.385033905506134033e-01
1.050207376480102539e+00
1.407963752746582031e+00
2.055786371231079102e+00
2.090047836303710938e+00
1.575449109077453613e+00
2.152862071990966797e+00
2.332089185714721680e+00
4.876409053802490234e+00
5.387747287750244141e+00
5.245040893554687500e+00
5.349324703216552734e+00
5.152510643005371094e+00
2.609502792358398438e+00
3.041183471679687500e+00
3.113039731979370117e+00
4.259723663330078125e+00
1.187185406684875488e+00
1.373068451881408691e+00
8.665605187416076660e-01
1.289184570312500000e+00
1.396565914154052734e+00
1.566614031791687012e+00
1.924866914749145508e+00
1.914582252502441406e+00
1.097877740859985352e+00
1.388278961181640625e+00
1.104839563369750977e+00
9.749358296394348145e-01
1.300120949745178223e+00
1.614840149879455566e+00
2.046280384063720703e+00
2.042264699935913086e+00
1.666704416275024414e+00
2.237059593200683594e+00
2.522893190383911133e+00
5.327612876892089844e+00
5.876315116882324219e+00
5.691122055053710938e+00
5.752223491668701172e+00
5.574721813201904297e+00
2.763019561767578125e+00
3.003416061401367188e+00
3.137162208557128906e+00
4.225526809692382812e+00
1.310860753059387207e+00
1.910491108894348145e+00
1.914499282836914062e+00
2.113883018493652344e+00
1.879716634750366211e+00
1.569058656692504883e+00
1.452697634696960449e+00
1.169181466102600098e+00
1.844539403915405273e+00
1.824485898017883301e+00
1.920119643211364746e+00
2.466754436492919922e+00
2.564209461212158203e+00
2.689590454101562500e+00
2.689679145812988281e+00
2.663756847381591797e+00
2.863841533660888672e+00
3.408238887786865234e+00
6.622679710388183594e+00
7.196553707122802734e+00
6.848461627960205078e+00
6.850843906402587891e+00
6.646241188049316406e+00
3.543770551681518555e+00
3.449158191680908203e+00
3.577391624450683594e+00
4.476852416992187500e+00
5.204265713691711426e-01
6.107529401779174805e-01
1.022392511367797852e+00
8.279721140861511230e-01
1.170747995376586914e+00
1.597024917602539062e+00
1.877227902412414551e+00
1.805144548416137695e+00
1.790496468544006348e+00
1.290757417678833008e+00
2.208763122558593750e+00
2.618985891342163086e+00
3.285254240036010742e+00
3.392059564590454102e+00
2.969672203063964844e+00
3.288337469100952148e+00
3.462625265121459961e+00
6.139300823211669922e+00
6.636276245117187500e+00
6.491643428802490234e+00
6.595643997192382812e+00
6.382150173187255859e+00
3.781267881393432617e+00
4.243208885192871094e+00
4.160091400146484375e+00
5.339969635009765625e+00
1.334678828716278076e-01
5.809584856033325195e-01
6.823179721832275391e-01
1.618019342422485352e+00
2.156201601028442383e+00
1.941610336303710938e+00
1.654785633087158203e+00
1.601529717445373535e+00
7.550674080848693848e-01
1.618784904479980469e+00
2.050721406936645508e+00
3.003999948501586914e+00
3.018962144851684570e+00
2.460867404937744141e+00
3.009363174438476562e+00
2.986282825469970703e+00
5.377571582794189453e+00
5.858313083648681641e+00
5.765916347503662109e+00
5.893018245697021484e+00
5.689118385314941406e+00
3.349441051483154297e+00
3.982893228530883789e+00
3.952675104141235352e+00
5.181814193725585938e+00
3.355406522750854492e-01
2.380712926387786865e-01
1.124855399131774902e+00
1.780679702758789062e+00
1.693678140640258789e+00
1.413931012153625488e+00
1.437303662300109863e+00
7.151240110397338867e-01
1.617536664009094238e+00
2.059286832809448242e+00
3.004154443740844727e+00
3.143059015274047852e+00
2.595811605453491211e+00
2.906246662139892578e+00
2.928422927856445312e+00
5.476384639739990234e+00
5.964055061340332031e+00
5.810093402862548828e+00
5.923978328704833984e+00
5.704613208770751953e+00
3.288161516189575195e+00
3.979241371154785156e+00
3.822570323944091797e+00
5.061421871185302734e+00
1.333710849285125732e-01
9.313114285469055176e-01
1.581726908683776855e+00
1.521812200546264648e+00
1.150885701179504395e+00
1.254109740257263184e+00
3.239787817001342773e-01
1.182872295379638672e+00
1.651658535003662109e+00
2.752504587173461914e+00
2.873774766921997070e+00
2.361147403717041016e+00
2.533493995666503906e+00
2.440618991851806641e+00
4.959220409393310547e+00
5.433403491973876953e+00
5.231679916381835938e+00
5.343503475189208984e+00
5.108012199401855469e+00
2.829642772674560547e+00
3.684115648269653320e+00
3.438519716262817383e+00
4.704113960266113281e+00
6.874684691429138184e-01
1.377012133598327637e+00
1.569325327873229980e+00
1.307156324386596680e+00
1.428001165390014648e+00
6.672310829162597656e-01
1.632644772529602051e+00
2.085748195648193359e+00
3.035665273666381836e+00
3.203105926513671875e+00
2.687638998031616211e+00
2.862755537033081055e+00
2.865012884140014648e+00
5.472629547119140625e+00
5.955357074737548828e+00
5.746337890625000000e+00
5.854511737823486328e+00
5.616678714752197266e+00
3.232035636901855469e+00
3.969936370849609375e+00
3.746778011322021484e+00
4.987782001495361328e+00
4.729667305946350098e-01
1.232645511627197266e+00
1.027033090591430664e+00
1.261025309562683105e+00
1.191590070724487305e+00
1.957824110984802246e+00
2.228600025177001953e+00
2.866828680038452148e+00
3.114310503005981445e+00
2.765594005584716797e+00
2.640145778656005859e+00
2.850749969482421875e+00
5.914628982543945312e+00
6.430747032165527344e+00
6.032163619995117188e+00
6.077311038970947266e+00
5.811862468719482422e+00
3.133537292480468750e+00
3.673764228820800781e+00
3.384082317352294922e+00
4.580141544342041016e+00
1.025828242301940918e+00
1.029473185539245605e+00
1.296091914176940918e+00
1.725465893745422363e+00
2.141144990921020508e+00
2.270864486694335938e+00
2.607036828994750977e+00
2.853470563888549805e+00
2.700397253036499023e+00
2.447371244430541992e+00
2.861079692840576172e+00
6.183474540710449219e+00
6.721220016479492188e+00
6.234878540039062500e+00
6.228177547454833984e+00
5.966753482818603516e+00
3.038043498992919922e+00
3.284263372421264648e+00
3.040524721145629883e+00
4.122920513153076172e+00
3.187336623668670654e-01
3.168661594390869141e-01
1.088580965995788574e+00
1.092071175575256348e+00
1.179147362709045410e+00
1.564004421234130859e+00
1.719922065734863281e+00
1.606099963188171387e+00
1.411647200584411621e+00
1.847005248069763184e+00
5.206252574920654297e+00
5.772783756256103516e+00
5.294538497924804688e+00
5.276154518127441406e+00
5.033507823944091797e+00
2.009964227676391602e+00
2.313714504241943359e+00
2.109349250793457031e+00
3.279046535491943359e+00
1.335773915052413940e-01
7.464874386787414551e-01
8.315231204032897949e-01
1.023162484169006348e+00
1.571179151535034180e+00
1.818346023559570312e+00
1.587015151977539062e+00
1.246856331825256348e+00
1.479887247085571289e+00
4.711353778839111328e+00
5.242865085601806641e+00
4.747879505157470703e+00
4.740836143493652344e+00
4.486260890960693359e+00
1.704044342041015625e+00
2.316680192947387695e+00
1.977361679077148438e+00
3.158312082290649414e+00
7.022759914398193359e-01
6.998239159584045410e-01
7.269808650016784668e-01
1.192117094993591309e+00
1.438033103942871094e+00
1.172191619873046875e+00
9.611747264862060547e-01
1.393987655639648438e+00
4.744838714599609375e+00
5.314635753631591797e+00
4.859582424163818359e+00
4.845509052276611328e+00
4.610592842102050781e+00
1.553033947944641113e+00
1.972898006439208984e+00
1.724933505058288574e+00
2.938236236572265625e+00
7.959085702896118164e-01
1.184494853019714355e+00
2.232102155685424805e+00
2.382318973541259766e+00
1.860108733177185059e+00
2.072551012039184570e+00
1.960134148597717285e+00
4.565626621246337891e+00
5.073810577392578125e+00
4.774576187133789062e+00
4.858901977539062500e+00
4.616802692413330078e+00
2.329882383346557617e+00
3.189578056335449219e+00
2.892778158187866211e+00
4.132097244262695312e+00
3.337766528129577637e-01
1.351465225219726562e+00
1.431331038475036621e+00
9.896360635757446289e-01
1.108132958412170410e+00
1.041163206100463867e+00
3.979072332382202148e+00
4.526694297790527344e+00
4.275588035583496094e+00
4.328326225280761719e+00
4.113490581512451172e+00
1.385987401008605957e+00
2.242500305175781250e+00
2.045796394348144531e+00
3.286749839782714844e+00
8.694631457328796387e-01
9.068458676338195801e-01
5.592624545097351074e-01
6.124355792999267578e-01
6.749101281166076660e-01
3.629573345184326172e+00
4.184874057769775391e+00
3.901884317398071289e+00
3.966617107391357422e+00
3.771070718765258789e+00
9.151831865310668945e-01
1.716602206230163574e+00
1.548157930374145508e+00
2.766302108764648438e+00
1.335613429546356201e-01
3.200410902500152588e-01
3.046798706054687500e-01
6.802661418914794922e-01
4.054350376129150391e+00
4.626916885375976562e+00
4.153882026672363281e+00
4.074077129364013672e+00
3.917889118194580078e+00
7.897970676422119141e-01
3.739438951015472412e-01
8.698374032974243164e-01
1.519113659858703613e+00
1.336588710546493530e-01
3.264646828174591064e-01
5.199863314628601074e-01
3.847610712051391602e+00
4.440934181213378906e+00
4.018260478973388672e+00
3.958671092987060547e+00
3.820720434188842773e+00
9.789204597473144531e-01
8.880237340927124023e-01
1.281444311141967773e+00
2.191746711730957031e+00
1.334951072931289673e-01
3.116018176078796387e-01
3.679738759994506836e+00
4.268416404724121094e+00
3.833043813705444336e+00
3.790449857711791992e+00
3.629258155822753906e+00
7.070561647415161133e-01
1.106850981712341309e+00
1.308812618255615234e+00
2.341315984725952148e+00
3.131271302700042725e-01
3.614814519882202148e+00
4.177080154418945312e+00
3.690829992294311523e+00
3.617314100265502930e+00
3.452900648117065430e+00
4.999769628047943115e-01
9.622738361358642578e-01
8.617956042289733887e-01
2.032009363174438477e+00
3.109332799911499023e+00
3.675543069839477539e+00
3.209013223648071289e+00
3.158258438110351562e+00
2.996493577957153320e+00
3.600831329822540283e-01
1.264224410057067871e+00
1.253181099891662598e+00
2.254112720489501953e+00
3.276975750923156738e-01
6.421687006950378418e-01
7.680214047431945801e-01
1.018644928932189941e+00
3.350244522094726562e+00
4.218469619750976562e+00
4.047272205352783203e+00
4.604074001312255859e+00
6.472680568695068359e-01
8.414176702499389648e-01
1.109478116035461426e+00
3.849410772323608398e+00
4.696800231933593750e+00
4.505457401275634766e+00
5.034785270690917969e+00
1.336534023284912109e-01
3.265056908130645752e-01
3.268793582916259766e+00
4.104196548461914062e+00
3.862270832061767578e+00
4.359040737152099609e+00
1.335904747247695923e-01
3.164042949676513672e+00
3.922285556793212891e+00
3.708021640777587891e+00
4.114010810852050781e+00
2.966835737228393555e+00
3.781813859939575195e+00
3.502227783203125000e+00
3.971321344375610352e+00
6.264339685440063477e-01
4.138507843017578125e-01
1.416649103164672852e+00
3.264006674289703369e-01
8.063080310821533203e-01
5.196088552474975586e-01
