9.798737168312072754e-01
3.372737765312194824e-01
1.345927000045776367e+00
1.169987201690673828e+00
1.099912285804748535e+00
1.826423645019531250e+00
2.430152416229248047e+00
1.093974471092224121e+00
1.118513703346252441e+00
1.716353178024291992e+00
2.343306303024291992e+00
1.308739662170410156e+00
2.149396896362304688e+00
1.783200263977050781e+00
1.857982158660888672e+00
2.374449968338012695e+00
6.416516900062561035e-01
1.834392905235290527e+00
2.078543663024902344e+00
2.329491138458251953e+00
2.110366344451904297e+00
1.755697727203369141e+00
2.232733249664306641e+00
2.281539916992187500e+00
1.749509096145629883e+00
1.379135727882385254e+00
3.468766510486602783e-01
9.234564900398254395e-01
1.117869615554809570e+00
1.257811546325683594e+00
1.191942214965820312e+00
1.896219849586486816e+00
7.082677483558654785e-01
1.228958487510681152e+00
2.382893323898315430e+00
2.892975330352783203e+00
2.026951074600219727e+00
2.711716413497924805e+00
2.696923255920410156e+00
2.736443758010864258e+00
2.900042295455932617e+00
1.424683690071105957e+00
1.708105921745300293e+00
2.057734489440917969e+00
2.337312698364257812e+00
1.755688667297363281e+00
1.310616850852966309e+00
1.552273392677307129e+00
9.649553894996643066e-01
1.772316545248031616e-01
8.278127908706665039e-01
7.133415937423706055e-01
7.764959931373596191e-01
8.535835146903991699e-01
1.192282557487487793e+00
1.906630754470825195e+00
1.161733150482177734e+00
1.536128997802734375e+00
2.483548164367675781e+00
3.010647535324096680e+00
2.057496070861816406e+00
2.728188037872314453e+00
2.559428453445434570e+00
2.705895185470581055e+00
2.837083339691162109e+00
9.442287683486938477e-01
1.515185356140136719e+00
1.971681594848632812e+00
2.337609052658081055e+00
2.109995603561401367e+00
1.881837248802185059e+00
2.029431343078613281e+00
1.664217829704284668e+00
8.828079700469970703e-01
7.453475594520568848e-01
1.323266774415969849e-01
2.989096641540527344e-01
3.894367814064025879e-01
1.166843771934509277e+00
1.353422880172729492e+00
1.602570176124572754e+00
2.689325094223022461e+00
2.953285694122314453e+00
2.129950761795043945e+00
2.566434383392333984e+00
2.625836849212646484e+00
2.940823316574096680e+00
2.593015193939208984e+00
1.181694746017456055e+00
8.172878623008728027e-01
1.468414187431335449e+00
1.812184214591979980e+00
1.926652312278747559e+00
1.939465165138244629e+00
1.850044608116149902e+00
1.631218791007995605e+00
1.149307966232299805e+00
6.529811620712280273e-01
1.324437260627746582e-01
6.628869175910949707e-01
1.353909611701965332e+00
1.613116621971130371e+00
1.851839542388916016e+00
2.886295795440673828e+00
3.125533580780029297e+00
2.300257682800292969e+00
2.657653093338012695e+00
2.546472072601318359e+00
3.012793540954589844e+00
2.601804733276367188e+00
6.785916090011596680e-01
7.577331066131591797e-01
1.482654452323913574e+00
1.861712694168090820e+00
2.196721315383911133e+00
2.219938755035400391e+00
2.124357223510742188e+00
1.951736330986022949e+00
1.470935106277465820e+00
9.115200638771057129e-01
6.052120923995971680e-01
1.024377703666687012e+00
1.525977611541748047e+00
1.639129996299743652e+00
2.531933546066284180e+00
2.747841119766235352e+00
1.914373040199279785e+00
2.238215923309326172e+00
2.151031017303466797e+00
2.631924629211425781e+00
2.163424968719482422e+00
4.784758687019348145e-01
3.513614833354949951e-01
1.034189820289611816e+00
1.412093639373779297e+00
2.031378984451293945e+00
2.194691419601440430e+00
2.061105489730834961e+00
2.080593109130859375e+00
1.682984948158264160e+00
1.165564537048339844e+00
6.296375393867492676e-01
1.462621331214904785e+00
1.640331625938415527e+00
2.765140295028686523e+00
2.878224611282348633e+00
2.203608512878417969e+00
2.513642549514770508e+00
2.702708721160888672e+00
3.052191734313964844e+00
2.515797376632690430e+00
1.517231464385986328e+00
7.498345971107482910e-01
1.258537411689758301e+00
1.527534604072570801e+00
1.710432410240173340e+00
1.735568881034851074e+00
1.541334033012390137e+00
1.264797687530517578e+00
1.092434525489807129e+00
1.038457989692687988e+00
1.799050331115722656e+00
1.648343801498413086e+00
2.678462028503417969e+00
2.400339365005493164e+00
2.037482976913452148e+00
1.985735893249511719e+00
2.484972000122070312e+00
2.884709358215332031e+00
1.863538146018981934e+00
1.949334859848022461e+00
5.491063594818115234e-01
7.390858530998229980e-01
4.988121092319488525e-01
1.422843575477600098e+00
1.751881361007690430e+00
1.224739551544189453e+00
1.634366035461425781e+00
1.962218046188354492e+00
1.993976950645446777e+00
3.227175474166870117e-01
1.527344942092895508e+00
2.024337291717529297e+00
1.236413478851318359e+00
2.048216581344604492e+00
2.060916185379028320e+00
2.012858152389526367e+00
2.338859558105468750e+00
1.504154205322265625e+00
1.518691301345825195e+00
1.765018582344055176e+00
1.879709839820861816e+00
1.099327564239501953e+00
6.988001465797424316e-01
1.138239860534667969e+00
1.151705026626586914e+00
1.219916939735412598e+00
1.683676719665527344e+00
1.022641539573669434e+00
1.336628317832946777e+00
5.516523122787475586e-01
1.394701600074768066e+00
1.534369468688964844e+00
1.520643234252929688e+00
1.761893153190612793e+00
1.499588131904602051e+00
1.274277448654174805e+00
1.437948465347290039e+00
1.449810028076171875e+00
6.959679126739501953e-01
6.607614755630493164e-01
1.052539587020874023e+00
1.507602930068969727e+00
1.725266575813293457e+00
2.137065172195434570e+00
6.115795969963073730e-01
4.833931326866149902e-01
1.021858453750610352e+00
6.565092206001281738e-01
1.742207407951354980e-01
1.390091180801391602e+00
1.969687342643737793e+00
2.083589792251586914e+00
2.106820583343505859e+00
2.037631511688232422e+00
1.531854033470153809e+00
1.537732005119323730e+00
2.202361106872558594e+00
2.821187734603881836e+00
3.038647890090942383e+00
3.276948690414428711e+00
6.943754553794860840e-01
3.710889816284179688e-01
9.438116550445556641e-01
7.091386318206787109e-01
1.032045722007751465e+00
2.354436874389648438e+00
1.983982682228088379e+00
1.777638792991638184e+00
1.726712465286254883e+00
1.387726187705993652e+00
1.923571228981018066e+00
2.192094564437866211e+00
3.003277540206909180e+00
3.402522087097167969e+00
3.669509887695312500e+00
6.959828734397888184e-01
6.523494720458984375e-01
7.317135930061340332e-01
1.155374765396118164e+00
1.399048686027526855e+00
1.492756962776184082e+00
1.468953371047973633e+00
1.405066490173339844e+00
1.150972962379455566e+00
1.279414176940917969e+00
1.673257231712341309e+00
2.313575506210327148e+00
2.603091478347778320e+00
2.794948101043701172e+00
6.528367400169372559e-01
8.201577067375183105e-01
3.131063282489776611e-01
1.893348693847656250e+00
1.536222100257873535e+00
1.270346045494079590e+00
1.187920331954956055e+00
1.429014325141906738e+00
2.134428262710571289e+00
2.146969795227050781e+00
3.003338813781738281e+00
3.268997669219970703e+00
3.370854377746582031e+00
3.186959028244018555e-01
7.755172848701477051e-01
1.604026556015014648e+00
1.764008998870849609e+00
1.569876670837402344e+00
1.731443047523498535e+00
2.055382251739501953e+00
2.282134771347045898e+00
2.672590255737304688e+00
3.264046192169189453e+00
3.389227867126464844e+00
3.353874683380126953e+00
9.973906278610229492e-01
1.985008358955383301e+00
2.209028482437133789e+00
1.988315105438232422e+00
2.074319601058959961e+00
2.194164037704467773e+00
2.166502952575683594e+00
2.771151065826416016e+00
3.340490102767944336e+00
3.469841003417968750e+00
3.571022748947143555e+00
1.916075706481933594e+00
1.466853380203247070e+00
1.066170334815979004e+00
1.159768462181091309e+00
1.824040055274963379e+00
2.525064945220947266e+00
2.433802366256713867e+00
3.233884811401367188e+00
3.457511186599731445e+00
3.453830003738403320e+00
1.119452953338623047e+00
1.501472234725952148e+00
1.865968108177185059e+00
2.254388570785522461e+00
2.304004192352294922e+00
2.409935951232910156e+00
2.532133340835571289e+00
2.167361259460449219e+00
1.759855985641479492e+00
1.323987841606140137e-01
3.898696601390838623e-01
1.532163977622985840e+00
1.917154550552368164e+00
1.640986680984497070e+00
2.108190298080444336e+00
2.073112249374389648e+00
1.814823389053344727e+00
1.010318771004676819e-01
1.458769202232360840e+00
2.007854461669921875e+00
1.656826138496398926e+00
2.302766084671020508e+00
2.451359987258911133e+00
2.382716894149780273e+00
1.346284627914428711e+00
1.940172553062438965e+00
1.432509183883666992e+00
2.288756847381591797e+00
2.660514116287231445e+00
2.711036682128906250e+00
3.608916699886322021e-01
3.220649063587188721e-01
1.099548935890197754e+00
1.805054426193237305e+00
2.468124151229858398e+00
4.124760627746582031e-01
7.735343575477600098e-01
1.311421871185302734e+00
2.165979623794555664e+00
6.621277928352355957e-01
1.400796771049499512e+00
2.241285085678100586e+00
3.625391721725463867e-01
1.635233521461486816e+00
6.789117455482482910e-01
