1.323288977146148682e-01
5.500642061233520508e-01
6.058369278907775879e-01
8.762210607528686523e-01
1.714196205139160156e+00
2.035503149032592773e+00
2.095906734466552734e+00
1.908624529838562012e+00
2.671007633209228516e+00
2.204201936721801758e+00
2.814948797225952148e+00
3.213081359863281250e+00
2.991831302642822266e+00
2.793238878250122070e+00
2.402256488800048828e+00
2.309678792953491211e+00
2.274614334106445312e+00
1.591830849647521973e+00
1.573989272117614746e+00
1.618648290634155273e+00
1.813230156898498535e+00
1.603084683418273926e+00
2.001965284347534180e+00
1.720099687576293945e+00
2.506384611129760742e+00
2.233529090881347656e+00
2.286508321762084961e+00
2.933511257171630859e+00
2.625347375869750977e+00
3.035988807678222656e+00
3.929421901702880859e+00
4.132339954376220703e+00
4.261403083801269531e+00
4.377587318420410156e+00
4.598263740539550781e+00
4.430392742156982422e+00
4.397402763366699219e+00
4.773798942565917969e+00
5.248155117034912109e+00
5.251742839813232422e+00
4.916112422943115234e+00
4.997801780700683594e+00
4.818743228912353516e+00
4.770724296569824219e+00
4.471694946289062500e+00
4.520933628082275391e+00
4.573614120483398438e+00
4.746259689331054688e+00
3.715989589691162109e+00
3.876688241958618164e+00
3.311502635478973389e-01
7.224306464195251465e-01
6.786319017410278320e-01
1.725894451141357422e+00
1.984153270721435547e+00
2.120509624481201172e+00
2.009670734405517578e+00
2.588274717330932617e+00
2.183971643447875977e+00
2.617139577865600586e+00
3.146582365036010742e+00
2.862988471984863281e+00
2.698573350906372070e+00
2.345704793930053711e+00
2.295870780944824219e+00
2.392561674118041992e+00
1.638845562934875488e+00
1.634725213050842285e+00
1.538396716117858887e+00
1.637310624122619629e+00
1.568845391273498535e+00
1.842828869819641113e+00
1.515985608100891113e+00
2.283196687698364258e+00
1.905546784400939941e+00
2.108397245407104492e+00
2.635237932205200195e+00
2.221845149993896484e+00
2.662675619125366211e+00
3.574227094650268555e+00
3.738577127456665039e+00
3.867757797241210938e+00
4.029942035675048828e+00
4.281433105468750000e+00
4.054960250854492188e+00
4.148545265197753906e+00
4.477599143981933594e+00
4.998521804809570312e+00
5.047054767608642578e+00
4.714878082275390625e+00
4.810590744018554688e+00
4.674340248107910156e+00
4.602771759033203125e+00
4.332131862640380859e+00
4.328103065490722656e+00
4.290914058685302734e+00
4.450979709625244141e+00
3.479628086090087891e+00
3.662046670913696289e+00
3.319839239120483398e-01
3.495512008666992188e-01
1.171265721321105957e+00
1.389196038246154785e+00
1.634291648864746094e+00
1.625600814819335938e+00
1.966341018676757812e+00
1.630279779434204102e+00
1.954361677169799805e+00
2.537221193313598633e+00
2.264732122421264648e+00
2.169159173965454102e+00
1.882367491722106934e+00
1.864093661308288574e+00
2.089193582534790039e+00
1.254843473434448242e+00
1.281080365180969238e+00
1.305835366249084473e+00
1.280460000038146973e+00
1.328065276145935059e+00
1.592693686485290527e+00
1.239481806755065918e+00
1.959646463394165039e+00
1.480069637298583984e+00
1.877973198890686035e+00
2.220838069915771484e+00
1.924306392669677734e+00
2.246242046356201172e+00
3.214224100112915039e+00
3.385793924331665039e+00
3.454314947128295898e+00
3.652736663818359375e+00
4.011171817779541016e+00
3.825773477554321289e+00
3.998965740203857422e+00
4.333230495452880859e+00
4.711438179016113281e+00
4.768399238586425781e+00
4.452450275421142578e+00
4.476664066314697266e+00
4.362780570983886719e+00
4.277828693389892578e+00
4.031366825103759766e+00
3.989460706710815430e+00
3.905665874481201172e+00
4.042336940765380859e+00
3.106712341308593750e+00
3.308700323104858398e+00
1.336996704339981079e-01
7.382661700248718262e-01
9.845192432403564453e-01
1.145443558692932129e+00
1.100651621818542480e+00
1.642144918441772461e+00
1.209140062332153320e+00
1.835813403129577637e+00
2.265321016311645508e+00
2.164289474487304688e+00
2.098245143890380859e+00
1.839595794677734375e+00
1.713366985321044922e+00
1.749171018600463867e+00
9.703631997108459473e-01
1.096116423606872559e+00
1.347379207611083984e+00
1.387087941169738770e+00
1.542600989341735840e+00
1.780525922775268555e+00
1.663734793663024902e+00
2.272960901260375977e+00
1.962574362754821777e+00
2.339955568313598633e+00
2.539721965789794922e+00
2.571075916290283203e+00
2.813105344772338867e+00
3.722003221511840820e+00
3.957182168960571289e+00
4.007573604583740234e+00
4.166323184967041016e+00
4.547818660736083984e+00
4.456948757171630859e+00
4.562779426574707031e+00
4.919084072113037109e+00
5.171163558959960938e+00
5.188994884490966797e+00
4.881338596343994141e+00
4.852128982543945312e+00
4.708920955657958984e+00
4.554389953613281250e+00
4.282876491546630859e+00
4.270387172698974609e+00
4.151052474975585938e+00
4.360807895660400391e+00
3.363655090332031250e+00
3.565988540649414062e+00
7.586970925331115723e-01
9.123374223709106445e-01
1.166697740554809570e+00
1.253463149070739746e+00
1.568168520927429199e+00
1.247359275817871094e+00
1.624687314033508301e+00
2.241986513137817383e+00
2.097424745559692383e+00
2.094693899154663086e+00
1.932831645011901855e+00
1.830165982246398926e+00
1.982359886169433594e+00
1.154183626174926758e+00
1.287725210189819336e+00
1.544599652290344238e+00
1.457641363143920898e+00
1.697138071060180664e+00
1.904649496078491211e+00
1.772520422935485840e+00
2.270639419555664062e+00
1.879379272460937500e+00
2.434714555740356445e+00
2.468564510345458984e+00
2.425249338150024414e+00
2.635992288589477539e+00
3.576394319534301758e+00
3.795328140258789062e+00
3.793137550354003906e+00
4.049619674682617188e+00
4.491160392761230469e+00
4.307976245880126953e+00
4.594534397125244141e+00
4.902638435363769531e+00
5.179367065429687500e+00
5.219775199890136719e+00
4.925556659698486328e+00
4.862161636352539062e+00
4.749680519104003906e+00
4.568651676177978516e+00
4.322531223297119141e+00
4.268147468566894531e+00
4.064782142639160156e+00
4.262347698211669922e+00
3.321110963821411133e+00
3.537306070327758789e+00
1.305690556764602661e-01
3.257548809051513672e-01
3.346010148525238037e-01
8.823667168617248535e-01
3.523875176906585693e-01
1.264839768409729004e+00
1.539463877677917480e+00
1.618695616722106934e+00
1.652467012405395508e+00
1.636438846588134766e+00
1.410807609558105469e+00
1.471467018127441406e+00
7.992342710494995117e-01
1.163868188858032227e+00
1.831433057785034180e+00
1.658241033554077148e+00
2.096277713775634766e+00
2.233451366424560547e+00
2.319650888442993164e+00
2.577868938446044922e+00
2.388522148132324219e+00
2.914204120635986328e+00
2.716113805770874023e+00
3.120627880096435547e+00
3.103888511657714844e+00
3.933600664138793945e+00
4.278718471527099609e+00
4.234034538269042969e+00
4.430151462554931641e+00
4.930614471435546875e+00
4.914388179779052734e+00
5.109621524810791016e+00
5.447343826293945312e+00
5.485495567321777344e+00
5.503036022186279297e+00
5.232314586639404297e+00
5.098134517669677734e+00
4.982568740844726562e+00
4.724761962890625000e+00
4.482071399688720703e+00
4.423667907714843750e+00
4.148075103759765625e+00
4.399846076965332031e+00
3.436354637145996094e+00
3.692018270492553711e+00
1.325306147336959839e-01
6.131573319435119629e-01
6.306728124618530273e-01
3.315931856632232666e-01
8.861180543899536133e-01
1.380259513854980469e+00
1.649074316024780273e+00
1.792656779289245605e+00
1.857287645339965820e+00
1.621529221534729004e+00
1.743180990219116211e+00
1.151157975196838379e+00
1.438220500946044922e+00
2.133820295333862305e+00
1.863725423812866211e+00
2.333954095840454102e+00
2.434995174407958984e+00
2.441433191299438477e+00
2.633006811141967773e+00
2.381072521209716797e+00
2.961836576461791992e+00
2.685042619705200195e+00
3.156005144119262695e+00
3.077101469039916992e+00
3.879097938537597656e+00
4.156750679016113281e+00
4.044714927673339844e+00
4.317084312438964844e+00
4.894017696380615234e+00
4.835697650909423828e+00
5.185253143310546875e+00
5.483232975006103516e+00
5.468716144561767578e+00
5.521229743957519531e+00
5.267348766326904297e+00
5.103542327880859375e+00
5.030877590179443359e+00
4.757130146026611328e+00
4.552017211914062500e+00
4.425523281097412109e+00
4.127532482147216797e+00
4.356238365173339844e+00
3.452620983123779297e+00
3.690939426422119141e+00
3.158759474754333496e-01
8.058553338050842285e-01
2.880230247974395752e-01
1.245329260826110840e+00
1.501314043998718262e+00
1.898666024208068848e+00
1.915938377380371094e+00
1.951436638832092285e+00
1.555332064628601074e+00
1.608040094375610352e+00
1.098195910453796387e+00
1.402981042861938477e+00
2.323428869247436523e+00
2.212527275085449219e+00
2.653851270675659180e+00
2.786456584930419922e+00
2.872397899627685547e+00
3.124016046524047852e+00
2.924928188323974609e+00
3.464977979660034180e+00
3.239001989364624023e+00
3.653587102890014648e+00
3.612915039062500000e+00
4.430181980133056641e+00
4.789565086364746094e+00
4.716964244842529297e+00
4.939664840698242188e+00
5.465670108795166016e+00
5.444589614868164062e+00
5.666445732116699219e+00
5.999889373779296875e+00
6.016140937805175781e+00
6.036386013031005859e+00
5.772106170654296875e+00
5.621665477752685547e+00
5.512547492980957031e+00
5.237013816833496094e+00
5.001110076904296875e+00
4.922101974487304688e+00
4.619987010955810547e+00
4.875260829925537109e+00
3.919999122619628906e+00
4.202130317687988281e+00
9.315714240074157715e-01
4.626392722129821777e-01
1.532950997352600098e+00
1.511752724647521973e+00
1.864172935485839844e+00
1.835310459136962891e+00
1.789622664451599121e+00
1.243177771568298340e+00
1.219443559646606445e+00
7.690957188606262207e-01
1.121972084045410156e+00
2.097308158874511719e+00
2.138564109802246094e+00
2.568197727203369141e+00
2.700682401657104492e+00
2.837218046188354492e+00
3.141712903976440430e+00
3.018212080001831055e+00
3.473971366882324219e+00
3.309855937957763672e+00
3.744621276855468750e+00
3.760101079940795898e+00
4.574286937713623047e+00
4.920818328857421875e+00
4.897427558898925781e+00
5.053441524505615234e+00
5.518114566802978516e+00
5.519904136657714844e+00
5.634937286376953125e+00
5.998663425445556641e+00
6.034209728240966797e+00
6.023340702056884766e+00
5.751202106475830078e+00
5.617124557495117188e+00
5.473640918731689453e+00
5.204744815826416016e+00
4.941920280456542969e+00
4.914316177368164062e+00
4.679538726806640625e+00
4.963343620300292969e+00
3.909196615219116211e+00
4.213903903961181641e+00
1.318722069263458252e-01
4.337016940116882324e-01
5.565538406372070312e-01
9.703291654586791992e-01
1.059559822082519531e+00
1.357986927032470703e+00
1.185513377189636230e+00
1.416670918464660645e+00
1.255895495414733887e+00
1.335719347000122070e+00
2.116099596023559570e+00
1.919242978096008301e+00
2.545407056808471680e+00
2.483788251876831055e+00
2.733188152313232422e+00
2.779856681823730469e+00
2.737986326217651367e+00
3.229734659194946289e+00
2.815846920013427734e+00
3.468664407730102539e+00
3.282623052597045898e+00
3.981858491897583008e+00
4.402757167816162109e+00
4.287338733673095703e+00
4.490585327148437500e+00
5.063167572021484375e+00
5.117677688598632812e+00
5.371922492980957031e+00
5.686584949493408203e+00
5.535033226013183594e+00
5.545322418212890625e+00
5.314510345458984375e+00
5.093513488769531250e+00
4.984613895416259766e+00
4.640819072723388672e+00
4.419359207153320312e+00
4.300872325897216797e+00
3.977168560028076172e+00
4.257567882537841797e+00
3.270621061325073242e+00
3.655742406845092773e+00
6.423276662826538086e-01
8.137137889862060547e-01
1.116443037986755371e+00
1.247182130813598633e+00
1.442283630371093750e+00
1.262966275215148926e+00
1.388675570487976074e+00
9.023200869560241699e-01
1.139885544776916504e+00
2.009128570556640625e+00
1.673458576202392578e+00
2.269827365875244141e+00
2.268737554550170898e+00
2.441496849060058594e+00
2.526366233825683594e+00
2.435719966888427734e+00
2.945158720016479492e+00
2.574902057647705078e+00
3.193543434143066406e+00
3.015094757080078125e+00
3.753303050994873047e+00
4.156028270721435547e+00
4.059735774993896484e+00
4.263700008392333984e+00
4.825461864471435547e+00
4.859097957611083984e+00
5.114840030670166016e+00
5.430226802825927734e+00
5.327956676483154297e+00
5.349069118499755859e+00
5.107416629791259766e+00
4.909976005554199219e+00
4.819823265075683594e+00
4.506623744964599609e+00
4.293560981750488281e+00
4.167015552520751953e+00
3.831798315048217773e+00
4.098251342773437500e+00
3.154806613922119141e+00
3.471881151199340820e+00
7.039375901222229004e-01
9.761347174644470215e-01
1.313742876052856445e+00
1.601361036300659180e+00
1.838241696357727051e+00
2.192656278610229492e+00
1.838730931282043457e+00
1.964506268501281738e+00
2.202248334884643555e+00
1.699433445930480957e+00
2.363478422164916992e+00
2.271612405776977539e+00
2.395198106765747070e+00
2.312031984329223633e+00
2.243736982345581055e+00
2.785838127136230469e+00
2.239838361740112305e+00
2.941637516021728516e+00
2.676601648330688477e+00
3.315287113189697266e+00
3.760336875915527344e+00
3.530621290206909180e+00
3.853958368301391602e+00
4.488215923309326172e+00
4.518185138702392578e+00
4.907454013824462891e+00
5.178899288177490234e+00
4.966620922088623047e+00
5.025709629058837891e+00
4.811400890350341797e+00
4.568942070007324219e+00
4.524897575378417969e+00
4.184836387634277344e+00
4.018211841583251953e+00
3.812008380889892578e+00
3.393297195434570312e+00
3.634973287582397461e+00
2.825855016708374023e+00
3.138959407806396484e+00
3.298578262329101562e-01
5.118814706802368164e-01
1.092361569404602051e+00
1.256211161613464355e+00
1.615662336349487305e+00
1.564359307289123535e+00
1.555894374847412109e+00
2.075339078903198242e+00
1.854496359825134277e+00
2.584962606430053711e+00
2.307978868484497070e+00
2.741253137588500977e+00
2.634503364562988281e+00
2.853169918060302734e+00
3.186255216598510742e+00
2.638533353805541992e+00
3.408764839172363281e+00
3.282486438751220703e+00
3.816313982009887695e+00
4.271254539489746094e+00
4.150686264038085938e+00
4.269854545593261719e+00
4.796931266784667969e+00
4.941334247589111328e+00
5.110155582427978516e+00
5.434206485748291016e+00
5.132434844970703125e+00
5.100951194763183594e+00
4.901064872741699219e+00
4.628779888153076172e+00
4.520507812500000000e+00
4.128776073455810547e+00
3.923680782318115234e+00
3.778021812438964844e+00
3.485927104949951172e+00
3.816530466079711914e+00
2.758358001708984375e+00
3.221615791320800781e+00
3.293447196483612061e-01
7.767249345779418945e-01
1.126703977584838867e+00
1.642228960990905762e+00
1.558706760406494141e+00
1.469200968742370605e+00
1.730179667472839355e+00
1.400203108787536621e+00
2.146003246307373047e+00
1.844185709953308105e+00
2.278855323791503906e+00
2.158274650573730469e+00
2.405202150344848633e+00
2.712145328521728516e+00
2.104597330093383789e+00
2.910939931869506836e+00
2.779018402099609375e+00
3.214482307434082031e+00
3.619845390319824219e+00
3.485481023788452148e+00
3.581997632980346680e+00
4.156986236572265625e+00
4.325084209442138672e+00
4.590410709381103516e+00
4.870594501495361328e+00
4.462202072143554688e+00
4.452883243560791016e+00
4.281455039978027344e+00
3.963575363159179688e+00
3.898986339569091797e+00
3.479088306427001953e+00
3.321495294570922852e+00
3.095286130905151367e+00
2.749464511871337891e+00
3.109091997146606445e+00
2.134568214416503906e+00
2.571424722671508789e+00
3.078623414039611816e-01
7.123219966888427734e-01
1.234350204467773438e+00
1.325591206550598145e+00
1.148397326469421387e+00
1.275635838508605957e+00
1.163066506385803223e+00
1.883004426956176758e+00
1.540446043014526367e+00
2.093060731887817383e+00
2.050112962722778320e+00
2.324292898178100586e+00
2.568334579467773438e+00
2.145715713500976562e+00
2.852265834808349609e+00
2.838603496551513672e+00
3.406774520874023438e+00
3.808324813842773438e+00
3.811378479003906250e+00
3.810567140579223633e+00
4.239539623260498047e+00
4.374777793884277344e+00
4.428096771240234375e+00
4.786680698394775391e+00
4.574366569519042969e+00
4.518977642059326172e+00
4.295276165008544922e+00
4.050773143768310547e+00
3.920775175094604492e+00
3.523977756500244141e+00
3.307047367095947266e+00
3.193137407302856445e+00
2.958774328231811523e+00
3.356670379638671875e+00
2.209929227828979492e+00
2.677236318588256836e+00
3.667635321617126465e-01
8.627564311027526855e-01
1.066191315650939941e+00
7.600419521331787109e-01
6.563739180564880371e-01
5.620311498641967773e-01
1.274602174758911133e+00
9.823106527328491211e-01
1.473361730575561523e+00
1.459890246391296387e+00
1.722003340721130371e+00
1.952029347419738770e+00
1.619644641876220703e+00
2.266821384429931641e+00
2.423077106475830078e+00
2.942609786987304688e+00
3.280584096908569336e+00
3.341467142105102539e+00
3.308162212371826172e+00
3.687672138214111328e+00
3.796471118927001953e+00
3.823221206665039062e+00
4.191223621368408203e+00
4.074283599853515625e+00
4.022190093994140625e+00
3.769655227661132812e+00
3.604327440261840820e+00
3.438309669494628906e+00
3.147086381912231445e+00
2.873487710952758789e+00
2.877783775329589844e+00
2.784147262573242188e+00
3.071398258209228516e+00
1.960401296615600586e+00
2.235164165496826172e+00
2.859671711921691895e-01
6.281102299690246582e-01
3.191896975040435791e-01
8.658574819564819336e-01
1.211162567138671875e+00
1.728584885597229004e+00
1.561397790908813477e+00
2.091732978820800781e+00
2.226323604583740234e+00
2.405910730361938477e+00
2.600956201553344727e+00
2.434459209442138672e+00
3.024722576141357422e+00
3.079751968383789062e+00
3.758841276168823242e+00
4.098785877227783203e+00
4.162340641021728516e+00
4.149263858795166016e+00
4.504354953765869141e+00
4.588952064514160156e+00
4.551711082458496094e+00
4.945178985595703125e+00
4.896107673645019531e+00
4.827613830566406250e+00
4.565668106079101562e+00
4.424839019775390625e+00
4.234857082366943359e+00
3.956260204315185547e+00
3.664683818817138672e+00
3.705582141876220703e+00
3.601678848266601562e+00
3.926110029220581055e+00
2.732181072235107422e+00
3.085419416427612305e+00
5.434448122978210449e-01
2.835849523544311523e-01
1.022221803665161133e+00
1.665577173233032227e+00
1.960623145103454590e+00
1.936239004135131836e+00
2.488271474838256836e+00
2.680025577545166016e+00
2.856287240982055664e+00
2.924981832504272461e+00
2.934205532073974609e+00
3.466075181961059570e+00
3.572628736495971680e+00
4.250945568084716797e+00
4.567150115966796875e+00
4.667385101318359375e+00
4.618786334991455078e+00
4.909263134002685547e+00
4.988123893737792969e+00
4.855103015899658203e+00
5.272694587707519531e+00
5.280501842498779297e+00
5.186812877655029297e+00
4.916756153106689453e+00
4.808446884155273438e+00
4.587512016296386719e+00
4.334480762481689453e+00
4.021328926086425781e+00
4.120302677154541016e+00
4.065376758575439453e+00
4.395024776458740234e+00
3.189588785171508789e+00
3.533648490905761719e+00
3.044403195381164551e-01
1.125251531600952148e+00
1.337075948715209961e+00
1.699339866638183594e+00
1.840095043182373047e+00
2.035256147384643555e+00
2.394840002059936523e+00
2.352243900299072266e+00
2.620034694671630859e+00
2.649050474166870117e+00
3.037707567214965820e+00
3.151329278945922852e+00
3.961768150329589844e+00
4.261140346527099609e+00
4.320004463195800781e+00
4.386170387268066406e+00
4.753290653228759766e+00
4.757342815399169922e+00
4.763542175292968750e+00
5.153288364410400391e+00
5.253871917724609375e+00
5.218632698059082031e+00
4.930008411407470703e+00
4.843117237091064453e+00
4.665130138397216797e+00
4.441010475158691406e+00
4.148567676544189453e+00
4.180549621582031250e+00
4.064310550689697266e+00
4.352260112762451172e+00
3.243317842483520508e+00
3.503309249877929688e+00
6.578328609466552734e-01
9.014528393745422363e-01
1.259168386459350586e+00
1.357071995735168457e+00
1.667219758033752441e+00
1.983624100685119629e+00
2.028004884719848633e+00
2.192779779434204102e+00
2.269072294235229492e+00
2.686604738235473633e+00
2.813526391983032227e+00
3.582159757614135742e+00
3.874490976333618164e+00
3.968580245971679688e+00
3.983160972595214844e+00
4.308761596679687500e+00
4.327746868133544922e+00
4.290513992309570312e+00
4.688482761383056641e+00
4.787474632263183594e+00
4.740205287933349609e+00
4.449437141418457031e+00
4.373312473297119141e+00
4.182633876800537109e+00
3.971160411834716797e+00
3.669073343276977539e+00
3.720268487930297852e+00
3.659728050231933594e+00
3.941434144973754883e+00
2.821957349777221680e+00
3.065064668655395508e+00
1.319467574357986450e-01
3.655172586441040039e-01
3.341277837753295898e-01
7.236552834510803223e-01
9.481118917465209961e-01
1.145314216613769531e+00
1.159889698028564453e+00
1.374716758728027344e+00
1.717874526977539062e+00
1.909699916839599609e+00
2.592140436172485352e+00
2.868296623229980469e+00
3.027019739151000977e+00
2.976186752319335938e+00
3.243899106979370117e+00
3.258665084838867188e+00
3.218548297882080078e+00
3.609926700592041016e+00
3.744397640228271484e+00
3.708374738693237305e+00
3.405895471572875977e+00
3.366818666458129883e+00
3.180179357528686523e+00
3.023606777191162109e+00
2.722283601760864258e+00
2.770256042480468750e+00
2.807673454284667969e+00
3.030588865280151367e+00
1.928947448730468750e+00
2.134091615676879883e+00
3.402895331382751465e-01
3.250035941600799561e-01
5.146175622940063477e-01
7.906616330146789551e-01
8.865369558334350586e-01
1.098458528518676758e+00
1.134881615638732910e+00
1.507227540016174316e+00
1.631379246711730957e+00
2.384125232696533203e+00
2.662061214447021484e+00
2.782339334487915039e+00
2.791110038757324219e+00
3.128235101699829102e+00
3.127472877502441406e+00
3.193701028823852539e+00
3.556852340698242188e+00
3.671072721481323242e+00
3.665621519088745117e+00
3.368687868118286133e+00
3.300983428955078125e+00
3.141059875488281250e+00
2.920511722564697266e+00
2.642561435699462891e+00
2.648506402969360352e+00
2.641029596328735352e+00
2.839327335357666016e+00
1.770297408103942871e+00
1.966068029403686523e+00
1.321936100721359253e-01
3.335509896278381348e-01
5.578951835632324219e-01
7.397388815879821777e-01
6.250405311584472656e-01
1.131127715110778809e+00
1.249764800071716309e+00
1.539235711097717285e+00
2.168201208114624023e+00
2.430617332458496094e+00
2.625834465026855469e+00
2.570757150650024414e+00
2.796807765960693359e+00
2.771193742752075195e+00
2.750614404678344727e+00
3.132005453109741211e+00
3.353936195373535156e+00
3.340329885482788086e+00
3.023826122283935547e+00
3.033717155456542969e+00
2.860133409500122070e+00
2.768226623535156250e+00
2.479650497436523438e+00
2.513409376144409180e+00
2.613432884216308594e+00
2.776429891586303711e+00
1.716237187385559082e+00
1.868820905685424805e+00
3.087644279003143311e-01
3.190510272979736328e-01
5.280461311340332031e-01
7.035942077636718750e-01
7.967835068702697754e-01
1.093371272087097168e+00
1.305966973304748535e+00
1.952781438827514648e+00
2.229771375656127930e+00
2.392035007476806641e+00
2.341524362564086914e+00
2.645686149597167969e+00
2.660706520080566406e+00
2.727048397064208984e+00
3.083700418472290039e+00
3.183622598648071289e+00
3.180696964263916016e+00
2.882359743118286133e+00
2.834547758102416992e+00
2.685954332351684570e+00
2.542923927307128906e+00
2.274260520935058594e+00
2.266956806182861328e+00
2.287898063659667969e+00
2.475627422332763672e+00
1.424102902412414551e+00
1.607292413711547852e+00
3.473495543003082275e-01
3.699533343315124512e-01
3.115991652011871338e-01
7.165844440460205078e-01
7.510345578193664551e-01
1.072109222412109375e+00
1.719628930091857910e+00
1.967377185821533203e+00
2.162831068038940430e+00
2.145723104476928711e+00
2.396156311035156250e+00
2.332784414291381836e+00
2.428032398223876953e+00
2.770820617675781250e+00
3.021708726882934570e+00
3.049235105514526367e+00
2.733124732971191406e+00
2.758674621582031250e+00
2.626977443695068359e+00
2.568831205368041992e+00
2.323803424835205078e+00
2.303985118865966797e+00
2.391395092010498047e+00
2.504128217697143555e+00
1.555755972862243652e+00
1.660878300666809082e+00
1.322765052318572998e-01
3.203870952129364014e-01
2.140078842639923096e-01
4.899124205112457275e-01
7.446014285087585449e-01
1.318181514739990234e+00
1.591523766517639160e+00
1.758561015129089355e+00
1.718972444534301758e+00
2.082446098327636719e+00
2.089050531387329102e+00
2.317122936248779297e+00
2.615100145339965820e+00
2.677785873413085938e+00
2.724025726318359375e+00
2.436545848846435547e+00
2.334930181503295898e+00
2.252676010131835938e+00
2.048253536224365234e+00
1.846519947052001953e+00
1.736227631568908691e+00
1.702828764915466309e+00
1.817942261695861816e+00
8.083131909370422363e-01
1.011343479156494141e+00
1.322684288024902344e-01
3.725185692310333252e-01
3.038315773010253906e-01
5.662952661514282227e-01
1.259476423263549805e+00
1.484453082084655762e+00
1.661732077598571777e+00
1.696248769760131836e+00
2.039378166198730469e+00
1.959046840667724609e+00
2.248280048370361328e+00
2.524140596389770508e+00
2.720801115036010742e+00
2.798974990844726562e+00
2.501792430877685547e+00
2.504986047744750977e+00
2.436884403228759766e+00
2.336258649826049805e+00
2.177420139312744141e+00
2.101905822753906250e+00
2.091897964477539062e+00
2.177543878555297852e+00
1.269801616668701172e+00
1.445870995521545410e+00
3.298780322074890137e-01
3.210152685642242432e-01
7.092229723930358887e-01
1.114143490791320801e+00
1.365232348442077637e+00
1.587965965270996094e+00
1.550900340080261230e+00
1.773628711700439453e+00
1.701209545135498047e+00
1.906216979026794434e+00
2.201296806335449219e+00
2.444012641906738281e+00
2.507327318191528320e+00
2.197047472000122070e+00
2.243940830230712891e+00
2.156081199645996094e+00
2.089523792266845703e+00
1.951331734657287598e+00
1.897632360458374023e+00
2.037589311599731445e+00
2.063380718231201172e+00
1.263313889503479004e+00
1.312797307968139648e+00
1.326157003641128540e-01
3.226593434810638428e-01
7.833810448646545410e-01
1.018670201301574707e+00
1.186125159263610840e+00
1.208545923233032227e+00
1.652958512306213379e+00
1.616943836212158203e+00
2.050059556961059570e+00
2.276050329208374023e+00
2.313829421997070312e+00
2.446131467819213867e+00
2.178932428359985352e+00
2.135205984115600586e+00
2.102940320968627930e+00
1.980497002601623535e+00
1.838931202888488770e+00
1.733704209327697754e+00
1.606169223785400391e+00
1.732643485069274902e+00
8.170263171195983887e-01
1.083151698112487793e+00
3.030989766120910645e-01
7.066900730133056641e-01
9.078087210655212402e-01
1.112803578376770020e+00
1.166879296302795410e+00
1.504372119903564453e+00
1.386588215827941895e+00
1.836920142173767090e+00
2.052632808685302734e+00
2.222319841384887695e+00
2.377744913101196289e+00
2.098606109619140625e+00
2.084453344345092773e+00
2.112645864486694336e+00
2.011182546615600586e+00
1.971761345863342285e+00
1.868917465209960938e+00
1.905001521110534668e+00
1.879369735717773438e+00
1.169898152351379395e+00
1.302222013473510742e+00
3.367669880390167236e-01
4.368049800395965576e-01
6.140024065971374512e-01
7.611722350120544434e-01
1.255444169044494629e+00
1.061207771301269531e+00
1.725085735321044922e+00
1.945998072624206543e+00
1.917274594306945801e+00
2.205636262893676758e+00
1.967067360877990723e+00
1.889610290527343750e+00
1.955459475517272949e+00
1.813391923904418945e+00
1.823671698570251465e+00
1.667685031890869141e+00
1.658548116683959961e+00
1.588580012321472168e+00
1.088433504104614258e+00
1.199299931526184082e+00
1.321309357881546021e-01
2.993339300155639648e-01
3.570577204227447510e-01
9.639788866043090820e-01
9.411548972129821777e-01
1.523570775985717773e+00
1.747164607048034668e+00
1.582602381706237793e+00
1.866263151168823242e+00
1.650859236717224121e+00
1.538064479827880859e+00
1.679675459861755371e+00
1.544295549392700195e+00
1.672729134559631348e+00
1.410625100135803223e+00
1.349106073379516602e+00
1.130864143371582031e+00
1.077013850212097168e+00
1.135200262069702148e+00
1.325546503067016602e-01
3.426125347614288330e-01
9.012076854705810547e-01
4.143164157867431641e-01
1.385810017585754395e+00
1.456891536712646484e+00
1.487541556358337402e+00
1.845569014549255371e+00
1.740990757942199707e+00
1.565833687782287598e+00
1.800078511238098145e+00
1.682543873786926270e+00
1.861867070198059082e+00
1.637733936309814453e+00
1.671029090881347656e+00
1.433284759521484375e+00
1.437191009521484375e+00
1.412237167358398438e+00
3.098900914192199707e-01
1.153203248977661133e+00
9.519122242927551270e-01
1.776943922042846680e+00
1.959358334541320801e+00
1.496484160423278809e+00
1.933282613754272461e+00
1.913691759109497070e+00
1.513535618782043457e+00
1.887870311737060547e+00
1.718528747558593750e+00
1.929577589035034180e+00
1.522200345993041992e+00
1.467345237731933594e+00
1.165623784065246582e+00
1.448675990104675293e+00
1.347761631011962891e+00
3.247742652893066406e-01
3.272965252399444580e-01
9.347692131996154785e-01
1.126482844352722168e+00
8.424798250198364258e-01
1.204849004745483398e+00
1.125754117965698242e+00
9.309837818145751953e-01
1.229585289955139160e+00
1.249423146247863770e+00
1.454600214958190918e+00
1.285117387771606445e+00
1.355227470397949219e+00
1.087353944778442383e+00
1.301893711090087891e+00
1.121007680892944336e+00
1.310255825519561768e-01
4.855853319168090820e-01
6.273106932640075684e-01
3.887526988983154297e-01
6.666976213455200195e-01
7.265246510505676270e-01
7.334147095680236816e-01
9.919046759605407715e-01
1.148942351341247559e+00
1.339359998703002930e+00
1.395352602005004883e+00
1.710398674011230469e+00
1.428671956062316895e+00
1.748732686042785645e+00
1.447430014610290527e+00
6.379669904708862305e-01
8.148981332778930664e-01
9.270262718200683594e-01
1.154830694198608398e+00
1.058105349540710449e+00
1.044366002082824707e+00
1.285749673843383789e+00
1.431636571884155273e+00
1.621286273002624512e+00
1.668792128562927246e+00
1.953176617622375488e+00
1.673909902572631836e+00
1.941313862800598145e+00
1.687642574310302734e+00
1.320682018995285034e-01
9.598613977432250977e-01
1.145883083343505859e+00
7.234103679656982422e-01
1.144814729690551758e+00
1.262376308441162109e+00
1.574746966361999512e+00
1.413603186607360840e+00
1.869096875190734863e+00
2.339637517929077148e+00
2.136887550354003906e+00
2.181450366973876953e+00
1.855863451957702637e+00
7.561223506927490234e-01
9.464793205261230469e-01
4.176928699016571045e-01
1.080112338066101074e+00
1.173855543136596680e+00
1.588961720466613770e+00
1.545003771781921387e+00
1.966142058372497559e+00
2.427386045455932617e+00
2.175655126571655273e+00
2.441672325134277344e+00
2.106160879135131836e+00
1.313549131155014038e-01
3.240713775157928467e-01
2.850168645381927490e-01
4.966855049133300781e-01
8.205772042274475098e-01
1.081691980361938477e+00
1.249681949615478516e+00
1.685872554779052734e+00
1.268034934997558594e+00
2.029641151428222656e+00
1.579978823661804199e+00
1.311871856451034546e-01
3.390973806381225586e-01
3.134334683418273926e-01
5.731754302978515625e-01
9.124485254287719727e-01
1.213871598243713379e+00
1.709400177001953125e+00
1.435768246650695801e+00
2.020317077636718750e+00
1.603668332099914551e+00
3.340055644512176514e-01
3.413648903369903564e-01
7.225710749626159668e-01
7.350338101387023926e-01
1.149433851242065430e+00
1.672604084014892578e+00
1.473364233970642090e+00
1.820715785026550293e+00
1.469198584556579590e+00
1.305327862501144409e-01
2.940223813056945801e-01
5.079106092453002930e-01
7.058194279670715332e-01
1.208053708076477051e+00
9.524949789047241211e-01
1.562662243843078613e+00
1.114160895347595215e+00
3.536316156387329102e-01
3.181357085704803467e-01
7.274602651596069336e-01
1.266894459724426270e+00
1.210609316825866699e+00
1.493070244789123535e+00
1.149118065834045410e+00
1.304270178079605103e-01
3.350356221199035645e-01
7.777469754219055176e-01
8.471503853797912598e-01
1.190195441246032715e+00
7.760501503944396973e-01
3.634683787822723389e-01
8.861330151557922363e-01
1.021170020103454590e+00
1.011367440223693848e+00
7.236965298652648926e-01
3.161891102790832520e-01
3.192695975303649902e-01
8.715532422065734863e-01
3.318850398063659668e-01
2.853441536426544189e-01
7.365720272064208984e-01
3.164054751396179199e-01
1.022316455841064453e+00
4.687398076057434082e-01
1.327129453420639038e-01
